88.51600	39.07000
88.56547	39.38980
88.60484	39.71100
88.63403	40.03328
88.65295	40.35633
88.66145	40.67982
88.65952	41.00341
88.64718	41.32678
88.62435	41.64958
88.59103	41.97146
88.54731	42.29209
88.49316	42.61113
88.42863	42.92823
88.35390	43.24309
88.26892	43.55533
88.17388	43.86466
88.06894	44.17078
87.95413	44.47333
87.82969	44.77205
87.69579	45.06664
87.55254	45.35682
87.40019	45.64231
87.23896	45.92289
87.06905	46.19829
86.89060	46.46825
86.70400	46.73263
86.50885	46.99077
86.30534	47.24236
86.09360	47.48708
85.87395	47.72472
85.64664	47.95504
85.41192	48.17780
85.16999	48.39272
84.92119	48.59963
84.66577	48.79833
84.40398	48.98856
84.13612	49.17012
83.86250	49.34289
83.58339	49.50664
83.29905	49.66114
83.00983	49.80630
82.71603	49.94196
82.41795	50.06791
82.11589	50.18400
81.81020	50.29018
81.50121	50.38630
81.18922	50.47219
80.87457	50.54777
80.55760	50.61300
80.23775	50.66134
79.91655	50.70087
79.59496	50.73701
79.27264	50.76579
78.94954	50.78380
78.62598	50.78859
78.30245	50.78178
77.97930	50.76472
77.65685	50.73747
77.33542	50.70000
77.01535	50.65232
76.69697	50.59444
76.38062	50.52628
76.06666	50.44791
75.75542	50.35931
75.44727	50.26051
75.14258	50.15151
74.84174	50.03230
74.54512	49.90293
74.25313	49.76344
73.96615	49.61390
73.68460	49.45439
73.40889	49.28498
73.13945	49.10576
72.87466	48.91973
72.61411	48.72783
72.36179	48.52524
72.11793	48.31252
71.88271	48.09030
71.65623	47.85917
71.43856	47.61972
71.22973	47.37252
71.02969	47.11815
70.83846	46.85711
70.65589	46.58992
70.48193	46.31705
70.31650	46.03893
70.15948	45.75597
70.01076	45.46857
69.87026	45.17705
69.73788	44.88176
69.61354	44.58299
69.46281	44.34120
69.14417	44.39773
68.82552	44.45427
68.50688	44.51080
68.18824	44.56733
67.86960	44.62387
67.55096	44.68040
67.23232	44.73693
66.91368	44.79347
66.59504	44.85000
66.27640	44.90654
65.95776	44.96307
65.63911	45.01960
65.32047	45.07614
65.00183	45.13267
64.68319	45.18921
64.36455	45.24574
64.04591	45.30227
63.72727	45.35881
63.40863	45.41534
63.08998	45.47187
62.77135	45.52841
62.45270	45.58494
62.13406	45.64148
61.81542	45.69801
61.49678	45.75454
61.17814	45.81108
60.85950	45.86761
60.54086	45.92414
60.22222	45.98068
59.90357	46.03722
59.58493	46.09375
59.26629	46.15028
58.94765	46.20682
58.93032	46.51233
58.94080	46.83577
58.95195	47.15920
58.95874	47.48273
58.95545	47.80631
58.93676	48.12935
58.90834	48.45170
58.87580	48.77367
58.83624	49.09485
58.78964	49.41508
58.73599	49.73422
58.67531	50.05209
58.60759	50.36853
58.53287	50.68340
58.45112	50.99651
58.36245	51.30773
58.26676	51.61687
58.16428	51.92382
58.05481	52.22835
57.93863	52.53039
57.81561	52.82970
57.68595	53.12620
57.54964	53.41970
57.40675	53.71005
57.25743	53.99715
57.10162	54.28078
56.93958	54.56091
56.77122	54.83727
56.59679	55.10984
56.41628	55.37843
56.22984	55.64294
56.03759	55.90325
55.83959	56.15922
55.63603	56.41079
55.42691	56.65775
55.21250	56.90014
54.99275	57.13769
54.76796	57.37049
54.53809	57.59827
54.30343	57.82111
54.06396	58.03877
53.81996	58.25134
53.57288	58.46033
53.32360	58.66669
53.06984	58.86749
52.81167	59.06263
52.54924	59.25197
52.28265	59.43542
52.01202	59.61285
51.73748	59.78418
51.45918	59.94932
51.17723	60.10817
50.89181	60.26065
50.60303	60.40670
50.31105	60.54624
50.01601	60.67920
49.71807	60.80552
49.41739	60.92515
49.11412	61.03804
48.80839	61.14415
48.50039	61.24343
48.19027	61.33588
47.87817	61.42144
47.56427	61.50012
47.24872	61.57189
46.93167	61.63674
46.61330	61.69466
46.29372	61.74567
45.97314	61.78976
45.65167	61.82696
45.32949	61.85727
45.00673	61.88071
44.68354	61.89730
44.36008	61.90709
44.03649	61.91013
43.71288	61.90891
43.38938	61.90090
43.06660	61.87822
42.74636	61.83237
42.42548	61.79055
42.10595	61.73936
41.78767	61.68083
41.47046	61.61684
41.15396	61.54926
40.83781	61.48013
40.67094	61.68113
40.56110	61.98554
40.45126	62.28994
40.34142	62.59435
40.23158	62.89876
40.12174	63.20317
40.01190	63.50757
39.90206	63.81198
39.79222	64.11639
39.68238	64.42079
39.57254	64.72520
39.46270	65.02961
39.35286	65.33401
39.24302	65.63842
39.13318	65.94283
39.02334	66.24724
38.91350	66.55164
38.80367	66.85605
38.69382	67.16045
38.58398	67.46486
38.47415	67.76926
38.36430	68.07368
38.25447	68.37808
38.14463	68.68249
38.03479	68.98689
37.92495	69.29130
37.81511	69.59571
37.70527	69.90012
37.59543	70.20452
37.48559	70.50893
37.37575	70.81333
37.26591	71.11774
37.15607	71.42215
37.39275	71.60498
37.66330	71.78252
37.92788	71.96885
38.18618	72.16377
38.43794	72.36708
38.68288	72.57856
38.92076	72.79796
39.15132	73.02502
39.37433	73.25951
39.58957	73.50114
39.79683	73.74967
39.99590	74.00480
40.18660	74.26624
40.36875	74.53370
40.54216	74.80692
40.70668	75.08557
40.86215	75.36939
41.00842	75.65805
41.14534	75.95126
41.27280	76.24870
41.39062	76.55009
41.49873	76.85510
41.59701	77.16342
41.68535	77.47473
41.76366	77.78872
41.83184	78.10505
41.88982	78.42342
41.93753	78.74348
41.97491	79.06492
42.00190	79.38740
42.01847	79.71058
42.02458	80.03412
42.02023	80.35769
42.00541	80.68095
41.98013	81.00356
41.94444	81.32519
41.89837	81.64549
41.84198	81.96414
41.77536	82.28082
41.69855	82.59518
41.61173	82.90691
41.51503	83.21572
41.40884	83.52142
41.29407	83.82397
41.16924	84.12254
41.03435	84.41669
40.88962	84.70612
40.73516	84.99048
40.57114	85.26942
40.39777	85.54266
40.21523	85.80988
40.02377	86.07076
39.82365	86.32506
39.61511	86.57249
39.39840	86.81282
39.17381	87.04579
38.94161	87.27119
38.70212	87.48882
38.45562	87.69847
38.20240	87.89996
37.94277	88.09312
37.67702	88.27778
37.40545	88.45377
37.12838	88.62095
36.84611	88.77918
36.55893	88.92833
36.26715	89.06827
35.97107	89.19889
35.67101	89.32005
35.36726	89.43164
35.06012	89.53354
34.74990	89.62564
34.43692	89.70787
34.12148	89.78012
33.80391	89.84229
33.48452	89.89429
33.16362	89.93606
32.84155	89.96748
32.51863	89.98849
32.19519	89.99905
31.87159	89.99941
31.54810	89.99081
31.22499	89.97287
30.90261	89.94482
30.58134	89.90598
30.26167	89.85575
29.94410	89.79362
29.62918	89.71918
29.31750	89.63219
29.00964	89.53252
28.70617	89.42017
28.40301	89.30705
28.10257	89.18680
27.80609	89.05712
27.51390	88.91804
27.22634	88.76962
26.94381	88.61185
26.66658	88.44493
26.39498	88.26900
26.12937	88.08416
25.87001	87.89065
25.61715	87.68868
25.37114	87.47845
25.13216	87.26027
24.90041	87.03442
24.67615	86.80114
24.45948	86.56077
24.25054	86.31366
24.04954	86.06004
23.85650	85.80032
23.67150	85.53483
23.49459	85.26386
23.32585	84.98773
23.16523	84.70679
23.01275	84.42137
22.87451	84.12890
22.75030	83.83009
22.63536	83.52758
22.52995	83.22163
22.43419	82.91251
22.34824	82.60053
22.27225	82.28599
22.20636	81.96915
22.15075	81.65038
22.10543	81.32996
22.07047	81.00826
22.04603	80.68557
22.03207	80.36227
22.02858	80.03870
22.03567	79.71516
22.05324	79.39204
22.08124	79.06965
22.11969	78.74834
22.16847	78.42844
22.22745	78.11026
22.29660	77.79413
22.37579	77.48037
22.46481	77.16925
22.56355	76.86108
22.67167	76.55608
22.78856	76.25433
22.91508	75.95647
23.05112	75.66286
23.19657	75.37378
23.35131	75.08958
23.51522	74.81057
23.68815	74.53705
23.86995	74.26933
24.06041	74.00771
24.25933	73.75248
24.46649	73.50388
24.68169	73.26220
24.90467	73.02767
25.13519	72.80057
25.37300	72.58112
25.61785	72.36951
25.86945	72.16599
26.12752	71.97078
26.39180	71.78401
26.66197	71.60593
26.93779	71.43665
27.21893	71.27641
27.50508	71.12531
27.79598	70.98353
28.09128	70.85123
28.39074	70.72852
28.69397	70.61556
29.00070	70.51243
29.31061	70.41926
29.62335	70.33616
29.93863	70.26321
30.25609	70.20050
30.57543	70.14812
30.89630	70.10610
31.21834	70.07453
31.54127	70.05344
31.86469	70.04285
32.18829	70.04279
32.51173	70.05324
32.83465	70.07418
33.15673	70.10561
33.47760	70.14743
33.67739	69.99384
33.78799	69.68971
33.89859	69.38557
34.00920	69.08144
34.11980	68.77732
34.23041	68.47318
34.34101	68.16907
34.45161	67.86493
34.56222	67.56079
34.67282	67.25667
34.78343	66.95254
34.89403	66.64841
35.00463	66.34428
35.11524	66.04015
35.22584	65.73602
35.33645	65.43188
35.44705	65.12776
35.55766	64.82363
35.66826	64.51951
35.77886	64.21537
35.88947	63.91124
36.00007	63.60711
36.11068	63.30298
36.22128	62.99886
36.33188	62.69472
36.44249	62.39059
36.55309	62.08646
36.66370	61.78233
36.77430	61.47821
36.88490	61.17407
36.99551	60.86993
37.10611	60.56581
37.21672	60.26168
36.94100	60.10540
36.65850	59.94753
36.37920	59.78410
36.10312	59.61526
35.83053	59.44085
35.56149	59.26103
35.29622	59.07566
35.03481	58.88490
34.77748	58.68869
34.52427	58.48716
34.27543	58.28027
34.03097	58.06822
33.79117	57.85095
33.55596	57.62868
33.32559	57.40139
33.10009	57.16930
32.87952	56.93250
32.66407	56.69104
32.45461	56.44436
32.25148	56.19245
32.05384	55.93620
31.86185	55.67569
31.67570	55.41098
31.49541	55.14226
31.32106	54.86964
31.15280	54.59320
30.99074	54.31308
30.83493	54.02946
30.68543	53.74246
30.54233	53.45221
30.40574	53.15883
30.27571	52.86248
30.15229	52.56334
30.03552	52.26154
29.92545	51.95723
29.82213	51.65055
29.72561	51.34168
29.63596	51.03073
29.55317	50.71788
29.47727	50.40330
29.40828	50.08714
29.34622	49.76954
29.29110	49.45066
29.24294	49.13063
29.20176	48.80967
29.16755	48.48787
29.14035	48.16542
29.12013	47.84242
29.10687	47.51908
29.10059	47.19555
29.10126	46.87193
29.10887	46.54842
29.12342	46.22513
29.14489	45.90223
29.17325	45.57986
29.20849	45.25817
29.25061	44.93732
29.29958	44.61744
29.35537	44.29868
29.41793	43.98116
29.48724	43.66505
29.56326	43.35051
29.64596	43.03765
29.73531	42.72662
29.83126	42.41756
29.93377	42.11061
30.04284	41.80595
30.15840	41.50366
30.28036	41.20393
30.40870	40.90683
30.54334	40.61258
30.68423	40.32124
30.83132	40.03299
30.98459	39.74799
31.14393	39.46631
31.30923	39.18813
31.48046	38.91352
31.65751	38.64264
31.84036	38.37564
32.02890	38.11262
32.22301	37.85369
32.42260	37.59896
32.62759	37.34855
32.83792	37.10262
33.05343	36.86120
32.91733	36.61532
32.70860	36.36801
32.49988	36.12071
32.29115	35.87339
32.08242	35.62608
31.87370	35.37878
31.66496	35.13147
31.45624	34.88417
31.24751	34.63685
31.03878	34.38954
30.83006	34.14224
30.62133	33.89492
30.41261	33.64762
30.20388	33.40031
29.99515	33.15300
29.78643	32.90570
29.57770	32.65838
29.36898	32.41108
29.16025	32.16377
28.95152	31.91647
28.74279	31.66915
28.53406	31.42184
28.32534	31.17454
28.11661	30.92723
27.90789	30.67992
27.69916	30.43261
27.49043	30.18530
27.28171	29.93800
27.07298	29.69068
26.86426	29.44338
26.65553	29.19607
26.44679	28.94876
26.23807	28.70145
25.97465	28.74487
25.68783	28.89473
25.39795	29.03858
25.10488	29.17579
24.80849	29.30571
24.50873	29.42766
24.20561	29.54093
23.89912	29.64482
23.58942	29.73858
23.27662	29.82155
22.96103	29.89304
22.64292	29.95242
22.32271	29.99910
22.00086	30.03262
21.67788	30.05262
21.35434	30.05877
21.03207	30.03205
20.71101	29.99174
20.38827	29.97005
20.06680	29.93295
19.74668	29.88568
19.42820	29.82822
19.11175	29.76056
18.79765	29.68274
18.48624	29.59477
18.17785	29.49673
17.87281	29.38868
17.57146	29.27073
17.27415	29.14299
16.98115	29.00562
16.69281	28.85874
16.40940	28.70253
16.13122	28.53718
15.85857	28.36289
15.59167	28.17988
15.33084	27.98836
15.07627	27.78858
14.82821	27.58078
14.58685	27.36521
14.35241	27.14215
14.12507	26.91186
13.90499	26.67460
13.69233	26.43071
13.48732	26.18032
13.29060	25.92337
13.10240	25.66012
12.92291	25.39085
12.75235	25.11587
12.59085	24.83544
12.43861	24.54987
12.29579	24.25950
12.16253	23.96460
12.03896	23.66553
11.92522	23.36257
11.82141	23.05609
11.72763	22.74636
11.64400	22.43374
11.57058	22.11859
11.50747	21.80119
11.45472	21.48193
11.41237	21.16111
11.38052	20.83907
11.35915	20.51617
11.34831	20.19275
11.34800	19.86915
11.35824	19.54571
11.37899	19.22278
11.41724	18.90146
11.46606	18.58156
11.52396	18.26318
11.59090	17.94657
11.66691	17.63202
11.75196	17.31980
11.84607	17.01016
11.94921	16.70345
12.06139	16.39990
12.18256	16.09985
12.31271	15.80356
12.45181	15.51137
12.59979	15.22360
12.75664	14.94054
12.92224	14.66253
13.09657	14.38988
13.27948	14.12294
13.47089	13.86202
13.67068	13.60744
13.87868	13.35955
14.09475	13.11866
14.31870	12.88506
14.55032	12.65908
14.78940	12.44098
15.03719	12.23290
15.29303	12.03475
15.55493	11.84469
15.82269	11.66295
16.09605	11.48976
16.37475	11.32532
16.65855	11.16980
16.94714	11.02342
17.24027	10.88632
17.53762	10.75867
17.83892	10.64059
18.14384	10.53222
18.45207	10.43369
18.76332	10.34508
19.07722	10.26649
19.39350	10.19801
19.71181	10.13969
20.03182	10.09160
20.35321	10.05381
20.67564	10.02633
20.99880	10.00920
21.32233	10.00245
21.64591	10.00609
21.96920	10.02012
22.29187	10.04453
22.61362	10.07933
22.93403	10.12449
23.25285	10.17998
23.56971	10.24575
23.88425	10.32176
24.19617	10.40797
24.50510	10.50428
24.81073	10.61063
25.11273	10.72691
25.41072	10.85304
25.70445	10.98888
25.99352	11.13430
26.27766	11.28918
26.55655	11.45333
26.82984	11.62660
27.09730	11.80878
27.35858	11.99967
27.61348	12.19906
27.86166	12.40671
28.10293	12.62239
28.33703	12.84581
28.56375	13.07669
28.78293	13.31479
28.99433	13.55977
29.20105	13.80876
29.40063	14.06350
29.59200	14.32444
29.77489	14.59141
29.94903	14.86415
30.11419	15.14244
30.27010	15.42602
30.41656	15.71456
30.55339	16.00783
30.68035	16.30547
30.79732	16.60720
30.90416	16.91265
31.00072	17.22152
31.08694	17.53343
31.16273	17.84802
31.22804	18.16496
31.28286	18.48389
31.32718	18.80445
31.36102	19.12628
31.38443	19.44902
31.39749	19.77237
31.40027	20.09596
31.39290	20.41948
31.37548	20.74262
31.34932	21.06516
31.31106	21.38650
31.25874	21.70582
31.19266	22.02259
31.11322	22.33627
31.02091	22.64643
30.91630	22.95265
30.80001	23.25463
30.67270	23.55214
30.53504	23.84498
30.38769	24.13311
30.23138	24.41645
30.06675	24.69505
29.89445	24.96897
29.71509	25.23832
29.52925	25.50326
29.33749	25.76394
29.14034	26.02056
29.13527	26.27165
29.34289	26.51987
29.55052	26.76811
29.75814	27.01634
29.96577	27.26458
30.17340	27.51281
30.38102	27.76104
30.58865	28.00928
30.79627	28.25750
31.00390	28.50574
31.21153	28.75398
31.41915	29.00221
31.62678	29.25044
31.83440	29.49867
32.04203	29.74691
32.24966	29.99515
32.45728	30.24337
32.66491	30.49161
32.87252	30.73984
33.08015	30.98808
33.28778	31.23630
33.49541	31.48454
33.70303	31.73278
33.91066	31.98100
34.11829	32.22924
34.32590	32.47747
34.53354	32.72571
34.74117	32.97395
34.94878	33.22217
35.15641	33.47041
35.36403	33.71864
35.57166	33.96687
35.77929	34.21511
35.99986	34.38013
36.27519	34.21008
36.55407	34.04593
36.83640	33.88775
37.12209	33.73573
37.41095	33.58985
37.70285	33.45018
37.99772	33.31677
38.29532	33.18973
38.59562	33.06916
38.89845	32.95501
39.20366	32.84738
39.51106	32.74631
39.82057	32.65183
40.13204	32.56398
40.44530	32.48285
40.76022	32.40845
41.07671	32.34078
41.39453	32.27988
41.71357	32.22578
42.03370	32.17849
42.35479	32.13805
42.67664	32.10445
42.99915	32.07772
43.32218	32.05792
43.64552	32.04502
43.96907	32.03902
44.29267	32.03993
44.61620	32.04775
44.93945	32.06248
45.26233	32.08414
45.58470	32.11270
45.90636	32.14817
46.22717	32.19053
46.54704	32.23980
46.86572	32.29596
47.18314	32.35899
47.49908	32.42886
47.81349	32.50557
48.12614	32.58907
48.43690	32.67935
48.74565	32.77638
49.05216	32.88011
49.35635	32.99052
49.65805	33.10756
49.95711	33.23122
50.25335	33.36143
50.54667	33.49815
50.83691	33.64130
51.12389	33.79080
51.40751	33.94661
51.68766	34.10869
51.96409	34.27692
52.23669	34.45126
52.50537	34.63161
52.77003	34.81787
53.03047	35.00994
53.28660	35.20773
53.53825	35.41119
53.78535	35.62015
54.02779	35.83448
54.26547	36.05412
54.49823	36.27897
54.72601	36.50882
54.94876	36.74354
55.16629	36.98316
55.37862	37.22736
55.58682	37.47510
55.79037	37.72671
55.98815	37.98283
56.18009	38.24336
56.36623	38.50806
56.54652	38.77681
56.72094	39.04938
56.88949	39.32563
57.05211	39.60542
57.20883	39.88856
57.35951	40.17494
57.50424	40.46435
57.64286	40.75681
57.77546	41.05199
57.90180	41.34992
58.02204	41.65037
58.13589	41.95330
58.24348	42.25848
58.37198	42.52058
58.69054	42.46366
59.00910	42.40675
59.32767	42.34983
59.64626	42.29290
59.96482	42.23598
60.28339	42.17907
60.60198	42.12214
60.92055	42.06523
61.23911	42.00831
61.55767	41.95139
61.87627	41.89447
62.19483	41.83755
62.51339	41.78063
62.83199	41.72371
63.15055	41.66679
63.46912	41.60987
63.78771	41.55295
64.10627	41.49603
64.42484	41.43911
64.74340	41.38219
65.06199	41.32527
65.38055	41.26835
65.69912	41.21144
66.01772	41.15451
66.33627	41.09760
66.65484	41.04068
66.97340	40.98376
67.29200	40.92683
67.61056	40.86992
67.92912	40.81300
68.24772	40.75608
68.56628	40.69916
68.84988	40.61180
68.86502	40.28852
68.88605	39.96561
68.91355	39.64315
68.94816	39.32141
68.99049	39.00056
69.04124	38.68098
69.10101	38.36294
69.17044	38.04687
69.25008	37.73322
69.34048	37.42252
69.44214	37.11531
69.55537	36.81215
69.68044	36.51371
69.81751	36.22058
69.96662	35.93336
70.12761	35.65269
70.30029	35.37902
70.48431	35.11284
70.66833	34.84667
70.86037	34.58621
71.06119	34.33249
71.27069	34.08585
71.48859	33.84658
71.71458	33.61500
71.94848	33.39132
72.18996	33.17595
72.43874	32.96901
72.69447	32.77075
72.95687	32.58136
73.22561	32.40108
73.50029	32.23000
73.78058	32.06825
74.06614	31.91607
74.35662	31.77343
74.65163	31.64042
74.95084	31.51720
75.25391	31.40376
75.56043	31.30010
75.87015	31.20624
76.18268	31.12227
76.49766	31.04813
76.81481	30.98376
77.13280	30.92377
77.45194	30.87023
77.77277	30.82819
78.09496	30.79758
78.41797	30.77846
78.74146	30.77082
79.06507	30.77454
79.38832	30.78962
79.71081	30.81600
80.03226	30.85353
80.35218	30.90215
80.67023	30.96179
80.98605	31.03223
81.29935	31.11341
81.60962	31.20521
81.91666	31.30742
82.22012	31.41989
82.51956	31.54251
82.81477	31.67508
83.10538	31.81738
83.39115	31.96925
83.67171	32.13051
83.94675	32.30094
84.21610	32.48034
84.48055	32.66689
84.74130	32.85847
84.99569	33.05852
85.24339	33.26678
85.48416	33.48296
85.71780	33.70685
85.94402	33.93826
86.16260	34.17689
86.37331	34.42247
86.57596	34.67478
86.77027	34.93354
86.95611	35.19847
87.13325	35.46925
87.30143	35.74573
87.46056	36.02752
87.61044	36.31430
87.75085	36.60587
87.88165	36.90187
88.00269	37.20194
88.11385	37.50589
88.21492	37.81328
88.30581	38.12386
88.38643	38.43725
88.45667	38.75316
Ari Nofiana
https://thenounproject.com/icon/atom-8320851/
