37.80000	50.00000
37.83247	50.10775
37.86536	50.21536
37.89884	50.32280
37.93264	50.43013
37.96700	50.53729
38.00181	50.64430
38.03712	50.75115
38.07290	50.85784
38.10915	50.96437
38.14587	51.07074
38.18315	51.17692
38.22079	51.28297
38.25889	51.38885
38.29758	51.49453
38.33669	51.60004
38.37618	51.70542
38.41621	51.81059
38.45676	51.91556
38.49769	52.02038
38.53922	52.12497
38.58106	52.22943
38.62344	52.33368
38.66631	52.43773
38.70961	52.54159
38.75346	52.64523
38.79764	52.74872
38.84238	52.85198
38.88763	52.95501
38.93320	53.05790
38.97934	53.16054
39.02589	53.26299
39.07298	53.36520
39.12048	53.46721
39.16841	53.56902
39.21676	53.67064
39.26567	53.77198
39.31496	53.87315
39.36481	53.97403
39.41501	54.07475
39.46566	54.17524
39.51686	54.27544
39.56848	54.37544
39.62051	54.47522
39.67297	54.57477
39.72592	54.67406
39.77936	54.77310
39.83321	54.87191
39.88748	54.97049
39.94216	55.06884
39.99738	55.16690
40.05303	55.26470
40.10910	55.36227
40.16558	55.45960
40.22247	55.55669
40.27991	55.65346
40.33776	55.74998
40.39602	55.84626
40.45468	55.94229
40.51377	56.03805
40.57339	56.13350
40.63340	56.22869
40.69381	56.32363
40.75463	56.41831
40.81589	56.51270
40.87764	56.60678
40.93979	56.70059
41.00234	56.79414
41.06528	56.88742
41.12867	56.98040
41.19253	57.07305
41.25679	57.16543
41.32143	57.25754
41.38647	57.34938
41.45195	57.44089
41.51789	57.53208
41.58422	57.62299
41.65094	57.71361
41.71803	57.80395
41.78557	57.89396
41.85355	57.98363
41.92192	58.07302
41.99066	58.16211
42.05978	58.25091
42.12934	58.33937
42.19933	58.42748
42.26970	58.51530
42.34044	58.60281
42.41156	58.69003
42.48309	58.77690
42.55505	58.86341
42.62739	58.94961
42.70009	59.03550
42.77316	59.12109
42.84662	59.20633
42.92052	59.29119
42.99479	59.37573
43.06942	59.45996
43.14440	59.54387
43.21975	59.62745
43.29556	59.71062
43.37172	59.79346
43.44822	59.87598
43.52508	59.95818
43.60229	60.04004
43.67995	60.12148
43.75796	60.20258
43.83631	60.28336
43.91500	60.36379
43.99404	60.44390
44.07350	60.52358
44.15332	60.60291
44.23347	60.68189
44.31396	60.76053
44.39478	60.83883
44.47600	60.91673
44.55759	60.99423
44.63950	61.07138
44.72174	61.14819
44.80431	61.22466
44.88724	61.30072
44.97055	61.37637
45.05418	61.45166
45.13813	61.52659
45.22240	61.60117
45.30700	61.67537
45.39200	61.74912
45.47731	61.82251
45.56293	61.89553
45.64885	61.96819
45.73509	62.04049
45.82171	62.11232
45.90865	62.18377
45.99589	62.25485
46.08344	62.32556
46.17127	62.39589
46.25946	62.46579
46.34799	62.53526
46.43681	62.60436
46.52592	62.67308
46.61533	62.74142
46.70504	62.80935
46.79510	62.87682
46.88546	62.94390
46.97609	63.01059
47.06701	63.07690
47.15820	63.14283
47.24976	63.20826
47.34159	63.27329
47.43371	63.33794
47.52609	63.40219
47.61875	63.46605
47.71173	63.52943
47.80500	63.59238
47.89855	63.65494
47.99235	63.71710
48.08642	63.77886
48.18077	63.84018
48.27544	63.90102
48.37037	63.96145
48.46555	64.02148
48.56099	64.08112
48.65667	64.14034
48.75268	64.19904
48.84894	64.25732
48.94545	64.31519
49.04219	64.37266
49.13919	64.42972
49.23647	64.48628
49.33402	64.54239
49.43180	64.59808
49.52982	64.65336
49.62807	64.70822
49.72658	64.76263
49.82536	64.81653
49.92437	64.87001
50.02361	64.92307
50.12307	64.97571
50.22275	65.02792
50.32272	65.07958
50.42291	65.13082
50.52332	65.18164
50.62393	65.23203
50.72477	65.28198
50.82586	65.33142
50.92717	65.38039
51.02869	65.42893
51.13042	65.47705
51.23235	65.52473
51.33451	65.57192
51.43690	65.61860
51.53949	65.66484
51.64228	65.71066
51.74525	65.75603
51.84844	65.80093
51.95185	65.84530
52.05545	65.88922
52.15924	65.93270
52.26322	65.97575
52.36738	66.01834
52.47176	66.06038
52.57634	66.10195
52.68108	66.14308
52.78600	66.18377
52.89109	66.22401
52.99638	66.26371
53.10186	66.30293
53.20750	66.34168
53.31331	66.38000
53.41928	66.41786
53.52543	66.45522
53.63177	66.49203
53.73826	66.52840
53.84490	66.56432
53.95170	66.59978
54.05866	66.63476
54.16580	66.66917
54.27308	66.70313
54.38051	66.73663
54.48808	66.76967
54.59580	66.80224
54.70369	66.83422
54.81171	66.86575
54.91987	66.89681
55.02816	66.92742
55.13657	66.95757
55.24516	66.98711
55.35387	67.01619
55.46270	67.04480
55.57165	67.07296
55.68073	67.10065
55.78994	67.12775
55.89928	67.15436
56.00874	67.18050
56.11829	67.20619
56.22796	67.23141
56.33776	67.25605
56.44767	67.28018
56.55769	67.30385
56.66780	67.32704
56.77802	67.34977
56.88834	67.37193
56.99878	67.39356
57.10929	67.41473
57.21991	67.43543
57.33060	67.45567
57.44140	67.47533
57.55230	67.49446
57.66327	67.51312
57.77431	67.53132
57.88544	67.54904
57.99666	67.56618
58.10796	67.58281
58.21933	67.59896
58.33076	67.61464
58.44226	67.62984
58.55383	67.64446
58.66548	67.65857
58.77717	67.67229
58.88894	67.68536
59.00076	67.69804
59.11264	67.71010
59.22457	67.72167
59.33655	67.73278
59.44858	67.74341
59.56065	67.75356
59.67278	67.76308
59.78494	67.77222
59.89714	67.78078
60.00939	67.78879
60.12166	67.79638
60.23398	67.80336
60.34632	67.80988
60.45869	67.81591
60.57108	67.82150
60.68350	67.82651
60.79594	67.83093
60.90840	67.83501
61.02088	67.83842
61.13337	67.84145
61.24587	67.84389
61.35839	67.84580
61.47091	67.84725
61.58344	67.84823
61.69596	67.84872
61.80849	67.84857
61.92102	67.84796
62.03355	67.84689
62.14607	67.84534
62.25858	67.84323
62.37108	67.84057
62.48357	67.83753
62.59604	67.83383
62.70850	67.82977
62.82093	67.82507
62.93334	67.81989
63.04573	67.81424
63.15810	67.80814
63.27043	67.80148
63.38273	67.79425
63.49500	67.78657
63.60723	67.77842
63.71944	67.76981
63.83158	67.76056
63.94370	67.75093
64.05576	67.74066
64.16779	67.73003
64.27976	67.71882
64.39169	67.70716
64.50356	67.69497
64.61536	67.68224
64.72712	67.66908
64.83881	67.65538
64.95044	67.64111
65.06202	67.62650
65.17352	67.61134
65.28495	67.59563
65.39632	67.57948
65.50759	67.56272
65.61882	67.54563
65.72995	67.52796
65.84101	67.50983
65.89671	67.44736
65.88857	67.33513
65.87878	67.22302
65.86729	67.11108
65.85401	66.99934
65.83888	66.88783
65.82186	66.77660
65.80288	66.66568
65.78190	66.55513
65.75884	66.44498
65.73371	66.33530
65.70645	66.22612
65.67699	66.11752
65.64536	66.00952
65.61156	65.90219
65.57556	65.79557
65.53735	65.68973
65.49699	65.58469
65.45450	65.48049
65.40990	65.37718
65.36326	65.27477
65.31463	65.17329
65.26404	65.07277
65.21161	64.97321
65.15738	64.87460
65.10142	64.77698
65.04385	64.68028
64.98473	64.58453
64.92413	64.48972
64.86211	64.39581
64.79884	64.30276
64.73431	64.21057
64.66870	64.11916
64.60194	64.02856
64.53429	63.93865
64.46559	63.84951
64.39615	63.76096
64.32582	63.67311
64.25484	63.58580
64.18312	63.49908
64.11082	63.41285
64.03390	63.33075
63.95509	63.25043
63.87503	63.17135
63.79374	63.09353
63.71122	63.01703
63.62748	62.94186
63.54254	62.86805
63.45642	62.79562
63.36912	62.72461
63.28065	62.65507
63.19103	62.58702
63.10022	62.52057
63.00825	62.45572
62.91515	62.39251
62.82093	62.33099
62.72557	62.27125
62.62906	62.21337
62.53146	62.15736
62.43278	62.10330
62.33294	62.05137
62.23205	62.00155
62.13008	61.95395
62.02705	61.90873
61.92299	61.86589
61.81787	61.82572
61.71180	61.78817
61.60473	61.75356
61.49675	61.72185
61.38789	61.69337
61.27821	61.66823
61.16777	61.64666
61.05667	61.62885
60.94500	61.61502
60.83288	61.60541
60.72047	61.60031
60.60796	61.59993
60.49553	61.60458
60.38345	61.61451
60.27200	61.62998
60.16151	61.65125
60.05236	61.67853
59.94493	61.71198
59.83968	61.75174
59.73705	61.79786
59.63750	61.85029
59.54147	61.90892
59.44937	61.97354
59.36155	62.04387
59.27830	62.11956
59.19983	62.20019
59.12929	62.28784
59.06408	62.37953
59.00425	62.47482
58.94985	62.57331
58.90100	62.67467
58.85789	62.77860
58.82070	62.88479
58.78972	62.99295
58.76537	63.10280
58.74812	63.21398
58.73859	63.32608
58.73754	63.43857
58.74590	63.55075
58.76470	63.66166
58.79510	63.76994
58.83810	63.87385
58.89444	63.97116
58.96413	64.05937
59.04626	64.13615
59.13890	64.19984
59.23964	64.24980
59.34595	64.28646
59.45642	64.30652
59.56882	64.31097
59.68115	64.30491
59.79258	64.28945
59.90258	64.26581
60.01081	64.23507
60.11712	64.19821
60.22146	64.15611
60.32387	64.10949
60.42441	64.05894
60.52318	64.00505
60.62029	63.94818
60.71582	63.88873
60.80993	63.82703
60.90271	63.76336
60.99429	63.69796
61.08475	63.63103
61.17421	63.56277
61.26277	63.49334
61.35052	63.42289
61.43765	63.35167
61.52224	63.27762
61.60060	63.19686
61.67780	63.11498
61.75405	63.03222
61.82943	62.94868
61.90415	62.86454
61.97812	62.77972
62.05156	62.69447
62.12433	62.60863
62.19651	62.52229
62.26810	62.43547
62.33912	62.34819
62.40958	62.26044
62.47949	62.17226
62.54884	62.08363
62.61759	61.99455
62.68579	61.90504
62.75342	61.81510
62.82043	61.72470
62.88689	61.63388
62.95269	61.54260
63.01791	61.45089
63.08247	61.35872
63.14639	61.26611
63.20964	61.17303
63.27219	61.07950
63.33405	60.98549
63.39516	60.89100
63.45553	60.79603
63.51510	60.70057
63.57387	60.60459
63.63179	60.50812
63.68883	60.41111
63.74498	60.31359
63.80014	60.21552
63.85436	60.11691
63.90748	60.01770
63.95958	59.91796
64.01046	59.81759
64.06024	59.71666
64.10870	59.61510
64.15582	59.51291
64.20155	59.41009
64.24577	59.30662
64.28844	59.20249
64.32942	59.09769
64.36862	58.99221
64.40594	58.88605
64.44125	58.77920
64.47439	58.67166
64.50521	58.56343
64.53355	58.45454
64.55926	58.34498
64.58207	58.23479
64.60181	58.12401
64.61826	58.01269
64.63108	57.90090
64.64011	57.78874
64.64494	57.67632
64.64532	57.56380
64.64094	57.45137
64.63141	57.33925
64.61645	57.22773
64.59579	57.11713
64.56909	57.00782
64.53618	56.90023
64.49689	56.79480
64.45116	56.69201
64.39907	56.59227
64.34074	56.49606
64.27641	56.40376
64.20644	56.31564
64.13122	56.23197
64.05107	56.15301
63.96606	56.07931
63.87647	56.01125
63.78278	55.94895
63.68550	55.89243
63.58503	55.84178
63.48191	55.79676
63.37653	55.75733
63.26931	55.72320
63.16061	55.69414
63.05072	55.66996
62.93992	55.65034
62.82845	55.63502
62.71648	55.62376
62.60421	55.61631
62.49174	55.61245
62.37922	55.61194
62.26672	55.61460
62.15434	55.62025
62.04213	55.62871
61.93015	55.63980
61.81844	55.65341
61.70706	55.66938
61.59602	55.68760
61.48534	55.70795
61.37506	55.73034
61.26518	55.75464
61.15574	55.78082
61.04673	55.80874
60.93817	55.83835
60.83006	55.86961
60.72242	55.90241
60.61525	55.93672
60.50854	55.97247
60.40236	56.00969
60.29661	56.04818
60.19137	56.08802
60.08662	56.12914
59.98236	56.17146
59.87860	56.21505
59.77533	56.25975
59.67260	56.30566
59.57034	56.35262
59.46863	56.40079
59.36740	56.44992
59.26674	56.50023
59.16655	56.55147
59.06696	56.60385
58.96784	56.65713
58.86932	56.71152
58.77131	56.76679
58.67390	56.82315
58.57701	56.88037
58.48075	56.93866
58.38501	56.99780
58.28993	57.05799
58.19539	57.11903
58.10153	57.18110
58.00824	57.24404
57.91566	57.30800
57.82367	57.37282
57.73242	57.43866
57.64180	57.50537
57.55195	57.57312
57.46275	57.64174
57.37439	57.71142
57.28673	57.78197
57.19993	57.85359
57.11390	57.92614
57.02877	57.99972
56.94451	58.07430
56.86115	58.14990
56.77879	58.22658
56.69736	58.30424
56.61703	58.38305
56.53521	58.46029
56.45283	58.53695
56.37045	58.61361
56.28818	58.69039
56.20607	58.76735
56.12415	58.84450
56.04236	58.92178
55.96077	58.99928
55.87943	59.07705
55.79833	59.15506
55.71750	59.23336
55.63696	59.31194
55.55670	59.39083
55.47679	59.47005
55.39721	59.54961
55.31799	59.62954
55.23916	59.70985
55.16075	59.79055
55.08276	59.87168
55.00517	59.95319
54.92814	60.03522
54.85163	60.11774
54.77567	60.20077
54.70030	60.28434
54.62557	60.36846
54.55150	60.45318
54.47815	60.53852
54.40558	60.62452
54.33384	60.71122
54.26300	60.79866
54.19313	60.88688
54.12432	60.97591
54.05665	61.06582
53.99024	61.15666
53.92520	61.24850
53.86167	61.34137
53.79980	61.43537
53.73978	61.53056
53.68180	61.62699
53.62617	61.72481
53.57317	61.82407
53.52318	61.92489
53.47662	62.02733
53.43404	62.13148
53.39607	62.23740
53.36356	62.34512
53.33741	62.45455
53.31887	62.56552
53.30926	62.67760
53.31017	62.79007
53.32306	62.90180
53.34929	63.01116
53.38947	63.11618
53.44337	63.21486
53.50975	63.30564
53.58673	63.38763
53.67273	63.46009
53.76717	63.52114
53.86869	63.56950
53.97551	63.60468
54.08573	63.62703
54.19772	63.63757
54.31021	63.63763
54.42236	63.62859
54.53358	63.61170
54.64361	63.58816
54.75225	63.55887
54.85944	63.52465
54.96518	63.48616
55.06950	63.44397
55.17244	63.39852
55.27406	63.35021
55.37443	63.29932
55.47361	63.24616
55.57164	63.19090
55.66861	63.13382
55.76458	63.07505
55.85958	63.01475
55.95367	62.95302
56.04689	62.88999
56.13929	62.82574
56.23089	62.76039
56.32174	62.69399
56.41187	62.62661
56.50132	62.55833
56.59009	62.48917
56.67821	62.41919
56.76573	62.34845
56.85266	62.27699
56.93900	62.20483
57.02481	62.13203
57.11008	62.05859
57.19482	61.98455
57.27906	61.90994
57.36280	61.83477
57.44606	61.75906
57.52885	61.68284
57.61116	61.60611
57.69302	61.52890
57.77442	61.45119
57.85537	61.37303
57.93588	61.29441
58.01595	61.21534
58.09558	61.13581
58.17476	61.05586
58.25350	60.97547
58.33180	60.89464
58.40956	60.81330
58.48685	60.73151
58.56363	60.64924
58.63978	60.56638
58.71571	60.48335
58.79264	60.40122
58.86893	60.31850
58.94460	60.23520
59.01969	60.15139
59.09423	60.06709
59.16820	59.98228
59.24166	59.89705
59.31456	59.81131
59.38699	59.72519
59.45885	59.63859
59.53026	59.55162
59.60112	59.46421
59.67151	59.37640
59.74139	59.28820
59.81076	59.19959
59.87965	59.11062
59.94801	59.02122
60.01586	58.93146
60.08324	58.84132
60.15004	58.75076
60.21634	58.65983
60.28213	58.56854
60.34734	58.47683
60.41201	58.38474
60.47615	58.29228
60.53972	58.19942
60.60267	58.10615
60.66507	58.01250
60.72688	57.91847
60.78804	57.82401
60.84857	57.72913
60.90848	57.63388
60.96774	57.53822
61.02626	57.44210
61.08411	57.34557
61.14126	57.24865
61.19770	57.15128
61.25329	57.05345
61.30813	56.95518
61.36219	56.85649
61.41542	56.75734
61.46770	56.65770
61.51914	56.55760
61.56968	56.45707
61.61923	56.35603
61.66778	56.25451
61.71526	56.15249
61.76167	56.04998
61.80695	55.94695
61.85105	55.84342
61.89393	55.73939
61.93549	55.63481
61.97574	55.52973
62.01459	55.42411
62.05193	55.31796
62.08775	55.21128
62.12196	55.10407
62.15443	54.99634
62.18510	54.88807
62.21391	54.77929
62.24072	54.67000
62.26544	54.56023
62.28792	54.44996
62.30805	54.33924
62.32572	54.22811
62.34076	54.11660
62.35305	54.00474
62.36241	53.89260
62.36869	53.78025
62.37172	53.66777
62.37133	53.55524
62.36728	53.44279
62.35943	53.33054
62.34761	53.21864
62.33170	53.10725
62.31142	52.99657
62.28667	52.88680
62.25734	52.77817
62.22329	52.67092
62.18448	52.56531
62.14086	52.46158
62.09244	52.36002
62.03928	52.26084
61.98146	52.16431
61.91912	52.07063
61.85244	51.98000
61.78162	51.89257
61.70691	51.80844
61.62852	51.72771
61.54704	51.65010
61.46012	51.57869
61.36828	51.51368
61.27257	51.45453
61.17375	51.40074
61.07238	51.35191
60.96888	51.30774
60.86365	51.26790
60.75696	51.23216
60.64904	51.20030
60.54009	51.17214
60.43029	51.14752
60.31979	51.12627
60.20872	51.10823
60.09718	51.09336
59.98528	51.08147
59.87311	51.07247
59.76075	51.06625
59.64828	51.06277
59.53576	51.06190
59.42324	51.06354
59.31078	51.06767
59.19844	51.07415
59.08626	51.08298
58.97428	51.09404
58.86252	51.10726
58.75106	51.12263
58.63988	51.14005
58.52903	51.15946
58.41855	51.18082
58.30845	51.20406
58.19875	51.22916
58.08947	51.25603
57.98064	51.28464
57.87227	51.31493
57.76437	51.34688
57.65697	51.38046
57.55006	51.41557
57.44365	51.45218
57.33778	51.49032
57.23242	51.52986
57.12762	51.57082
57.02333	51.61313
56.91962	51.65678
56.81644	51.70171
56.71384	51.74792
56.61178	51.79532
56.51030	51.84396
56.40939	51.89375
56.30903	51.94466
56.20926	51.99670
56.11005	52.04982
56.01142	52.10398
55.91334	52.15916
55.81583	52.21533
55.71890	52.27250
55.62255	52.33062
55.52676	52.38967
55.43152	52.44962
55.33685	52.51044
55.24274	52.57214
55.14918	52.63467
55.05617	52.69802
54.96372	52.76217
54.87182	52.82711
54.78045	52.89280
54.68962	52.95924
54.59934	53.02641
54.50960	53.09431
54.42039	53.16290
54.33171	53.23216
54.24353	53.30209
54.15587	53.37265
54.06874	53.44387
53.98212	53.51570
53.89601	53.58813
53.81038	53.66115
53.72527	53.73477
53.64066	53.80895
53.55651	53.88368
53.47287	53.95896
53.38971	54.03477
53.30701	54.11108
53.22480	54.18793
53.14305	54.26527
53.06176	54.34308
52.98096	54.42140
52.90058	54.50016
52.82069	54.57939
52.74244	54.66026
52.66479	54.74172
52.58732	54.82334
52.51012	54.90520
52.43307	54.98722
52.35619	55.06940
52.27959	55.15183
52.20319	55.23445
52.12697	55.31724
52.05099	55.40025
51.97529	55.48351
51.89977	55.56693
51.82449	55.65058
51.74953	55.73452
51.67477	55.81862
51.60025	55.90294
51.52611	55.98759
51.45219	56.07244
51.37850	56.15749
51.30518	56.24286
51.23217	56.32849
51.15946	56.41438
51.08712	56.50057
51.01510	56.58704
50.94344	56.67381
50.87216	56.76088
50.80124	56.84825
50.73075	56.93597
50.66066	57.02400
50.59098	57.11237
50.52179	57.20111
50.45303	57.29020
50.38478	57.37967
50.31703	57.46952
50.24980	57.55976
50.18316	57.65044
50.11706	57.74151
50.05164	57.83307
49.98680	57.92505
49.92270	58.01753
49.85927	58.11048
49.79664	58.20398
49.73476	58.29797
49.67379	58.39255
49.61366	58.48766
49.55458	58.58344
49.49646	58.67980
49.43948	58.77683
49.38368	58.87456
49.32909	58.97296
49.27593	59.07214
49.22423	59.17209
49.17416	59.27287
49.12584	59.37449
49.07944	59.47701
49.03514	59.58045
48.99315	59.68485
48.95375	59.79025
48.91720	59.89669
48.88382	60.00415
48.85403	60.11266
48.82829	60.22219
48.80708	60.33270
48.79107	60.44408
48.78090	60.55613
48.77743	60.66858
48.78154	60.78101
48.79416	60.89281
48.81617	61.00312
48.84837	61.11090
48.89121	61.21491
48.94477	61.31382
49.00860	61.40642
49.08183	61.49180
49.16325	61.56941
49.25175	61.63884
49.34717	61.69837
49.44862	61.74693
49.55478	61.78412
49.66422	61.81005
49.77567	61.82532
49.88804	61.83083
50.00050	61.82759
50.11248	61.81665
50.22359	61.79895
50.33361	61.77540
50.44242	61.74673
50.54994	61.71354
50.65617	61.67642
50.76112	61.63583
50.86481	61.59213
50.96730	61.54567
51.06866	61.49677
51.16890	61.44564
51.26808	61.39250
51.36628	61.33754
51.46353	61.28092
51.55987	61.22277
51.65536	61.16323
51.75000	61.10234
51.84391	61.04036
51.93704	60.97720
52.02950	60.91304
52.12128	60.84793
52.21240	60.78190
52.30293	60.71507
52.39285	60.64740
52.48223	60.57905
52.57104	60.50994
52.65938	60.44022
52.74718	60.36983
52.83454	60.29890
52.92141	60.22738
53.00787	60.15534
53.09389	60.08279
53.17951	60.00976
53.26473	59.93628
53.34958	59.86236
53.43407	59.78802
53.51819	59.71329
53.60200	59.63819
53.68542	59.56266
53.76863	59.48690
53.85145	59.41072
53.93399	59.33424
54.01630	59.25749
54.09835	59.18048
54.18008	59.10313
54.26157	59.02552
54.34285	58.94769
54.42390	58.86964
54.50474	58.79135
54.58533	58.71281
54.66574	58.63409
54.74598	58.55519
54.82605	58.47612
54.90596	58.39689
54.98564	58.31743
55.06532	58.23796
55.14480	58.15830
55.22424	58.07859
55.30357	57.99879
55.38287	57.91893
55.46215	57.83908
55.54144	57.75921
55.62082	57.67947
55.70025	57.59975
55.77934	57.51970
55.85764	57.43887
55.93510	57.35725
56.01186	57.27496
56.08786	57.19197
56.16323	57.10842
56.23789	57.02422
56.31196	56.93950
56.38544	56.85427
56.45827	56.76849
56.53055	56.68224
56.60230	56.59555
56.67346	56.50838
56.74407	56.42076
56.81417	56.33272
56.88375	56.24428
56.95281	56.15543
57.02131	56.06616
57.08931	55.97649
57.15681	55.88646
57.22382	55.79605
57.29032	55.70527
57.35631	55.61411
57.42175	55.52257
57.48669	55.43067
57.55113	55.33841
57.61506	55.24580
57.67847	55.15285
57.74137	55.05954
57.80376	54.96587
57.86560	54.87187
57.92689	54.77749
57.98763	54.68276
58.04782	54.58768
58.10746	54.49226
58.16654	54.39648
58.22505	54.30035
58.28297	54.20387
58.34031	54.10705
58.39705	54.00987
58.45317	53.91233
58.50868	53.81445
58.56355	53.71619
58.61773	53.61757
58.67124	53.51857
58.72406	53.41921
58.77619	53.31949
58.82767	53.21941
58.87837	53.11895
58.92831	53.01811
58.97746	52.91689
59.02582	52.81527
59.07336	52.71328
59.12007	52.61090
59.16592	52.50813
59.21084	52.40496
59.25484	52.30138
59.29790	52.19742
59.33997	52.09304
59.38103	51.98827
59.42100	51.88308
59.45988	51.77748
59.49765	51.67147
59.53423	51.56506
59.56955	51.45822
59.60363	51.35097
59.63640	51.24331
59.66773	51.13524
59.69765	51.02675
59.72610	50.91787
59.75292	50.80859
59.77815	50.69893
59.80165	50.58888
59.82335	50.47846
59.84320	50.36770
59.86105	50.25660
59.87689	50.14518
59.89052	50.03348
59.90193	49.92154
59.91095	49.80937
59.91747	49.69703
59.92143	49.58457
59.92258	49.47205
59.92091	49.35954
59.91626	49.24710
59.90843	49.13485
59.89734	49.02287
59.88282	48.91128
59.86476	48.80021
59.84301	48.68981
59.81746	48.58023
59.78798	48.47163
59.75448	48.36422
59.71690	48.25816
59.67516	48.15365
59.62921	48.05093
59.57907	47.95021
59.52476	47.85165
59.46634	47.75550
59.40385	47.66192
59.33746	47.57108
59.26727	47.48311
59.19346	47.39819
59.11621	47.31636
59.03438	47.23917
58.94666	47.16873
58.85465	47.10398
58.75933	47.04420
58.66135	46.98884
58.56119	46.93756
58.45918	46.89007
58.35557	46.84615
58.25060	46.80565
58.14444	46.76836
58.03720	46.73423
57.92907	46.70310
57.82013	46.67490
57.71049	46.64953
57.60027	46.62691
57.48952	46.60701
57.37832	46.58973
57.26677	46.57498
57.15490	46.56277
57.04279	46.55299
56.93050	46.54559
56.81809	46.54055
56.70559	46.53779
56.59307	46.53727
56.48056	46.53893
56.36808	46.54272
56.25572	46.54861
56.14347	46.55653
56.03136	46.56645
55.91946	46.57834
55.80780	46.59215
55.69636	46.60780
55.58520	46.62527
55.47433	46.64455
55.36377	46.66553
55.25355	46.68826
55.14369	46.71259
55.03421	46.73859
54.92510	46.76614
54.81640	46.79525
54.70811	46.82586
54.60024	46.85793
54.49282	46.89144
54.38585	46.92636
54.27933	46.96264
54.17327	47.00023
54.06767	47.03913
53.96255	47.07931
53.85793	47.12073
53.75378	47.16336
53.65012	47.20716
53.54696	47.25211
53.44431	47.29817
53.34212	47.34534
53.24046	47.39356
53.13928	47.44283
53.03860	47.49312
52.93845	47.54441
52.83878	47.59668
52.73964	47.64987
52.64096	47.70399
52.54279	47.75899
52.44512	47.81489
52.34796	47.87166
52.25129	47.92926
52.15509	47.98766
52.05942	48.04688
51.96423	48.10688
51.86948	48.16763
51.77527	48.22914
51.68151	48.29138
51.58821	48.35430
51.49543	48.41798
51.40308	48.48229
51.31123	48.54728
51.21982	48.61292
51.12888	48.67919
51.03838	48.74611
50.94835	48.81360
50.85876	48.88172
50.76962	48.95039
50.68095	49.01965
50.59269	49.08946
50.50486	49.15981
50.41748	49.23072
50.33049	49.30212
50.24397	49.37407
50.15784	49.44651
50.07214	49.51941
49.98686	49.59284
49.90196	49.66671
49.81749	49.74105
49.73343	49.81586
49.64972	49.89109
49.56644	49.96676
49.48356	50.04288
49.40105	50.11938
49.31890	50.19630
49.23718	50.27366
49.15581	50.35140
49.07480	50.42950
48.99415	50.50799
48.91391	50.58688
48.83402	50.66612
48.75437	50.74561
48.67477	50.82515
48.59516	50.90469
48.51556	50.98424
48.43596	51.06378
48.35635	51.14332
48.27676	51.22285
48.19722	51.30246
48.11769	51.38208
48.03817	51.46170
47.95872	51.54140
47.87936	51.62120
47.80001	51.70099
47.72069	51.78078
47.64152	51.86076
47.56242	51.94080
47.48340	52.02093
47.40453	52.10121
47.32574	52.18155
47.24711	52.26205
47.16861	52.34270
47.09023	52.42342
47.01208	52.50440
46.93407	52.58549
46.85622	52.66675
46.77864	52.74827
46.70121	52.82994
46.62403	52.91183
46.54716	52.99399
46.47045	53.07632
46.39407	53.15897
46.31798	53.24187
46.24224	53.32512
46.16684	53.40865
46.09179	53.49251
46.01718	53.57673
45.94295	53.66130
45.86919	53.74628
45.79589	53.83169
45.72311	53.91750
45.65089	54.00382
45.57925	54.09059
45.50828	54.17789
45.43793	54.26575
45.36837	54.35421
45.29957	54.44326
45.23163	54.53297
45.16465	54.62337
45.09859	54.71449
45.03372	54.80644
44.96996	54.89915
44.90754	54.99278
44.84653	55.08735
44.78709	55.18289
44.72935	55.27949
44.67355	55.37721
44.61984	55.47609
44.56849	55.57620
44.51975	55.67763
44.47397	55.78043
44.43149	55.88463
44.39275	55.99028
44.35828	56.09738
44.32858	56.20592
44.30434	56.31578
44.28632	56.42685
44.27524	56.53881
44.27197	56.65127
44.27730	56.76365
44.29193	56.87518
44.31637	56.98499
44.35081	57.09208
44.39511	57.19547
44.44877	57.29433
44.51102	57.38804
44.58088	57.47622
44.65736	57.55875
44.73966	57.63546
44.82838	57.70461
44.92320	57.76511
45.02333	57.81639
45.12778	57.85817
45.23550	57.89056
45.34556	57.91386
45.45709	57.92871
45.56938	57.93576
45.68188	57.93573
45.79423	57.92931
45.90609	57.91722
46.01729	57.90007
46.12771	57.87836
46.23724	57.85258
46.34584	57.82315
46.45351	57.79045
46.56024	57.75478
46.66602	57.71641
46.77090	57.67562
46.87487	57.63256
46.97797	57.58749
47.08024	57.54053
47.18170	57.49183
47.28234	57.44156
47.38227	57.38978
47.48146	57.33664
47.57994	57.28219
47.67772	57.22650
47.77489	57.16975
47.87141	57.11189
47.96735	57.05308
48.06269	56.99329
48.15748	56.93266
48.25170	56.87111
48.34544	56.80885
48.43861	56.74575
48.53133	56.68199
48.62354	56.61749
48.71530	56.55236
48.80662	56.48661
48.89749	56.42021
48.98797	56.35329
49.07798	56.28577
49.16762	56.21774
49.25686	56.14919
49.34571	56.08014
49.43422	56.01064
49.52232	55.94063
49.61009	55.87020
49.69752	55.79935
49.78458	55.72806
49.87135	55.65638
49.95774	55.58429
50.04383	55.51184
50.12962	55.43901
50.21509	55.36579
50.30027	55.29225
50.38511	55.21833
50.46969	55.14410
50.55394	55.06952
50.63791	54.99461
50.72160	54.91936
50.80503	54.84386
50.88823	54.76808
50.97105	54.69190
51.05363	54.61544
51.13596	54.53875
51.21804	54.46177
51.29979	54.38443
51.38129	54.30682
51.46252	54.22894
51.54350	54.15080
51.62421	54.07239
51.70461	53.99365
51.78471	53.91463
51.86455	53.83532
51.94406	53.75568
52.02275	53.67523
52.10070	53.59407
52.17791	53.51221
52.25442	53.42968
52.33025	53.34655
52.40543	53.26283
52.47999	53.17854
52.55394	53.09371
52.62727	53.00835
52.70006	52.92253
52.77222	52.83616
52.84382	52.74937
52.91489	52.66213
52.98535	52.57439
53.05529	52.48622
53.12471	52.39764
53.19352	52.30861
53.26180	52.21915
53.32954	52.12932
53.39674	52.03905
53.46335	51.94835
53.52943	51.85726
53.59497	51.76578
53.65994	51.67391
53.72431	51.58158
53.78811	51.48890
53.85135	51.39583
53.91402	51.30237
53.97606	51.20848
54.03748	51.11417
54.09830	51.01950
54.15850	50.92443
54.21809	50.82898
54.27697	50.73309
54.33519	50.63678
54.39275	50.54008
54.44963	50.44298
54.50581	50.34548
54.56122	50.24753
54.61587	50.14917
54.66977	50.05039
54.72290	49.95120
54.77527	49.85158
54.82673	49.75150
54.87735	49.65100
54.92708	49.55006
54.97589	49.44865
55.02377	49.34684
55.07064	49.24453
55.11653	49.14178
55.16135	49.03856
55.20509	48.93488
55.24769	48.83072
55.28913	48.72609
55.32935	48.62098
55.36829	48.51542
55.40590	48.40936
55.44215	48.30282
55.47692	48.19580
55.51023	48.08831
55.54192	47.98034
55.57198	47.87189
55.60032	47.76300
55.62680	47.65363
55.65141	47.54383
55.67405	47.43359
55.69452	47.32294
55.71280	47.21191
55.72878	47.10051
55.74231	46.98881
55.75325	46.87682
55.76146	46.76458
55.76683	46.65218
55.76919	46.53968
55.76839	46.42717
55.76429	46.31471
55.75672	46.20245
55.74555	46.09048
55.73055	45.97896
55.71161	45.86803
55.68858	45.75789
55.66135	45.64871
55.62976	45.54072
55.59377	45.43410
55.55330	45.32912
55.50830	45.22598
55.45878	45.12494
55.40480	45.02621
55.34642	44.93003
55.28371	44.83658
55.21689	44.74606
55.14609	44.65862
55.07150	44.57437
54.99335	44.49341
54.91179	44.41590
54.82686	44.34208
54.73866	44.27221
54.64734	44.20647
54.55308	44.14504
54.45605	44.08805
54.35650	44.03561
54.25464	43.98779
54.15074	43.94461
54.04503	43.90605
53.93776	43.87206
53.82917	43.84257
53.71949	43.81745
53.60891	43.79659
53.49765	43.77983
53.38585	43.76701
53.27368	43.75796
53.16129	43.75251
53.04877	43.75051
52.93627	43.75181
52.82382	43.75615
52.71153	43.76347
52.59946	43.77360
52.48766	43.78635
52.37616	43.80159
52.26503	43.81927
52.15430	43.83916
52.04394	43.86120
51.93402	43.88531
51.82453	43.91130
51.71551	43.93918
51.60693	43.96877
51.49884	44.00005
51.39123	44.03289
51.28407	44.06727
51.17738	44.10308
51.07119	44.14029
50.96544	44.17878
50.86019	44.21860
50.75539	44.25960
50.65106	44.30178
50.54720	44.34507
50.44377	44.38942
50.34081	44.43484
50.23829	44.48124
50.13622	44.52859
50.03458	44.57690
49.93336	44.62608
49.83259	44.67614
49.73223	44.72704
49.63227	44.77875
49.53274	44.83126
49.43361	44.88453
49.33489	44.93854
49.23657	44.99329
49.13868	45.04874
49.04115	45.10488
48.94399	45.16167
48.84721	45.21910
48.75081	45.27716
48.65483	45.33589
48.55921	45.39523
48.46396	45.45515
48.36909	45.51564
48.27456	45.57669
48.18042	45.63836
48.08665	45.70059
47.99325	45.76336
47.90021	45.82664
47.80751	45.89046
47.71525	45.95485
47.62332	46.01975
47.53174	46.08516
47.44054	46.15109
47.34974	46.21758
47.25930	46.28455
47.16925	46.35201
47.07962	46.42004
46.99035	46.48857
46.90149	46.55761
46.81307	46.62722
46.72504	46.69732
46.63749	46.76802
46.55035	46.83924
46.46374	46.91106
46.37758	46.98343
46.29198	47.05650
46.20691	47.13015
46.12242	47.20449
46.03862	47.27959
45.95552	47.35546
45.87320	47.43220
45.79180	47.50987
45.71144	47.58866
45.63447	47.67073
45.55720	47.75254
45.47939	47.83385
45.40115	47.91473
45.32257	47.99527
45.24377	48.07558
45.16487	48.15584
45.08585	48.23596
45.00683	48.31608
44.92780	48.39620
44.84882	48.47636
44.76991	48.55659
44.69109	48.63689
44.61243	48.71736
44.53382	48.79789
44.45544	48.87864
44.37727	48.95959
44.29934	49.04077
44.22165	49.12219
44.14425	49.20385
44.06712	49.28580
43.99030	49.36803
43.91380	49.45057
43.83766	49.53342
43.76193	49.61667
43.68664	49.70029
43.61178	49.78433
43.53741	49.86875
43.46356	49.95367
43.39026	50.03907
43.31754	50.12494
43.24544	50.21135
43.17406	50.29835
43.10340	50.38592
43.03352	50.47412
42.96448	50.56297
42.89639	50.65257
42.82930	50.74292
42.76330	50.83406
42.69847	50.92604
42.63494	51.01892
42.57284	51.11274
42.51234	51.20763
42.45358	51.30361
42.39678	51.40075
42.34219	51.49916
42.29006	51.59888
42.24073	51.70001
42.19464	51.80265
42.15220	51.90687
42.11407	52.01274
42.08093	52.12027
42.05365	52.22943
42.03328	52.34008
42.02109	52.45192
42.01851	52.56438
42.02705	52.67653
42.04811	52.78699
42.08270	52.89400
42.13100	52.99554
42.19230	53.08982
42.26797	53.17297
42.35298	53.24663
42.44611	53.30963
42.54620	53.36093
42.65162	53.40012
42.76072	53.42747
42.87202	53.44376
42.98435	53.45007
43.09683	53.44756
43.20886	53.43740
43.32012	53.42059
43.43035	53.39797
43.53942	53.37034
43.64730	53.33833
43.75394	53.30244
43.85940	53.26316
43.96367	53.22083
44.06678	53.17581
44.16881	53.12835
44.26979	53.07868
44.36975	53.02701
44.46877	52.97352
44.56683	52.91834
44.66404	52.86166
44.76038	52.80350
44.85592	52.74404
44.95067	52.68335
45.04470	52.62152
45.13802	52.55863
45.23061	52.49467
45.32254	52.42978
45.41384	52.36401
45.50453	52.29737
45.59457	52.22990
45.68407	52.16167
45.77300	52.09272
45.86135	52.02300
45.94918	51.95266
46.03647	51.88167
46.12324	51.81001
46.20954	51.73777
46.29532	51.66495
46.38062	51.59154
46.46545	51.51762
46.54981	51.44312
46.63370	51.36811
46.71714	51.29263
46.80011	51.21660
46.88265	51.14011
46.96474	51.06315
47.04638	50.98569
47.12759	50.90778
47.20836	50.82942
47.28865	50.75060
47.36853	50.67133
47.44796	50.59161
47.52691	50.51143
47.60542	50.43081
47.68348	50.34975
47.76105	50.26822
47.83812	50.18624
47.91471	50.10379
47.99080	50.02087
48.06635	49.93749
48.14148	49.85371
48.21631	49.76965
48.29067	49.68519
48.36453	49.60029
48.43793	49.51500
48.51088	49.42932
48.58337	49.34324
48.65535	49.25675
48.72682	49.16982
48.79781	49.08250
48.86830	48.99478
48.93829	48.90668
49.00771	48.81812
49.07662	48.72916
49.14502	48.63979
49.21289	48.55003
49.28014	48.45980
49.34686	48.36917
49.41301	48.27816
49.47857	48.18670
49.54350	48.09478
49.60786	48.00246
49.67161	47.90974
49.73466	47.81652
49.79710	47.72290
49.85890	47.62888
49.91995	47.53434
49.98033	47.43938
50.04004	47.34400
50.09893	47.24811
50.15714	47.15179
50.21455	47.05500
50.27114	46.95773
50.32696	46.86005
50.38186	46.76181
50.43596	46.66312
50.48911	46.56394
50.54134	46.46427
50.59262	46.36410
50.64288	46.26341
50.69213	46.16224
50.74028	46.06054
50.78733	45.95831
50.83321	45.85556
50.87791	45.75228
50.92133	45.64847
50.96342	45.54409
51.00411	45.43921
51.04337	45.33374
51.08112	45.22772
51.11724	45.12115
51.15170	45.01402
51.18438	44.90633
51.21519	44.79810
51.24400	44.68933
51.27074	44.58002
51.29522	44.47020
51.31733	44.35986
51.33692	44.24905
51.35382	44.13780
51.36783	44.02615
51.37875	43.91414
51.38636	43.80188
51.39042	43.68943
51.39070	43.57690
51.38688	43.46444
51.37869	43.35222
51.36584	43.24043
51.34799	43.12934
51.32481	43.01924
51.29605	42.91046
51.26140	42.80342
51.22063	42.69854
51.17357	42.59635
51.12013	42.49734
51.06033	42.40203
50.99434	42.31094
50.92230	42.22451
50.84520	42.14255
50.76378	42.06489
50.67816	41.99189
50.58865	41.92372
50.49557	41.86050
50.39930	41.80228
50.30017	41.74905
50.19855	41.70074
50.09475	41.65727
49.98912	41.61850
49.88194	41.58425
49.77346	41.55434
49.66393	41.52857
49.55355	41.50674
49.44248	41.48866
49.33089	41.47417
49.21892	41.46299
49.10667	41.45499
48.99426	41.45000
48.88174	41.44786
48.76924	41.44841
48.65674	41.45152
48.54434	41.45705
48.43209	41.46491
48.32001	41.47497
48.20814	41.48712
48.09650	41.50127
47.98514	41.51734
47.87404	41.53525
47.76324	41.55493
47.65276	41.57631
47.54262	41.59934
47.43280	41.62397
47.32337	41.65017
47.21431	41.67790
47.10564	41.70712
46.99738	41.73782
46.88954	41.76998
46.78216	41.80362
46.67526	41.83876
46.56886	41.87540
46.46291	41.91334
46.35778	41.95342
46.25373	41.99627
46.15071	42.04156
46.04868	42.08903
45.94755	42.13839
45.84734	42.18956
45.74796	42.24235
45.64940	42.29663
45.55160	42.35229
45.45454	42.40926
45.35822	42.46745
45.26260	42.52678
45.16768	42.58720
45.07341	42.64866
44.97980	42.71109
44.88681	42.77449
44.79450	42.83883
44.70278	42.90405
44.61168	42.97011
44.52118	43.03698
44.43127	43.10468
44.34200	43.17318
44.25331	43.24243
44.16521	43.31242
44.07770	43.38318
43.99080	43.45468
43.90448	43.52688
43.81875	43.59978
43.73366	43.67342
43.64916	43.74771
43.56525	43.82270
43.48200	43.89841
43.39935	43.97479
43.31733	44.05184
43.23599	44.12960
43.15527	44.20802
43.07524	44.28711
42.99590	44.36691
42.91722	44.44736
42.83927	44.52853
42.76205	44.61040
42.68555	44.69292
42.60986	44.77618
42.53493	44.86015
42.46078	44.94478
42.38752	45.03019
42.31509	45.11633
42.24352	45.20315
42.17291	45.29079
42.10324	45.37916
42.03452	45.46827
41.96688	45.55818
41.90028	45.64890
41.83477	45.74040
41.77041	45.83271
41.70728	45.92587
41.64542	46.01986
41.58487	46.11472
41.52571	46.21044
41.46803	46.30706
41.41185	46.40455
41.35732	46.50299
41.30448	46.60234
41.25343	46.70263
41.20431	46.80387
41.15721	46.90607
41.11224	47.00922
41.06954	47.11333
41.02928	47.21841
40.99194	47.32458
40.95931	47.43226
40.93140	47.54126
40.90930	47.65159
40.89450	47.76310
40.88905	47.87547
40.89583	47.98772
40.91867	48.09777
40.96190	48.20142
41.02819	48.29197
41.11547	48.36252
41.21705	48.41038
41.32608	48.43768
41.43803	48.44840
41.55048	48.44619
41.66229	48.43379
41.77292	48.41324
41.88208	48.38594
41.98963	48.35293
42.09554	48.31494
42.19975	48.27247
42.30223	48.22601
42.40292	48.17577
42.50177	48.12201
42.59867	48.06482
42.69352	48.00430
42.78797	47.94310
42.88152	47.88057
42.97406	47.81655
43.06561	47.75111
43.15615	47.68427
43.24564	47.61606
43.33410	47.54647
43.42147	47.47559
43.50779	47.40339
43.59302	47.32990
43.67715	47.25517
43.76017	47.17921
43.84205	47.10201
43.92280	47.02363
44.00240	46.94411
44.08085	46.86343
44.15814	46.78165
44.23426	46.69875
44.30918	46.61479
44.38285	46.52973
44.45531	46.44363
44.52653	46.35651
44.59650	46.26840
44.66523	46.17928
44.73268	46.08921
44.79884	45.99818
44.86370	45.90622
44.92719	45.81330
44.98933	45.71951
45.05013	45.62481
45.10955	45.52924
45.16758	45.43283
45.22419	45.33558
45.27936	45.23751
45.33331	45.13875
45.38692	45.03979
45.44027	44.94075
45.49343	44.84155
45.54637	44.74225
45.59913	44.64285
45.65169	44.54335
45.70399	44.44371
45.75629	44.34407
45.80832	44.24430
45.86028	44.14448
45.91212	44.04460
45.96377	43.94462
46.01542	43.84464
46.06682	43.74453
46.11821	43.64442
46.16948	43.54426
46.22064	43.44402
46.27180	43.34379
46.32277	43.24347
46.37373	43.14313
46.42464	43.04276
46.47543	42.94234
46.52623	42.84193
46.57688	42.74146
46.62748	42.64094
46.67807	42.54042
46.72867	42.43990
46.77927	42.33939
46.82983	42.23885
46.88025	42.13824
46.93066	42.03765
46.98109	41.93705
47.03151	41.83644
47.08194	41.73584
47.13231	41.63522
47.18265	41.53457
47.23299	41.43393
47.28332	41.33329
47.33366	41.23265
47.38400	41.13200
47.43786	41.03324
47.49254	40.93488
47.54646	40.83611
47.59952	40.73687
47.65196	40.63732
47.70376	40.53742
47.75510	40.43727
47.80600	40.33690
47.85662	40.23640
47.90707	40.13581
47.95743	40.03518
48.00779	39.93454
48.05828	39.83399
48.10902	39.73354
48.16000	39.63321
48.21145	39.53312
48.26345	39.43333
48.31604	39.33384
48.36938	39.23476
48.42347	39.13609
48.47850	39.03794
48.53111	38.93850
48.58290	38.83858
48.63592	38.73932
48.69010	38.64069
48.74538	38.54269
48.80172	38.44529
48.85907	38.34846
48.91735	38.25220
48.97650	38.15646
49.03646	38.06124
49.09720	37.96650
49.15868	37.87224
49.22083	37.77843
49.28360	37.68505
49.34692	37.59203
49.41080	37.49937
49.47516	37.40706
49.53995	37.31504
49.60509	37.22329
49.67056	37.13176
49.73635	37.04048
49.80224	36.94926
49.86839	36.85822
49.93453	36.76718
50.00068	36.67614
50.06673	36.58502
50.13266	36.49383
50.19828	36.40242
50.26294	36.31033
50.32815	36.21861
50.39395	36.12732
50.46037	36.03647
50.52731	35.94603
50.59490	35.85604
50.66301	35.76649
50.73169	35.67733
50.80095	35.58863
50.87070	35.50034
50.94105	35.41249
51.01189	35.32508
51.08327	35.23806
51.15518	35.15152
51.22757	35.06536
51.30048	34.97964
51.37390	34.89436
51.44777	34.80947
51.52218	34.72505
51.59703	34.64102
51.67234	34.55741
51.74815	34.47426
51.82439	34.39148
51.90109	34.30914
51.97826	34.22722
52.05582	34.14570
52.13387	34.06462
52.21231	33.98395
52.29116	33.90367
52.37047	33.82384
52.45018	33.74440
52.53027	33.66534
52.61081	33.58674
52.69170	33.50852
52.77299	33.43069
52.85468	33.35333
52.93674	33.27631
53.01917	33.19970
53.10199	33.12352
53.18516	33.04771
53.26868	32.97229
53.35258	32.89731
53.43682	32.82268
53.52138	32.74846
53.60633	32.67465
53.69160	32.60120
53.77718	32.52814
53.86313	32.45551
53.94939	32.38322
54.03595	32.31131
54.12284	32.23985
54.21006	32.16873
54.29757	32.09796
54.38539	32.02761
54.47353	31.95763
54.56193	31.88801
54.65065	31.81878
54.73966	31.74994
54.82895	31.68144
54.91851	31.61333
55.00838	31.54559
55.09851	31.47821
55.18890	31.41117
55.27959	31.34456
55.37053	31.27828
55.46172	31.21235
55.55320	31.14680
55.64492	31.08162
55.73689	31.01678
55.82912	30.95229
55.92161	30.88818
56.01434	30.82441
56.10727	30.76100
56.20049	30.69795
56.29393	30.63525
56.38761	30.57288
56.48151	30.51087
56.57566	30.44922
56.67002	30.38792
56.76458	30.32694
56.85941	30.26633
56.95444	30.20606
57.04969	30.14612
57.14513	30.08652
57.24082	30.02728
57.33670	29.96838
57.43276	29.90980
57.52907	29.85156
57.62557	29.79368
57.72226	29.73611
57.81915	29.67886
57.91625	29.62199
58.01355	29.56543
58.11101	29.50920
58.20866	29.45329
58.30653	29.39774
58.40457	29.34251
58.50279	29.28759
58.60121	29.23300
58.69979	29.17876
58.79856	29.12483
58.89750	29.07122
58.99662	29.01795
59.09592	28.96501
59.19539	28.91237
59.29502	28.86004
59.39484	28.80808
59.49480	28.75642
59.59492	28.70508
59.69527	28.65413
59.79571	28.60339
59.89634	28.55301
59.99714	28.50298
60.09804	28.45316
60.19917	28.40379
60.30041	28.35468
60.40178	28.30581
60.50336	28.25741
60.60506	28.20922
60.70691	28.16135
60.80893	28.11387
60.91105	28.06659
61.01336	28.01972
61.11579	27.97315
61.21833	27.92678
61.32108	27.88091
61.42394	27.83524
61.52691	27.78986
61.63007	27.74490
61.73332	27.70014
61.83671	27.65575
61.94027	27.61170
62.04390	27.56786
62.14772	27.52445
62.25166	27.48130
62.35569	27.43838
62.45992	27.39594
62.56421	27.35370
62.66864	27.31177
62.77322	27.27023
62.87788	27.22890
62.98270	27.18795
63.08765	27.14732
63.19267	27.10691
63.29787	27.06694
63.40314	27.02723
63.50853	26.98776
63.61408	26.94874
63.71972	26.90993
63.82547	26.87144
63.93135	26.83335
64.03732	26.79547
64.14340	26.75797
64.24962	26.72079
64.35591	26.68383
64.46236	26.64731
64.56889	26.61106
64.67550	26.57504
64.78227	26.53950
64.88911	26.50419
64.99606	26.46915
65.10313	26.43456
65.21029	26.40018
65.31755	26.36614
65.42493	26.33249
65.53239	26.29905
65.63995	26.26602
65.74761	26.23332
65.85535	26.20084
65.96323	26.16881
66.07121	26.13706
66.17923	26.10556
66.28741	26.07453
66.39565	26.04376
66.50394	26.01325
66.61241	25.98322
66.72092	25.95344
66.82952	25.92394
66.93824	25.89491
67.04704	25.86612
67.15591	25.83764
67.26488	25.80963
67.37393	25.78185
67.48307	25.75441
67.59232	25.72741
67.70161	25.70067
67.81101	25.67426
67.92051	25.64830
68.03006	25.62260
68.13970	25.59725
68.24944	25.57234
68.35925	25.54770
68.46912	25.52341
68.57910	25.49958
68.68914	25.47602
68.79924	25.45281
68.90945	25.43007
69.01972	25.40762
69.13006	25.38549
69.24049	25.36387
69.35099	25.34254
69.46154	25.32151
69.57219	25.30104
69.68288	25.28086
69.79366	25.26099
69.90451	25.24164
70.01543	25.22264
70.12640	25.20395
70.23745	25.18574
70.34856	25.16795
70.45971	25.15048
70.57095	25.13342
70.68227	25.11687
70.79361	25.10065
70.90502	25.08477
71.01652	25.06942
71.12804	25.05446
71.23962	25.03994
71.35127	25.02584
71.46295	25.01217
71.57473	24.99895
71.68652	24.98615
71.79837	24.97383
71.91027	24.96193
72.02220	24.95050
72.13424	24.93953
72.24626	24.92901
72.35837	24.91897
72.47046	24.90939
72.58260	24.90032
72.69482	24.89169
72.80705	24.88359
72.91934	24.87594
73.03164	24.86885
73.14400	24.86220
73.25634	24.85613
73.36871	24.85052
73.48117	24.84548
73.59360	24.84093
73.70605	24.83696
73.81853	24.83350
73.93104	24.83063
74.04354	24.82828
74.15603	24.82653
74.26859	24.82533
74.38110	24.82472
74.49364	24.82471
74.60615	24.82528
74.71870	24.82649
74.83121	24.82828
74.94369	24.83073
75.05619	24.83380
75.16866	24.83751
75.28113	24.84190
75.39354	24.84692
75.50594	24.85266
75.61826	24.85907
75.73057	24.86614
75.84285	24.87400
75.95502	24.88254
76.06719	24.89180
76.17927	24.90186
76.29129	24.91265
76.40321	24.92420
76.51507	24.93658
76.62682	24.94975
76.73848	24.96373
76.85004	24.97855
76.96147	24.99424
77.07277	25.01080
77.18393	25.02821
77.29498	25.04654
77.40585	25.06582
77.51653	25.08603
77.62708	25.10719
77.73740	25.12932
77.84753	25.15244
77.95742	25.17663
78.06710	25.20185
78.17651	25.22814
78.28567	25.25551
78.39453	25.28399
78.50309	25.31361
78.61135	25.34440
78.71923	25.37637
78.82677	25.40956
78.93388	25.44400
79.04058	25.47972
79.14687	25.51675
79.25263	25.55508
79.35797	25.59481
79.46271	25.63590
79.56690	25.67844
79.67045	25.72243
79.77338	25.76791
79.87563	25.81491
79.97714	25.86345
80.07790	25.91358
80.17783	25.96531
80.27692	26.01870
80.37504	26.07375
80.47217	26.13055
80.56828	26.18910
80.66328	26.24938
80.75717	26.31146
80.84975	26.37538
80.94105	26.44118
81.03098	26.50881
81.11949	26.57831
81.20643	26.64975
81.29173	26.72312
81.37540	26.79836
81.45727	26.87558
81.53728	26.95473
81.61533	27.03577
81.69135	27.11872
81.76525	27.20359
81.83695	27.29032
81.90638	27.37889
81.97343	27.46924
82.03808	27.56136
82.10020	27.65518
82.15977	27.75068
82.21667	27.84775
82.27090	27.94633
82.32242	28.04638
82.37116	28.14779
82.41711	28.25052
82.46022	28.35445
82.50050	28.45955
82.53795	28.56565
82.57253	28.67272
82.60429	28.78066
82.63324	28.88939
82.65939	28.99887
82.68277	29.10892
82.70356	29.21954
82.72211	29.33051
82.73780	29.44193
82.75056	29.55374
82.76036	29.66581
82.76720	29.77816
82.77103	29.89061
82.77186	30.00316
82.76969	30.11564
82.76451	30.22804
82.75636	30.34028
82.74525	30.45225
82.73121	30.56392
82.71428	30.67516
82.69447	30.78596
82.67189	30.89619
82.64657	31.00579
82.61855	31.11480
82.58786	31.22304
82.55466	31.33060
82.51900	31.43729
82.48085	31.54318
82.44043	31.64818
82.39772	31.75228
82.35276	31.85544
82.30571	31.95768
82.25664	32.05896
82.20554	32.15919
82.15253	32.25845
82.09771	32.35671
82.04112	32.45397
81.98281	32.55025
81.92284	32.64545
81.86129	32.73967
81.79826	32.83285
81.73372	32.92508
81.66782	33.01628
81.60056	33.10650
81.53200	33.19573
81.46221	33.28398
81.39119	33.37128
81.31900	33.45762
81.24572	33.54302
81.17137	33.62749
81.09599	33.71105
81.01963	33.79368
80.94231	33.87543
80.86404	33.95631
80.78492	34.03630
80.70491	34.11547
80.62411	34.19378
80.54251	34.27126
80.46015	34.34795
80.37707	34.42382
80.29325	34.49894
80.20875	34.57324
80.12355	34.64679
80.03776	34.71956
79.95132	34.79164
79.86430	34.86299
79.77669	34.93359
79.68849	35.00351
79.59978	35.07271
79.51053	35.14128
79.42078	35.20914
79.33049	35.27635
79.23978	35.34291
79.14859	35.40884
79.05691	35.47412
78.96485	35.53877
78.87232	35.60287
78.77938	35.66631
78.68604	35.72918
78.59233	35.79148
78.49822	35.85316
78.40374	35.91430
78.30893	35.97488
78.21371	36.03492
78.11822	36.09442
78.02235	36.15335
77.92619	36.21178
77.82972	36.26967
77.73289	36.32707
77.63583	36.38396
77.53841	36.44035
77.44076	36.49625
77.34280	36.55164
77.24459	36.60657
77.14609	36.66103
77.04736	36.71501
76.94838	36.76852
76.84913	36.82159
76.74967	36.87420
76.64996	36.92637
76.55002	36.97809
76.44984	37.02938
76.34948	37.08023
76.24889	37.13066
76.14803	37.18061
76.04705	37.23029
75.94582	37.27946
75.84440	37.32816
75.74279	37.37657
75.64103	37.42459
75.53905	37.47210
75.43687	37.51928
75.33457	37.56613
75.23204	37.61255
75.12936	37.65854
75.02647	37.70425
74.92350	37.74960
74.82032	37.79445
74.71697	37.83902
74.61353	37.88328
74.50985	37.92708
74.40607	37.97054
74.30214	38.01373
74.19807	38.05650
74.09383	38.09891
73.98949	38.14104
73.88502	38.18282
73.78033	38.22421
73.67560	38.26530
73.57071	38.30612
73.46568	38.34647
73.36056	38.38658
73.25529	38.42643
73.14990	38.46581
73.04439	38.50495
72.93880	38.54383
72.83302	38.58227
72.72717	38.62046
72.62125	38.65841
72.51511	38.69592
72.40894	38.73319
72.30266	38.77022
72.19627	38.80679
72.08977	38.84317
71.98320	38.87927
71.87647	38.91497
71.76968	38.95046
71.66282	38.98567
71.55579	39.02050
71.44873	39.05512
71.34155	39.08944
71.23428	39.12342
71.12691	39.15720
71.01947	39.19063
70.91195	39.22376
70.80434	39.25671
70.69663	39.28927
70.58881	39.32160
70.48097	39.35372
70.37299	39.38543
70.26498	39.41694
70.15689	39.44820
70.04865	39.47911
69.94041	39.50983
69.83205	39.54024
69.72364	39.57036
69.61518	39.60030
69.50661	39.62986
69.39796	39.65921
69.28925	39.68836
69.18048	39.71711
69.07164	39.74570
68.96274	39.77400
68.85372	39.80201
68.74470	39.82985
68.63558	39.85732
68.52640	39.88458
68.41718	39.91164
68.30784	39.93833
68.19850	39.96485
68.08905	39.99109
67.97955	40.01704
67.87003	40.04284
67.76038	40.06826
67.65075	40.09348
67.54102	40.11849
67.43124	40.14316
67.32138	40.16769
67.21149	40.19188
67.10157	40.21583
66.99156	40.23961
66.88150	40.26302
66.77137	40.28629
66.66122	40.30925
66.55097	40.33196
66.44074	40.35452
66.33042	40.37667
66.22005	40.39869
66.10966	40.42044
65.99920	40.44190
65.88872	40.46321
65.77814	40.48416
65.66753	40.50494
65.55687	40.52548
65.44620	40.54570
65.33549	40.56579
65.22469	40.58553
65.11387	40.60507
65.00299	40.62440
64.89209	40.64340
64.78115	40.66226
64.67017	40.68078
64.55914	40.69910
64.44805	40.71722
64.33696	40.73500
64.22579	40.75264
64.11462	40.76995
64.00336	40.78706
63.89212	40.80396
63.78085	40.82051
63.66951	40.83693
63.55814	40.85302
63.44671	40.86891
63.33529	40.88459
63.22381	40.89993
63.11232	40.91513
63.00079	40.93000
62.88918	40.94466
62.77759	40.95911
62.66595	40.97322
62.55429	40.98720
62.44257	41.00085
62.33086	41.01427
62.21912	41.02750
62.10731	41.04039
61.99551	41.05313
61.88365	41.06553
61.77180	41.07773
61.65990	41.08972
61.54799	41.10136
61.43607	41.11286
61.32407	41.12402
61.21207	41.13498
61.10003	41.14571
60.98800	41.15611
60.87592	41.16636
60.76384	41.17625
60.65174	41.18595
60.53959	41.19542
60.42744	41.20455
60.31527	41.21354
60.20309	41.22217
60.09084	41.23059
59.97862	41.23879
59.86639	41.24664
59.75409	41.25435
59.64182	41.26168
59.52949	41.26882
59.41718	41.27572
59.30483	41.28228
59.19249	41.28868
59.08010	41.29472
58.96772	41.30054
58.85534	41.30613
58.74294	41.31137
58.63054	41.31646
58.51809	41.32116
58.40564	41.32565
58.29317	41.32991
58.18072	41.33381
58.06827	41.33754
57.95577	41.34090
57.84330	41.34403
57.73078	41.34694
57.61829	41.34946
57.50576	41.35182
57.39326	41.35381
57.28077	41.35556
57.16824	41.35709
57.05573	41.35821
56.94319	41.35917
56.83067	41.35976
56.71811	41.36008
56.60559	41.36021
56.49307	41.35990
56.38052	41.35941
56.26801	41.35859
56.15546	41.35746
56.04296	41.35615
55.93043	41.35437
55.81792	41.35240
55.70543	41.35013
55.59290	41.34750
55.48042	41.34468
55.36792	41.34143
55.25547	41.33794
55.14298	41.33419
55.03054	41.33002
54.91811	41.32565
54.80566	41.32091
54.69326	41.31585
54.58082	41.31059
54.46845	41.30482
54.35607	41.29885
54.24373	41.29257
54.13141	41.28589
54.01909	41.27901
53.90681	41.27169
53.79451	41.26407
53.68227	41.25622
53.57001	41.24786
53.45784	41.23929
53.34564	41.23037
53.23349	41.22104
53.12138	41.21149
53.00928	41.20149
52.89725	41.19117
52.78519	41.18062
52.67321	41.16952
52.56124	41.15818
52.44933	41.14651
52.33746	41.13438
52.22560	41.12204
52.11380	41.10926
52.00203	41.09612
51.89034	41.08259
51.77866	41.06863
51.66704	41.05444
51.55547	41.03983
51.44394	41.02479
51.33246	41.00938
51.22103	40.99361
51.10968	40.97745
50.99837	40.96087
50.88714	40.94393
50.77595	40.92661
50.66481	40.90883
50.55375	40.89067
50.44277	40.87214
50.33186	40.85316
50.22099	40.83377
50.11022	40.81399
49.99952	40.79378
49.88890	40.77313
49.77837	40.75208
49.66788	40.73059
49.55752	40.70865
49.44722	40.68629
49.33703	40.66351
49.22693	40.64024
49.11693	40.61655
49.00700	40.59241
48.89720	40.56778
48.78749	40.54272
48.67789	40.51720
48.56844	40.49119
48.45907	40.46473
48.34979	40.43778
48.24067	40.41034
48.13131	40.38375
48.02184	40.35778
47.91238	40.33157
47.80300	40.30515
47.69364	40.27859
47.58435	40.25180
47.47512	40.22483
47.36588	40.19772
47.25673	40.17039
47.14760	40.14289
47.03853	40.11528
46.92948	40.08742
46.82047	40.05943
46.71152	40.03133
46.60262	40.00298
46.49377	39.97453
46.38492	39.94591
46.27612	39.91711
46.16737	39.88821
46.05868	39.85911
45.95002	39.82988
45.84136	39.80053
45.73279	39.77096
45.62423	39.74130
45.51573	39.71148
45.40726	39.68150
45.29881	39.65143
45.19044	39.62113
45.08210	39.59074
44.97380	39.56021
44.86552	39.52950
44.75730	39.49870
44.64911	39.46769
44.54099	39.43658
44.43289	39.40534
44.32481	39.37389
44.21679	39.34238
44.10880	39.31065
44.00089	39.27882
43.89297	39.24685
43.78516	39.21469
43.67735	39.18244
43.56959	39.14998
43.46189	39.11740
43.35420	39.08470
43.24661	39.05178
43.13900	39.01877
43.03149	38.98557
42.92403	38.95222
42.81657	38.91875
42.70924	38.88505
42.60187	38.85123
42.49461	38.81725
42.38737	38.78307
42.28022	38.74880
42.17310	38.71426
42.06604	38.67960
41.95904	38.64479
41.85210	38.60973
41.74520	38.57455
41.63837	38.53916
41.53164	38.50356
41.42492	38.46783
41.31832	38.43184
41.21176	38.39566
41.10524	38.35934
40.99885	38.32271
40.89249	38.28591
40.78622	38.24894
40.68001	38.21164
40.57392	38.17417
40.46789	38.13651
40.36198	38.09849
40.25615	38.06028
40.15035	38.02185
40.04473	37.98306
39.93917	37.94402
39.83373	37.90475
39.72842	37.86513
39.62320	37.82517
39.51811	37.78494
39.41311	37.74442
39.30832	37.70343
39.20360	37.66219
39.09910	37.62049
38.99473	37.57843
38.89053	37.53591
38.78651	37.49298
38.68269	37.44956
38.57909	37.40565
38.47568	37.36123
38.37255	37.31623
38.26969	37.27065
38.16708	37.22442
38.06479	37.17753
37.96283	37.12985
37.86148	37.08097
37.75999	37.03233
37.65802	36.98479
37.55573	36.93787
37.45331	36.89123
37.35088	36.84465
37.24846	36.79799
37.14616	36.75114
37.04395	36.70403
36.94196	36.65649
36.84024	36.60843
36.73871	36.55983
36.63755	36.51054
36.53672	36.46054
36.43637	36.40969
36.33642	36.35797
36.23702	36.30520
36.13823	36.25130
36.04013	36.19616
35.94286	36.13964
35.84645	36.08157
35.75111	36.02179
35.65704	35.96004
35.56443	35.89611
35.47357	35.82973
35.38488	35.76050
35.29885	35.68799
35.21617	35.61164
35.13786	35.53088
35.06526	35.44491
35.00051	35.35294
34.94659	35.25423
34.90776	35.14877
34.88916	35.03801
34.89497	34.92587
34.92562	34.81797
34.98643	34.72371
35.06772	34.64614
35.16074	34.58295
35.26048	34.53099
35.36433	34.48780
35.47086	34.45154
35.57915	34.42097
35.68869	34.39511
35.79906	34.37331
35.91011	34.35499
36.02158	34.33977
36.13342	34.32730
36.24549	34.31731
36.35775	34.30961
36.47016	34.30402
36.58263	34.30038
36.69514	34.29855
36.80768	34.29842
36.92017	34.29993
37.03268	34.30299
37.14512	34.30755
37.25751	34.31354
37.36978	34.32091
37.48199	34.32962
37.59405	34.33964
37.70599	34.35093
37.81784	34.36346
37.92952	34.37720
38.04109	34.39215
38.15245	34.40826
38.26366	34.42557
38.37462	34.44406
38.48547	34.46370
38.59604	34.48447
38.70641	34.50637
38.81656	34.52946
38.92642	34.55370
39.03608	34.57908
39.14542	34.60558
39.25453	34.63329
39.36328	34.66217
39.47169	34.69220
39.57982	34.72342
39.68755	34.75587
39.79495	34.78957
39.90191	34.82446
40.00850	34.86059
40.11461	34.89806
40.22027	34.93675
40.32544	34.97683
40.43007	35.01821
40.53416	35.06101
40.63764	35.10517
40.74054	35.15080
40.84274	35.19785
40.94421	35.24642
41.04500	35.29652
41.14497	35.34820
41.24411	35.40148
41.34230	35.45639
41.43958	35.51302
41.53578	35.57133
41.63089	35.63145
41.72487	35.69341
41.81756	35.75718
41.90892	35.82292
41.99882	35.89058
42.08719	35.96025
42.17391	36.03195
42.25885	36.10575
42.34190	36.18170
42.42290	36.25978
42.50176	36.34006
42.57830	36.42255
42.65236	36.50729
42.72376	36.59423
42.79236	36.68341
42.85799	36.77483
42.92045	36.86843
42.97959	36.96419
43.03519	37.06197
43.08716	37.16182
43.13528	37.26352
43.17943	37.36701
43.21949	37.47218
43.25533	37.57882
43.28690	37.68684
43.31410	37.79602
43.33689	37.90621
43.35529	38.01721
43.36930	38.12887
43.37899	38.24098
43.38441	38.35333
43.38561	38.46588
43.38272	38.57835
43.37591	38.69070
43.36521	38.80270
43.35085	38.91431
43.33292	39.02538
43.31159	39.13587
43.28704	39.24569
43.25937	39.35476
43.22873	39.46306
43.19531	39.57048
43.15921	39.67709
43.12060	39.78278
43.07960	39.88755
43.03631	39.99144
42.99086	40.09435
42.94334	40.19638
42.89391	40.29745
42.84265	40.39764
42.78959	40.49686
42.73492	40.59522
42.67863	40.69268
42.62090	40.78925
42.56169	40.88496
42.50116	40.97983
42.43932	41.07384
42.37626	41.16703
42.31205	41.25943
42.24670	41.35106
42.18027	41.44188
42.11281	41.53197
42.04440	41.62131
41.97505	41.70994
41.90482	41.79785
41.83372	41.88507
41.76181	41.97162
41.68911	42.05750
41.61563	42.14276
41.54145	42.22736
41.46655	42.31137
41.39099	42.39476
41.31480	42.47755
41.23798	42.55979
41.16053	42.64143
41.08247	42.72249
41.00385	42.80297
40.92463	42.88291
40.84482	42.96223
40.76436	43.04095
40.68330	43.11897
40.60158	43.19632
40.51917	43.27299
40.43612	43.34888
40.35233	43.42404
40.26787	43.49837
40.18265	43.57190
40.09671	43.64451
40.01000	43.71620
39.92246	43.78697
39.83417	43.85670
39.74503	43.92542
39.65509	43.99302
39.56422	44.05944
39.47255	44.12464
39.37997	44.18859
39.28643	44.25118
39.19201	44.31239
39.09657	44.37207
39.00024	44.43021
38.90287	44.48665
38.80457	44.54136
38.70527	44.59425
38.60487	44.64516
38.50351	44.69402
38.40113	44.74071
38.29774	44.78510
38.19332	44.82708
38.08792	44.86650
37.98157	44.90321
37.87426	44.93708
37.76607	44.96796
37.65697	44.99568
37.54714	45.02006
37.43658	45.04102
37.32539	45.05830
37.21370	45.07185
37.10157	45.08146
36.98918	45.08698
36.87664	45.08833
36.76418	45.08538
36.65187	45.07807
36.53997	45.06633
36.42866	45.05011
36.31803	45.02938
36.20837	45.00418
36.09982	44.97454
35.99257	44.94054
35.88673	44.90226
35.78254	44.85984
35.68003	44.81339
35.57938	44.76308
35.48068	44.70908
35.38398	44.65153
35.28937	44.59064
35.19685	44.52655
35.10650	44.45948
35.01830	44.38957
34.93231	44.31705
34.84844	44.24202
34.76670	44.16464
34.68711	44.08512
34.60960	44.00356
34.53414	43.92005
34.46071	43.83477
34.38926	43.74787
34.31974	43.65941
34.25211	43.56945
34.18633	43.47815
34.12233	43.38556
34.06013	43.29180
33.99961	43.19690
33.94080	43.10098
33.88364	43.00410
33.82802	42.90623
33.77400	42.80753
33.72149	42.70801
33.67046	42.60770
33.62087	42.50667
33.57274	42.40499
33.52597	42.30263
33.48059	42.19966
33.43652	42.09612
33.39376	41.99199
33.35231	41.88740
33.31215	41.78225
33.27320	41.67671
33.23544	41.57069
33.19896	41.46424
33.16367	41.35739
33.12951	41.25016
33.09653	41.14257
33.06475	41.03461
33.03411	40.92636
33.00457	40.81778
32.97620	40.70887
32.94898	40.59969
32.92287	40.49021
32.89788	40.38050
32.87403	40.27050
32.85136	40.16032
32.82980	40.04985
32.80939	39.93919
32.79013	39.82834
32.77206	39.71726
32.75521	39.60600
32.73958	39.49455
32.72518	39.38296
32.71204	39.27118
32.70021	39.15928
32.68972	39.04726
32.68061	38.93506
32.67294	38.82282
32.66677	38.71044
32.66217	38.59801
32.65921	38.48550
32.65798	38.37301
32.65862	38.26048
32.66124	38.14797
32.66602	38.03555
32.67313	37.92323
32.68279	37.81114
32.69531	37.69929
32.71102	37.58787
32.73037	37.47704
32.75393	37.36700
32.78248	37.25816
32.81704	37.15107
32.85900	37.04672
32.91040	36.94665
32.97391	36.85388
33.05281	36.77398
33.14902	36.71636
33.25818	36.69099
33.37045	36.69385
33.47995	36.71918
33.58419	36.76131
33.68282	36.81543
33.77615	36.87817
33.86494	36.94733
33.94970	37.02129
34.03107	37.09906
34.10943	37.17978
34.18517	37.26302
34.25864	37.34826
34.33004	37.43522
34.39962	37.52365
34.46756	37.61336
34.53400	37.70419
34.59908	37.79597
34.66292	37.88866
34.72557	37.98212
34.78719	38.07629
34.84781	38.17109
34.90750	38.26648
34.96633	38.36242
35.02431	38.45886
35.08161	38.55572
35.13811	38.65304
35.19398	38.75072
35.24919	38.84879
35.30377	38.94718
35.35780	39.04591
35.41125	39.14493
35.46420	39.24425
35.51662	39.34378
35.56859	39.44365
35.62007	39.54366
35.67119	39.64391
35.72194	39.74435
35.77238	39.84494
35.82344	39.94525
35.87458	40.04547
35.92484	40.14614
35.97429	40.24723
36.02296	40.34869
36.07087	40.45052
36.11809	40.55264
36.16471	40.65510
36.21063	40.75782
36.25602	40.86081
36.30082	40.96400
36.34510	41.06747
36.38891	41.17114
36.43217	41.27498
36.47505	41.37906
36.51742	41.48328
36.55943	41.58770
36.60099	41.69225
36.64221	41.79696
36.68300	41.90185
36.72346	42.00685
36.76365	42.11199
36.80349	42.21721
36.84297	42.32262
36.88217	42.42807
36.92115	42.53364
36.95975	42.63936
36.99811	42.74512
37.03627	42.85101
37.07413	42.95697
37.11174	43.06305
37.14915	43.16915
37.18633	43.27535
37.22327	43.38166
37.26004	43.48800
37.29660	43.59444
37.33293	43.70095
37.36912	43.80752
37.40511	43.91412
37.44091	44.02083
37.47656	44.12753
37.51204	44.23431
37.54736	44.34120
37.58255	44.44808
37.61757	44.55504
37.65243	44.66200
37.68721	44.76906
37.72179	44.87613
37.75627	44.98323
37.79066	45.09040
37.82487	45.19759
37.85900	45.30485
37.89304	45.41209
37.92685	45.51944
37.96064	45.62677
37.99443	45.73409
38.02799	45.84150
38.06149	45.94891
38.09499	46.05636
38.12831	46.16384
38.16156	46.27137
38.19480	46.37886
38.22791	46.48639
38.26094	46.59398
38.29395	46.70155
38.32690	46.80917
38.35973	46.91679
38.39257	47.02444
38.42533	47.13210
38.45795	47.23979
38.49058	47.34751
38.52319	47.45519
38.55582	47.56291
38.58843	47.67060
38.62104	47.77831
38.65348	47.88605
38.68592	47.99379
38.71838	48.10155
38.75082	48.20929
38.78327	48.31706
38.81572	48.42480
38.84814	48.53260
38.88055	48.64035
38.91296	48.74810
38.94537	48.85587
38.97778	48.96362
39.01020	49.07140
39.04272	49.17911
39.07525	49.28686
39.10778	49.39457
39.14030	49.50229
39.17283	49.61003
39.20532	49.71777
39.23748	49.82562
39.26919	49.93357
39.30041	50.04169
39.33118	50.14995
39.36151	50.25832
39.39133	50.36680
39.42073	50.47542
39.44972	50.58418
39.47821	50.69302
39.50628	50.80200
39.53395	50.91109
39.56114	51.02028
39.58791	51.12957
39.61427	51.23895
39.64021	51.34850
39.66570	51.45808
39.69081	51.56779
39.71550	51.67757
39.73977	51.78748
39.76364	51.89744
39.78713	52.00747
39.81018	52.11762
39.83285	52.22784
39.85515	52.33815
39.87703	52.44852
39.89853	52.55900
39.91965	52.66951
39.94029	52.78014
39.96070	52.89080
39.98067	53.00153
40.00024	53.11236
40.01956	53.22321
40.03837	53.33418
40.05687	53.44518
40.07510	53.55621
40.09278	53.66735
40.11023	53.77851
40.12734	53.88976
40.14398	54.00103
40.16040	54.11237
40.17640	54.22374
40.19204	54.33517
40.20745	54.44667
40.22235	54.55820
40.23701	54.66978
40.25137	54.78138
40.26527	54.89307
40.27895	55.00475
40.29224	55.11648
40.30519	55.22829
40.31792	55.34007
40.33017	55.45195
40.34219	55.56383
40.35392	55.67577
40.36521	55.78772
40.37631	55.89972
40.38701	56.01173
40.39741	56.12378
40.40760	56.23587
40.41730	56.34794
40.42681	56.46009
40.43600	56.57223
40.44482	56.68444
40.45346	56.79661
40.46166	56.90883
40.46963	57.02111
40.47734	57.13336
40.48465	57.24567
40.49177	57.35798
40.49850	57.47033
40.50497	57.58264
40.51123	57.69498
40.51705	57.80738
40.52270	57.91975
40.52801	58.03217
40.53302	58.14458
40.53785	58.25703
40.54223	58.36949
40.54644	58.48192
40.55034	58.59440
40.55392	58.70687
40.55735	58.81935
40.56032	58.93183
40.56313	59.04435
40.56565	59.15684
40.56784	59.26933
40.56988	59.38187
40.57149	59.49438
40.57292	59.60690
40.57408	59.71941
40.57491	59.83197
40.57559	59.94447
40.57586	60.05699
40.57594	60.16953
40.57576	60.28205
40.57525	60.39462
40.57459	60.50712
40.57353	60.61966
40.57229	60.73217
40.57079	60.84468
40.56897	60.95721
40.56700	61.06973
40.56463	61.18225
40.56209	61.29475
40.55929	61.40726
40.55617	61.51972
40.55291	61.63223
40.54925	61.74468
40.54542	61.85713
40.54133	61.96960
40.53694	62.08204
40.53241	62.19451
40.52747	62.30692
40.52237	62.41935
40.51701	62.53174
40.51135	62.64412
40.50555	62.75651
40.49936	62.86885
40.49300	62.98124
40.48638	63.09356
40.47947	63.20589
40.47242	63.31819
40.46497	63.43046
40.45737	63.54275
40.44950	63.65499
40.44134	63.76723
40.43306	63.87944
40.42436	63.99165
40.41552	64.10382
40.40641	64.21597
40.39702	64.32815
40.38750	64.44026
40.37756	64.55237
40.36749	64.66444
40.35714	64.77651
40.34653	64.88853
40.33577	65.00053
40.32461	65.11251
40.31331	65.22448
40.30173	65.33643
40.28989	65.44831
40.27790	65.56022
40.26551	65.67205
40.25298	65.78388
40.24018	65.89571
40.22711	66.00744
40.21389	66.11922
40.20028	66.23090
40.18652	66.34261
40.17250	66.45425
40.15820	66.56586
40.14374	66.67748
40.12891	66.78902
40.11391	66.90054
40.09867	67.01202
40.08312	67.12349
40.06743	67.23492
40.05136	67.34632
40.03513	67.45766
40.01866	67.56896
40.00186	67.68026
39.98492	67.79150
39.96764	67.90272
39.95014	68.01386
39.93245	68.12501
39.91440	68.23605
39.89620	68.34709
39.87769	68.45810
39.85892	68.56907
39.83999	68.68002
39.82067	68.79086
39.80119	68.90171
39.78144	69.01248
39.76140	69.12320
39.74120	69.23390
39.72062	69.34452
39.69985	69.45515
39.67886	69.56570
39.65751	69.67619
39.63601	69.78663
39.61419	69.89701
39.59209	70.00738
39.56985	70.11768
39.54718	70.22792
39.52435	70.33808
39.50126	70.44823
39.47783	70.55831
39.45424	70.66833
39.43030	70.77830
39.40612	70.88818
39.38175	70.99806
39.35697	71.10782
39.33200	71.21756
39.30679	71.32722
39.28121	71.43679
39.25545	71.54633
39.22938	71.65579
39.20300	71.76523
39.17644	71.87456
39.14949	71.98383
39.12230	72.09303
39.09492	72.20216
39.06710	72.31120
39.03910	72.42019
39.01083	72.52913
38.98218	72.63792
38.95332	72.74673
38.92416	72.85540
38.89465	72.96398
38.86494	73.07252
38.83488	73.18095
38.80450	73.28934
38.77392	73.39761
38.74294	73.50581
38.71168	73.61391
38.68019	73.72194
38.64830	73.82984
38.61612	73.93768
38.58371	74.04546
38.55088	74.15308
38.51777	74.26064
38.48444	74.36811
38.45065	74.47547
38.41660	74.58270
38.38230	74.68988
38.34755	74.79693
38.31251	74.90386
38.27722	75.01073
38.24150	75.11743
38.20546	75.22404
38.16917	75.33054
38.13246	75.43690
38.09539	75.54316
38.05806	75.64931
38.02032	75.75534
37.98220	75.86121
37.94378	75.96701
37.90504	76.07265
37.86583	76.17809
37.82632	76.28347
37.78651	76.38872
37.74618	76.49379
37.70553	76.59873
37.66457	76.70354
37.62318	76.80817
37.58137	76.91263
37.53921	77.01701
37.49672	77.12119
37.45369	77.22518
37.41032	77.32902
37.36660	77.43272
37.32244	77.53620
37.27781	77.63949
37.23287	77.74268
37.18744	77.84562
37.14153	77.94838
37.09529	78.05096
37.04854	78.15334
37.00140	78.25549
36.95376	78.35744
36.90569	78.45921
36.85714	78.56071
36.80816	78.66203
36.75867	78.76308
36.70872	78.86395
36.65828	78.96452
36.60735	79.06490
36.55593	79.16499
36.50401	79.26479
36.45158	79.36439
36.39862	79.46366
36.34516	79.56271
36.29113	79.66142
36.23660	79.75985
36.18151	79.85797
36.12587	79.95575
36.06968	80.05327
36.01289	80.15040
35.95552	80.24724
35.89760	80.34372
35.83904	80.43981
35.77990	80.53555
35.72017	80.63089
35.65976	80.72585
35.59876	80.82040
35.53710	80.91457
35.47478	81.00823
35.41179	81.10152
35.34816	81.19432
35.28382	81.28663
35.21875	81.37846
35.15302	81.46977
35.08656	81.56061
35.01937	81.65085
34.95140	81.74055
34.88270	81.82967
34.81323	81.91820
34.74298	82.00613
34.67194	82.09337
34.60006	82.17997
34.52737	82.26587
34.45384	82.35107
34.37948	82.43552
34.30426	82.51920
34.22814	82.60210
34.15115	82.68416
34.07325	82.76537
33.99443	82.84566
33.91463	82.92505
33.83393	83.00346
33.75227	83.08084
33.66961	83.15722
33.58597	83.23250
33.50131	83.30665
33.41565	83.37963
33.32896	83.45137
33.24125	83.52184
33.15248	83.59100
33.06264	83.65881
32.97178	83.72515
32.87984	83.79004
32.78682	83.85339
32.69270	83.91508
32.59753	83.97509
32.50127	84.03340
32.40397	84.08990
32.30561	84.14452
32.20612	84.19718
32.10565	84.24782
32.00416	84.29642
31.90164	84.34280
31.79811	84.38696
31.69369	84.42886
31.58832	84.46833
31.48204	84.50535
31.37496	84.53992
31.26705	84.57184
31.15844	84.60117
31.04907	84.62779
30.93912	84.65163
30.82860	84.67267
30.71752	84.69087
30.60605	84.70620
30.49420	84.71861
30.38209	84.72807
30.26972	84.73459
30.15726	84.73814
30.04477	84.73875
29.93222	84.73639
29.81983	84.73109
29.70761	84.72287
29.59565	84.71178
29.48398	84.69771
29.37283	84.68025
29.26213	84.66007
29.15195	84.63715
29.04240	84.61144
28.93354	84.58290
28.82548	84.55157
28.71825	84.51741
28.61200	84.48040
28.50675	84.44058
28.40262	84.39795
28.29967	84.35251
28.19798	84.30429
28.09765	84.25336
27.99871	84.19976
27.90124	84.14352
27.80532	84.08470
27.71098	84.02336
27.61828	83.95956
27.52724	83.89339
27.43794	83.82494
27.35039	83.75423
27.26464	83.68141
27.18066	83.60645
27.09847	83.52961
27.01816	83.45084
26.93965	83.37018
26.86293	83.28786
26.78808	83.20383
26.71504	83.11823
26.64377	83.03115
26.57429	82.94263
26.50662	82.85274
26.44068	82.76155
26.37644	82.66917
26.31388	82.57561
26.25306	82.48094
26.19387	82.38522
26.13630	82.28854
26.08033	82.19095
26.02590	82.09245
25.97301	81.99313
25.92161	81.89300
25.87172	81.79217
25.82327	81.69058
25.77624	81.58836
25.73059	81.48550
25.68630	81.38204
25.64335	81.27804
25.60169	81.17350
25.56131	81.06848
25.52217	80.96294
25.48425	80.85701
25.44755	80.75064
25.41202	80.64387
25.37764	80.53674
25.34436	80.42919
25.31220	80.32139
25.28109	80.21322
25.25104	80.10479
25.22202	79.99606
25.19401	79.88705
25.16703	79.77783
25.14099	79.66833
25.11591	79.55866
25.09173	79.44875
25.06850	79.33864
25.04618	79.22836
25.02472	79.11788
25.00410	79.00726
24.98436	78.89647
24.96546	78.78553
24.94735	78.67445
24.93004	78.56329
24.91356	78.45195
24.89783	78.34055
24.88284	78.22903
24.86863	78.11737
24.85515	78.00568
24.84236	77.89384
24.83033	77.78197
24.81898	77.66998
24.80830	77.55798
24.79833	77.44590
24.78900	77.33376
24.78035	77.22156
24.77234	77.10930
24.76494	76.99702
24.75822	76.88468
24.75208	76.77233
24.74657	76.65993
24.74166	76.54750
24.73733	76.43508
24.73360	76.32259
24.73043	76.21011
24.72786	76.09758
24.72581	75.98510
24.72437	75.87257
24.72342	75.76003
24.72307	75.64754
24.72320	75.53499
24.72391	75.42245
24.72509	75.30992
24.72683	75.19741
24.72904	75.08490
24.73180	74.97239
24.73501	74.85992
24.73876	74.74744
24.74296	74.63499
24.74768	74.52254
24.75284	74.41016
24.75850	74.29776
24.76461	74.18539
24.77119	74.07308
24.77824	73.96075
24.78571	73.84847
24.79368	73.73620
24.80205	73.62401
24.81090	73.51182
24.82016	73.39967
24.82987	73.28755
24.84001	73.17546
24.85056	73.06345
24.86162	72.95144
24.87295	72.83949
24.88480	72.72757
24.89705	72.61572
24.90973	72.50394
24.92275	72.39214
24.93617	72.28043
24.95009	72.16874
24.96433	72.05711
24.97890	71.94551
24.99402	71.83402
25.00945	71.72256
25.02519	71.61111
25.04146	71.49977
25.05806	71.38847
25.07495	71.27724
25.09233	71.16604
25.11008	71.05491
25.12810	70.94387
25.14659	70.83285
25.16545	70.72189
25.18459	70.61100
25.20416	70.50020
25.22412	70.38943
25.24435	70.27876
25.26500	70.16814
25.28605	70.05756
25.30735	69.94708
25.32907	69.83665
25.35116	69.72635
25.37352	69.61604
25.39630	69.50586
25.41944	69.39574
25.44284	69.28564
25.46667	69.17567
25.49084	69.06577
25.51526	68.95592
25.54013	68.84615
25.56531	68.73650
25.59075	68.62687
25.61666	68.51735
25.64284	68.40793
25.66927	68.29854
25.69620	68.18929
25.72339	68.08008
25.75083	67.97095
25.77876	67.86194
25.80692	67.75298
25.83538	67.64412
25.86428	67.53535
25.89342	67.42665
25.92290	67.31804
25.95277	67.20955
25.98285	67.10114
26.01335	66.99281
26.04417	66.88459
26.07522	66.77641
26.10672	66.66838
26.13850	66.56042
26.17051	66.45255
26.20300	66.34480
26.23572	66.23713
26.26873	66.12956
26.30217	66.02211
26.33583	65.91473
26.36985	65.80744
26.40422	65.70030
26.43882	65.59321
26.47383	65.48628
26.50914	65.37946
26.54467	65.27265
26.58069	65.16605
26.61693	65.05951
26.65345	64.95309
26.69041	64.84679
26.72758	64.74058
26.76510	64.63450
26.80299	64.52853
26.84109	64.42263
26.87963	64.31689
26.91843	64.21127
26.95747	64.10571
26.99699	64.00038
27.03672	63.89511
27.07677	63.78993
27.11722	63.68494
27.15789	63.58000
27.19893	63.47523
27.24033	63.37056
27.28191	63.26602
27.32397	63.16166
27.36630	63.05735
27.40886	62.95319
27.45189	62.84922
27.49514	62.74532
27.53874	62.64156
27.58270	62.53799
27.62687	62.43451
27.67149	62.33119
27.71640	62.22801
27.76153	62.12491
27.80715	62.02207
27.85302	61.91927
27.89917	61.81665
27.94564	61.71421
27.99255	61.61187
28.03974	61.50973
28.08719	61.40768
28.13501	61.30583
28.18320	61.20411
28.23168	61.10258
28.28049	61.00117
28.32965	60.89996
28.37914	60.79891
28.42897	60.69798
28.47910	60.59727
28.52962	60.49668
28.58044	60.39629
28.63161	60.29604
28.68308	60.19601
28.73493	60.09614
28.78713	59.99642
28.83962	59.89690
28.89249	59.79753
28.94570	59.69839
28.99924	59.59941
29.05312	59.50061
29.10735	59.40205
29.16196	59.30361
29.21686	59.20542
29.27213	59.10738
29.32777	59.00957
29.38376	58.91194
29.44007	58.81451
29.49674	58.71733
29.55381	58.62029
29.61118	58.52352
29.66891	58.42691
29.72704	58.33055
29.78551	58.23439
29.84432	58.13845
29.90348	58.04277
29.96305	57.94728
30.02295	57.85202
30.08322	57.75697
30.14387	57.66221
30.20489	57.56764
30.26626	57.47330
30.32799	57.37926
30.39013	57.28542
30.45261	57.19184
30.51549	57.09849
30.57874	57.00543
30.64237	56.91260
30.70635	56.82002
30.77074	56.72777
30.83552	56.63572
30.90065	56.54396
30.96619	56.45247
31.03211	56.36129
31.09842	56.27035
31.16510	56.17972
31.23220	56.08938
31.29966	55.99932
31.36752	55.90956
31.43581	55.82010
31.50448	55.73093
31.57352	55.64207
31.64300	55.55355
31.71288	55.46532
31.78310	55.37742
31.85378	55.28988
31.92487	55.20262
31.99632	55.11571
32.06824	55.02914
32.14054	54.94292
32.21325	54.85699
32.28638	54.77150
32.35991	54.68634
32.43386	54.60149
32.50825	54.51707
32.58307	54.43298
32.65825	54.34927
32.73393	54.26596
32.80998	54.18303
32.88643	54.10049
32.96338	54.01836
33.04071	53.93661
33.11849	53.85525
33.19669	53.77436
33.27533	53.69384
33.35438	53.61378
33.43388	53.53417
33.51382	53.45493
33.59419	53.37618
33.67503	53.29786
33.75624	53.21999
33.83796	53.14261
33.92007	53.06569
34.00262	52.98923
34.08567	52.91327
34.16912	52.83777
34.25304	52.76277
34.33739	52.68830
34.42217	52.61428
34.50742	52.54086
34.59308	52.46793
34.67924	52.39548
34.76583	52.32364
34.85284	52.25227
34.94035	52.18151
35.02830	52.11127
35.11664	52.04162
35.20547	51.97257
35.29476	51.90402
35.38041	51.83105
35.46584	51.75779
35.55125	51.68454
35.63682	51.61143
35.72245	51.53846
35.80833	51.46571
35.89436	51.39315
35.98066	51.32095
36.06726	51.24909
36.15420	51.17766
36.24152	51.10663
36.32917	51.03610
36.41726	50.96605
36.50574	50.89655
36.59468	50.82764
36.68417	50.75934
36.77409	50.69173
36.86456	50.62479
36.95553	50.55857
37.04707	50.49309
37.13915	50.42843
37.23179	50.36457
37.32502	50.30154
37.41884	50.23938
37.51323	50.17812
37.60823	50.11778
37.70381	50.05841
Goker Cebeci
https://thenounproject.com/icon/bee-1114554/