34.59000	63.65200
34.36138	63.64174
34.13290	63.62869
33.90461	63.61280
33.67653	63.59402
33.44872	63.57228
33.22121	63.54753
32.99406	63.51971
32.76731	63.48877
32.54103	63.45462
32.31526	63.41723
32.09006	63.37652
31.86550	63.33245
31.64163	63.28497
31.41854	63.23397
31.19628	63.17942
30.97494	63.12130
30.75460	63.05949
30.53534	62.99396
30.31723	62.92467
30.10039	62.85152
29.88488	62.77453
29.67084	62.69357
29.45832	62.60867
29.24747	62.51973
29.03836	62.42675
28.83112	62.32968
28.62587	62.22847
28.42271	62.12313
28.22176	62.01364
28.02317	61.89991
27.82704	61.78201
27.63344	61.65998
27.44250	61.53384
27.25433	61.40360
27.06906	61.26927
26.88684	61.13084
26.70778	60.98833
26.53199	60.84182
26.35960	60.69130
26.19076	60.53683
26.02554	60.37849
25.86406	60.21634
25.70644	60.05042
25.55276	59.88086
25.40311	59.70773
25.25760	59.53111
25.11626	59.35112
24.97918	59.16788
24.84643	58.98147
24.71803	58.79204
24.59402	58.59971
24.47447	58.40458
24.35938	58.20678
24.23461	58.03600
24.00941	58.07670
23.78367	58.11427
23.55741	58.14855
23.33068	58.17963
23.10350	58.20725
22.87596	58.23160
22.64805	58.25236
22.41986	58.26971
22.19143	58.28340
21.96280	58.29351
21.73405	58.29995
21.50522	58.30260
21.27637	58.30152
21.04758	58.29659
20.81891	58.28770
20.59042	58.27494
20.36218	58.25822
20.13428	58.23739
19.90679	58.21253
19.67979	58.18358
19.45334	58.15051
19.22755	58.11326
19.00250	58.07177
18.77826	58.02606
18.55493	57.97611
18.33261	57.92189
18.11136	57.86340
17.89130	57.80060
17.67251	57.73351
17.45510	57.66210
17.23914	57.58639
17.02474	57.50637
16.81199	57.42205
16.60100	57.33345
16.39184	57.24059
16.18462	57.14348
15.97943	57.04215
15.77637	56.93663
15.57552	56.82695
15.37698	56.71314
15.18087	56.59521
14.98723	56.47324
14.79618	56.34727
14.60777	56.21738
14.42210	56.08360
14.23933	55.94588
14.05953	55.80432
13.88277	55.65896
13.70913	55.50990
13.53868	55.35720
13.37150	55.20093
13.20765	55.04117
13.04721	54.87798
12.89026	54.71144
12.73685	54.54163
12.58703	54.36865
12.44086	54.19256
12.29844	54.01344
12.15980	53.83137
12.02498	53.64645
11.89403	53.45877
11.76705	53.26839
11.64403	53.07542
11.52505	52.87994
11.41015	52.68203
11.29938	52.48177
11.19277	52.27929
11.09035	52.07463
10.99221	51.86790
10.89873	51.65902
10.80992	51.44811
10.72548	51.23541
10.64541	51.02103
10.56975	50.80506
10.49856	50.58757
10.43187	50.36865
10.36970	50.14841
10.31211	49.92693
10.25913	49.70430
10.21077	49.48063
10.16708	49.25599
10.12810	49.03049
10.09383	48.80422
10.06430	48.57729
10.03957	48.34978
10.01962	48.12181
10.00447	47.89347
9.99417	47.66485
9.98871	47.43607
9.98810	47.20723
9.99235	46.97842
10.00151	46.74976
10.01553	46.52135
10.03440	46.29328
10.05805	46.06566
10.08644	45.83858
10.11956	45.61215
10.15744	45.38646
10.20003	45.16161
10.24731	44.93770
10.29927	44.71484
10.35592	44.49311
10.41720	44.27262
10.48308	44.05347
10.55354	43.83574
10.62854	43.61953
10.70804	43.40494
10.79201	43.19205
10.88040	42.98097
10.97316	42.77177
11.07024	42.56453
11.17158	42.35934
11.27713	42.15630
11.38682	41.95544
11.50059	41.75689
11.61838	41.56068
11.74011	41.36689
11.86570	41.17559
11.99510	40.98684
12.12821	40.80069
12.26498	40.61721
12.40530	40.43644
12.54910	40.25841
12.69630	40.08319
12.84681	39.91080
13.00056	39.74129
13.15743	39.57467
13.31738	39.41101
13.48028	39.25027
13.64608	39.09253
13.81466	38.93778
13.98594	38.78601
14.15987	38.63728
14.33633	38.49156
14.51524	38.34887
14.69652	38.20919
14.88008	38.07254
15.04402	37.92411
15.09891	37.70194
15.15667	37.48050
15.21719	37.25980
15.28049	37.03988
15.34667	36.82081
15.41562	36.60260
15.48736	36.38528
15.56200	36.16895
15.63943	35.95361
15.71966	35.73928
15.80274	35.52604
15.88866	35.31394
15.97738	35.10299
16.06890	34.89323
16.16326	34.68475
16.26045	34.47756
16.36042	34.27171
16.46318	34.06722
16.56870	33.86416
16.67705	33.66258
16.78816	33.46252
16.90201	33.26400
17.01860	33.06708
17.13791	32.87180
17.25993	32.67819
17.38465	32.48632
17.51208	32.29623
17.64216	32.10795
17.77489	31.92152
17.91023	31.73699
18.04818	31.55439
18.18871	31.37377
18.33179	31.19517
18.47742	31.01864
18.62555	30.84420
18.77617	30.67191
18.92926	30.50181
19.08479	30.33392
19.24273	30.16832
19.40304	30.00501
19.56572	29.84405
19.73071	29.68546
19.89799	29.52929
20.06752	29.37558
20.23929	29.22436
20.41310	29.07548
20.58905	28.92916
20.76714	28.78544
20.94732	28.64436
21.12957	28.50594
21.31383	28.37023
21.50010	28.23728
21.68833	28.10713
21.87848	27.97979
22.07050	27.85529
22.26435	27.73366
22.45996	27.61490
22.65739	27.49916
22.85650	27.38636
23.05729	27.27655
23.25970	27.16979
23.46371	27.06610
23.66927	26.96552
23.87633	26.86806
24.08484	26.77376
24.29477	26.68264
24.50606	26.59473
24.71866	26.51005
24.93254	26.42864
25.14764	26.35052
25.36390	26.27568
25.58131	26.20423
25.79980	26.13616
26.01931	26.07146
26.23980	26.01017
26.46121	25.95232
26.68350	25.89794
26.90662	25.84704
27.13051	25.79965
27.35511	25.75578
27.58038	25.71545
27.80625	25.67867
28.03268	25.64547
28.25960	25.61587
28.48697	25.58986
28.71472	25.56749
28.94280	25.54875
29.17115	25.53366
29.39339	25.50815
29.55312	25.34427
29.71442	25.18193
29.87732	25.02119
30.04181	24.86210
30.20793	24.70469
30.37568	24.54902
30.54507	24.39514
30.71612	24.24311
30.88883	24.09296
31.06322	23.94476
31.23928	23.79859
31.41707	23.65449
31.59655	23.51251
31.77773	23.37269
31.96060	23.23512
32.14521	23.09987
32.33153	22.96699
32.51954	22.83653
32.70926	22.70856
32.90071	22.58316
33.09382	22.46037
33.28863	22.34028
33.48511	22.22294
33.68322	22.10839
33.88300	21.99677
34.08437	21.88805
34.28736	21.78238
34.49191	21.67974
34.69800	21.58026
34.90560	21.48395
35.11467	21.39091
35.32518	21.30115
35.53710	21.21478
35.75037	21.13179
35.96497	21.05229
36.18081	20.97625
36.39790	20.90383
36.61612	20.83494
36.83546	20.76967
37.05584	20.70797
37.27721	20.64996
37.49953	20.59568
37.72272	20.54513
37.94675	20.49838
38.17152	20.45539
38.39700	20.41628
38.62310	20.38095
38.84978	20.34949
39.07695	20.32187
39.30456	20.29810
39.53254	20.27818
39.76081	20.26208
39.98933	20.24984
40.21803	20.24136
40.44683	20.23673
40.67567	20.23581
40.90450	20.23868
41.13326	20.24520
41.36187	20.25544
41.59029	20.26925
41.81848	20.28671
42.04637	20.30766
42.27390	20.33217
42.50104	20.36007
42.72773	20.39140
42.95394	20.42607
43.17962	20.46400
43.40472	20.50522
43.62924	20.54958
43.85310	20.59704
44.07630	20.64762
44.29879	20.70116
44.52056	20.75762
44.74157	20.81701
44.96180	20.87922
45.17631	20.86191
45.38665	20.77177
45.59774	20.68336
45.80955	20.59674
46.02212	20.51195
46.23541	20.42900
46.44942	20.34793
46.66414	20.26877
46.87956	20.19155
47.09570	20.11632
47.31251	20.04310
47.53001	19.97195
47.74819	19.90288
47.96704	19.83594
48.18652	19.77116
48.40666	19.70858
48.62741	19.64824
48.84876	19.59017
49.07071	19.53441
49.29324	19.48099
49.51633	19.42995
49.73995	19.38133
49.96409	19.33515
50.18873	19.29146
50.41385	19.25029
50.63941	19.21169
50.86541	19.17569
51.09181	19.14230
51.31859	19.11156
51.54571	19.08350
51.77315	19.05815
52.00088	19.03558
52.22887	19.01578
52.45708	18.99876
52.68549	18.98456
52.91406	18.97323
53.14276	18.96479
53.37153	18.95923
53.60036	18.95656
53.82922	18.95686
54.05804	18.96011
54.28680	18.96631
54.51547	18.97546
54.74399	18.98766
54.97233	19.00284
55.20046	19.02099
55.42832	19.04218
55.65589	19.06639
55.88312	19.09359
56.10997	19.12380
56.33639	19.15704
56.56235	19.19326
56.78781	19.23246
57.01273	19.27469
57.23708	19.31987
57.46081	19.36798
57.68388	19.41907
57.90627	19.47307
58.12793	19.52996
58.34883	19.58974
58.56894	19.65240
58.78822	19.71787
59.00665	19.78613
59.22418	19.85720
59.44080	19.93103
59.65647	20.00755
59.87117	20.08675
60.08488	20.16862
60.29755	20.25313
60.50919	20.34020
60.71976	20.42981
60.92926	20.52193
61.13762	20.61654
61.34487	20.71359
61.55099	20.81304
61.75595	20.91484
61.95974	21.01895
62.16236	21.12534
62.36377	21.23396
62.56399	21.34480
62.76300	21.45781
62.97322	21.52403
63.20199	21.51806
63.43081	21.51442
63.65965	21.51316
63.88849	21.51446
64.11731	21.51828
64.34608	21.52467
64.57475	21.53372
64.80329	21.54548
65.03168	21.55999
65.25987	21.57731
65.48782	21.59751
65.71550	21.62066
65.94285	21.64680
66.16983	21.67599
66.39639	21.70828
66.62247	21.74374
66.84803	21.78244
67.07298	21.82440
67.29731	21.86971
67.52091	21.91840
67.74374	21.97053
67.96574	22.02615
68.18681	22.08530
68.40689	22.14803
68.62589	22.21439
68.84377	22.28442
69.06042	22.35814
69.27576	22.43558
69.48973	22.51676
69.70221	22.60175
69.91313	22.69052
70.12242	22.78308
70.32999	22.87946
70.53573	22.97966
70.73958	23.08366
70.94145	23.19146
71.14124	23.30307
71.33889	23.41842
71.53430	23.53751
71.72740	23.66031
71.91814	23.78676
72.10641	23.91687
72.29217	24.05053
72.47535	24.18769
72.65587	24.32835
72.83370	24.47237
73.00879	24.61974
73.18107	24.77037
73.35053	24.92418
73.51711	25.08108
73.68079	25.24103
73.84154	25.40390
73.99935	25.56962
74.15418	25.73815
74.30604	25.90935
74.45492	26.08315
74.60083	26.25945
74.74374	26.43819
74.88367	26.61927
75.02063	26.80260
75.15465	26.98810
75.29715	27.15973
75.51729	27.22223
75.73685	27.28680
75.95580	27.35337
76.17410	27.42200
76.39172	27.49281
76.60863	27.56577
76.82480	27.64092
77.04017	27.71831
77.25468	27.79802
77.46832	27.88007
77.68102	27.96449
77.89276	28.05132
78.10347	28.14062
78.31310	28.23242
78.52159	28.32677
78.72889	28.42372
78.93493	28.52331
79.13965	28.62557
79.34300	28.73056
79.54490	28.83831
79.74528	28.94885
79.94406	29.06223
80.14119	29.17847
80.33657	29.29761
80.53015	29.41968
80.72183	29.54470
80.91154	29.67269
81.09914	29.80375
81.28461	29.93782
81.46784	30.07492
81.64876	30.21506
81.82722	30.35830
82.00318	30.50463
82.17657	30.65399
82.34725	30.80643
82.51513	30.96194
82.68018	31.12048
82.84224	31.28205
83.00125	31.44662
83.15717	31.61413
83.30984	31.78462
83.45924	31.95796
83.60529	32.13415
83.74787	32.31314
83.88701	32.49483
84.02251	32.67925
84.15444	32.86624
84.28268	33.05577
84.40721	33.24778
84.52802	33.44213
84.64496	33.63884
84.75814	33.83774
84.86745	34.03879
84.97292	34.24189
85.07455	34.44692
85.17225	34.65387
85.26613	34.86257
85.35616	35.07297
85.44228	35.28498
85.52463	35.49850
85.60319	35.71344
85.67792	35.92974
85.74893	36.14729
85.81628	36.36602
85.87992	36.58583
85.93993	36.80667
85.99639	37.02845
86.04934	37.25109
86.09881	37.47451
86.14487	37.69868
86.18753	37.92350
86.22689	38.14894
86.26302	38.37492
86.29597	38.60138
86.32578	38.82829
86.35253	39.05556
86.37627	39.28318
86.39707	39.51107
86.41499	39.73923
86.43008	39.96758
86.44241	40.19610
86.55380	40.38394
86.70255	40.55783
86.84835	40.73422
86.99116	40.91305
87.13094	41.09424
87.26767	41.27775
87.40125	41.46357
87.53170	41.65159
87.65902	41.84175
87.78318	42.03399
87.90414	42.22825
88.02187	42.42451
88.13631	42.62268
88.24751	42.82269
88.35543	43.02449
88.46005	43.22801
88.56138	43.43322
88.65931	43.64005
88.75388	43.84845
88.84509	44.05833
88.93291	44.26965
89.01736	44.48235
89.09840	44.69638
89.17633	44.91154
89.25087	45.12791
89.32202	45.34543
89.38975	45.56403
89.45403	45.78365
89.51486	46.00426
89.57224	46.22579
89.62619	46.44820
89.67667	46.67141
89.72363	46.89539
89.76709	47.12006
89.80707	47.34540
89.84353	47.57132
89.87646	47.79778
89.90584	48.02475
89.93168	48.25212
89.95397	48.47989
89.97269	48.70797
89.98780	48.93632
89.99931	49.16486
90.00722	49.39357
90.01152	49.62238
90.01219	49.85123
90.00918	50.08006
90.00251	50.30881
89.99220	50.53742
89.97819	50.76585
89.96051	50.99400
89.93908	51.22185
89.91393	51.44931
89.88506	51.67633
89.85245	51.90284
89.81611	52.12877
89.77594	52.35406
89.73201	52.57865
89.68439	52.80249
89.63307	53.02552
89.57800	53.24764
89.51919	53.46881
89.45667	53.68894
89.39042	53.90798
89.32043	54.12587
89.24666	54.34250
89.16918	54.55785
89.08797	54.77180
89.00301	54.98429
88.91431	55.19522
88.82190	55.40459
88.72579	55.61228
88.62597	55.81820
88.52244	56.02229
88.41525	56.22449
88.30445	56.42472
88.18997	56.62289
88.07191	56.81892
87.95027	57.01277
87.82510	57.20434
87.69638	57.39356
87.56419	57.58038
87.42858	57.76471
87.28955	57.94646
87.14717	58.12562
87.00150	58.30210
86.85252	58.47583
86.70036	58.64677
86.54504	58.81484
86.38662	58.97997
86.22519	59.14219
86.06061	59.30120
85.89314	59.45715
85.72285	59.61004
85.54975	59.75973
85.37396	59.90626
85.19556	60.04959
85.01460	60.18964
84.83110	60.32639
84.64517	60.45983
84.45692	60.58993
84.26637	60.71668
84.07362	60.84005
83.87872	60.95997
83.68175	61.07649
83.48281	61.18959
83.28197	61.29928
83.07928	61.40553
82.87484	61.50836
82.66871	61.60778
82.46098	61.70377
82.33462	61.86419
82.28246	62.08702
82.22538	62.30862
82.16343	62.52892
82.09675	62.74784
82.02554	62.96534
81.94987	63.18130
81.86990	63.39573
81.78582	63.60855
81.69731	63.81959
81.60454	64.02879
81.50764	64.23612
81.40672	64.44149
81.30183	64.64487
81.19302	64.84620
81.08043	65.04544
80.96413	65.24253
80.84422	65.43743
80.72075	65.63013
80.59383	65.82056
80.46352	66.00867
80.32989	66.19445
80.19303	66.37787
80.05304	66.55891
79.90998	66.73753
79.76393	66.91371
79.61496	67.08744
79.46316	67.25867
79.30858	67.42741
79.15128	67.59364
78.99136	67.75732
78.82886	67.91846
78.66384	68.07703
78.49639	68.23302
78.32655	68.38640
78.15440	68.53717
77.97997	68.68533
77.80335	68.83086
77.62460	68.97375
77.44375	69.11398
77.26089	69.25154
77.07602	69.38644
76.88922	69.51865
76.70054	69.64814
76.51004	69.77496
76.31775	69.89906
76.12374	70.02043
75.92805	70.13906
75.73071	70.25497
75.53180	70.36812
75.33133	70.47851
75.12930	70.58603
74.92583	70.69076
74.72095	70.79271
74.51472	70.89187
74.30715	70.98824
74.09830	71.08182
73.88821	71.17256
73.67693	71.26047
73.46448	71.34554
73.25092	71.42779
73.03627	71.50718
72.82059	71.58370
72.60393	71.65735
72.38630	71.72812
72.16775	71.79599
71.94830	71.86094
71.72802	71.92294
71.50694	71.98202
71.28508	72.03815
71.06249	72.09133
70.83922	72.14156
70.61531	72.18880
70.39076	72.23301
70.16566	72.27420
69.94003	72.31239
69.71389	72.34755
69.48730	72.37967
69.26030	72.40871
69.03292	72.43467
68.80523	72.45753
68.57725	72.47734
68.34901	72.49405
68.12056	72.50761
67.89195	72.51802
67.66322	72.52532
67.43441	72.52950
67.20557	72.53051
66.97673	72.52831
66.74794	72.52294
66.51925	72.51443
66.29070	72.50276
66.06235	72.48781
65.83421	72.46970
65.60636	72.44842
65.37883	72.42393
65.15163	72.39648
64.92485	72.36585
64.69855	72.33177
64.48965	72.30653
64.59478	72.50980
64.70015	72.71295
64.80580	72.91595
64.91174	73.11881
65.01767	73.32167
65.12405	73.52431
65.23052	73.72688
65.33712	73.92937
65.44405	74.13171
65.55098	74.33403
65.66012	74.53516
65.77438	74.73344
65.89287	74.92922
66.01448	75.12309
66.13729	75.31620
66.25918	75.50988
66.38013	75.70417
66.49899	75.89972
66.61455	76.09725
66.72528	76.29752
66.82927	76.50135
66.92407	76.70963
67.00656	76.92303
67.07304	77.14194
67.11913	77.36600
67.14064	77.59371
67.13439	77.82232
67.09928	78.04830
67.03668	78.26828
66.94990	78.47991
66.84290	78.68214
66.71961	78.87488
66.58339	79.05871
66.43685	79.23446
66.28207	79.40302
66.12066	79.56522
65.95377	79.72176
65.78239	79.87344
65.60727	80.02074
65.42782	80.16274
65.24259	80.29710
65.05149	80.42297
64.85461	80.53957
64.65203	80.64599
64.44405	80.74139
64.23103	80.82494
64.01349	80.89587
63.79205	80.95354
63.56750	80.99747
63.34065	81.02740
63.11240	81.04327
62.88360	81.04522
62.65508	81.03358
62.42760	81.00889
62.20181	80.97179
61.97825	80.92299
61.75734	80.86327
61.53944	80.79343
61.32473	80.71429
61.11338	80.62657
60.90547	80.53096
60.70102	80.42814
60.50037	80.31810
60.30368	80.20114
60.11087	80.07793
59.92177	79.94904
59.73632	79.81495
59.55436	79.67618
59.37577	79.53309
59.20040	79.38605
59.02817	79.23537
58.85880	79.08147
58.69234	78.92442
58.52854	78.76460
58.36729	78.60222
58.20860	78.43734
58.05224	78.27023
57.89815	78.10106
57.74620	77.92992
57.59634	77.75698
57.44847	77.58231
57.30253	77.40604
57.15842	77.22826
57.01609	77.04906
56.87545	76.86852
56.73645	76.68673
56.59901	76.50374
56.46309	76.31963
56.32860	76.13446
56.19555	75.94826
56.06634	75.76733
55.93874	75.57736
55.81056	75.38778
55.68161	75.19872
55.55194	75.01015
55.42155	74.82207
55.29060	74.63439
55.15884	74.44727
55.02636	74.26067
54.89317	74.07458
54.75924	73.88900
54.62453	73.70399
54.48909	73.51953
54.35290	73.33562
54.21592	73.15228
54.07815	72.96957
53.93959	72.78743
53.80025	72.60589
53.66010	72.42497
53.51910	72.24473
53.37727	72.06512
53.23461	71.88617
53.09111	71.70790
52.94676	71.53033
52.80149	71.35349
52.65536	71.17738
52.50834	71.00199
52.36041	70.82738
52.21159	70.65354
52.06183	70.48050
51.91113	70.30826
51.75949	70.13686
51.60689	69.96632
51.45330	69.79666
51.29874	69.62789
51.14317	69.46004
50.98693	69.29283
50.82965	69.12659
50.67135	68.96133
50.51201	68.79706
50.35160	68.63383
50.19010	68.47169
50.02754	68.31064
49.86388	68.15067
49.69908	67.99188
49.53318	67.83425
49.36617	67.67780
49.19796	67.52261
49.02864	67.36866
48.85812	67.21603
48.68644	67.06471
48.51357	66.91474
48.33949	66.76620
48.16422	66.61904
47.98769	66.47339
47.80998	66.32922
47.63099	66.18664
47.45077	66.04559
47.26927	65.90620
47.08651	65.76846
46.90248	65.63243
46.71715	65.49817
46.51515	65.44187
46.29138	65.48983
46.06731	65.53632
45.84291	65.58127
45.61819	65.62457
45.39317	65.66624
45.16784	65.70625
44.94221	65.74451
44.71630	65.78094
44.49008	65.81548
44.26356	65.84808
44.03677	65.87871
43.80970	65.90726
43.58238	65.93365
43.35480	65.95785
43.12701	65.97974
42.89899	65.99925
42.67078	66.01629
42.44239	66.03075
42.21385	66.04257
41.98518	66.05164
41.75643	66.05784
41.52760	66.06105
41.29875	66.06112
41.06993	66.05798
40.84117	66.05153
40.61253	66.04166
40.38409	66.02808
40.15590	66.01077
39.92804	65.98956
39.70059	65.96426
39.47366	65.93475
39.24741	65.90040
39.02186	65.86168
38.79713	65.81845
38.57336	65.77058
38.35067	65.71790
38.12919	65.66023
37.90913	65.59747
37.69063	65.52943
37.47388	65.45602
37.25908	65.37708
37.04646	65.29243
36.83623	65.20204
36.62862	65.10578
36.42388	65.00354
36.22227	64.89531
36.02402	64.78098
35.82942	64.66058
35.63870	64.53412
35.45215	64.40160
35.26996	64.26311
35.09241	64.11875
34.91973	63.96857
34.75209	63.81280
Edy Susanto
https://thenounproject.com/icon/brain-8234764/
