81.87500	63.69100
81.83927	63.60989
81.80354	63.52878
81.76785	63.44765
81.73228	63.36646
81.69672	63.28527
81.66126	63.20404
81.62589	63.12278
81.59051	63.04151
81.55529	62.96017
81.52012	62.87882
81.48496	62.79745
81.45000	62.71601
81.41502	62.63456
81.38016	62.55308
81.34542	62.47153
81.31068	62.38999
81.27612	62.30837
81.24162	62.22673
81.20715	62.14508
81.17290	62.06333
81.13865	61.98158
81.10453	61.89977
81.07055	61.81792
81.03656	61.73606
81.00282	61.65410
80.96911	61.57212
80.93547	61.49012
80.90205	61.40803
80.86863	61.32594
80.83541	61.24377
80.80228	61.16156
80.76919	61.07933
80.73637	60.99700
80.70356	60.91466
80.67091	60.83226
80.63842	60.74980
80.60593	60.66733
80.57375	60.58475
80.54160	60.50216
80.50954	60.41952
80.47773	60.33679
80.44592	60.25406
80.41437	60.17124
80.38290	60.08838
80.35149	60.00549
80.32039	59.92250
80.28928	59.83950
80.25839	59.75643
80.22765	59.67329
80.19691	59.59016
80.16654	59.50689
80.13618	59.42362
80.10596	59.34030
80.07597	59.25689
80.04598	59.17349
80.01630	59.08997
79.98669	59.00643
79.95715	58.92287
79.92794	58.83918
79.89873	58.75550
79.86973	58.67175
79.84090	58.58793
79.81209	58.50411
79.78362	58.42018
79.75520	58.33622
79.72687	58.25224
79.69884	58.16816
79.67082	58.08407
79.64301	57.99991
79.61539	57.91569
79.58776	57.83147
79.56048	57.74714
79.53325	57.66280
79.50608	57.57843
79.47926	57.49395
79.45243	57.40947
79.42577	57.32495
79.39935	57.24035
79.37292	57.15574
79.34674	57.07106
79.32072	56.98634
79.29469	56.90161
79.26900	56.81678
79.24336	56.73194
79.21774	56.64709
79.19250	56.56212
79.16727	56.47716
79.14211	56.39217
79.11725	56.30709
79.09239	56.22202
79.06767	56.13691
79.04319	56.05172
79.01872	55.96653
78.99442	55.88129
78.97032	55.79599
78.94624	55.71070
78.92233	55.62535
78.89861	55.53995
78.87489	55.45455
78.85136	55.36909
78.82801	55.28359
78.80466	55.19809
78.78149	55.11254
78.75851	55.02694
78.73553	54.94133
78.71269	54.85569
78.69006	54.77000
78.66744	54.68430
78.64493	54.59857
78.62265	54.51278
78.60037	54.42699
78.57816	54.34119
78.55622	54.25531
78.53429	54.16944
78.51235	54.08356
78.49075	53.99760
78.46915	53.91164
78.44755	53.82568
78.42620	53.73965
78.40493	53.65361
78.38365	53.56757
78.36253	53.48149
78.34158	53.39537
78.32063	53.30925
78.29973	53.22311
78.27908	53.13692
78.25845	53.05072
78.23780	52.96452
78.21740	52.87827
78.19706	52.79200
78.17672	52.70573
78.15649	52.61944
78.13644	52.53310
78.11640	52.44677
78.09636	52.36043
78.07656	52.27403
78.05681	52.18763
78.03705	52.10122
78.01739	52.01480
77.99791	51.92833
77.97843	51.84187
77.95895	51.75540
77.93967	51.66889
77.92046	51.58236
77.90126	51.49583
77.88206	51.40930
77.86312	51.32272
77.84418	51.23613
77.82523	51.14955
77.80637	51.06294
77.78767	50.97630
77.76898	50.88966
77.75030	50.80302
77.73174	50.71635
77.71329	50.62966
77.69485	50.54296
77.67641	50.45627
77.65812	50.36954
77.63992	50.28280
77.62171	50.19606
77.60351	50.10931
77.58547	50.02253
77.56750	49.93574
77.54953	49.84895
77.53156	49.76216
77.51375	49.67533
77.49599	49.58849
77.47824	49.50166
77.46049	49.41482
77.44289	49.32795
77.42535	49.24107
77.40781	49.15419
77.39027	49.06731
77.37286	48.98040
77.35552	48.89348
77.33820	48.80655
77.32087	48.71963
77.30361	48.63269
77.28648	48.54573
77.26935	48.45877
77.25221	48.37181
77.23509	48.28484
77.21815	48.19785
77.20122	48.11084
77.18428	48.02384
77.16734	47.93684
77.15054	47.84982
77.13378	47.76278
77.11703	47.67575
77.10027	47.58871
77.08357	47.50167
77.06700	47.41459
77.05042	47.32753
77.03385	47.24046
77.01728	47.15339
77.00083	47.06629
76.98443	46.97919
76.96803	46.89209
76.95162	46.80498
76.93521	46.71788
76.91877	46.63078
76.90202	46.54375
76.88498	46.45677
76.86768	46.36984
76.85010	46.28297
76.83224	46.19615
76.81413	46.10939
76.79572	46.02269
76.77703	45.93605
76.75803	45.84947
76.73876	45.76296
76.71922	45.67651
76.69938	45.59013
76.67928	45.50380
76.65888	45.41754
76.63821	45.33136
76.61726	45.24523
76.59601	45.15919
76.57446	45.07322
76.55262	44.98731
76.53050	44.90148
76.50810	44.81573
76.48542	44.73005
76.46245	44.64444
76.43920	44.55891
76.41566	44.47346
76.39183	44.38809
76.36771	44.30280
76.34330	44.21759
76.31858	44.13248
76.29358	44.04745
76.26828	43.96250
76.24270	43.87764
76.21683	43.79286
76.19067	43.70818
76.16423	43.62358
76.13749	43.53907
76.11047	43.45466
76.08315	43.37034
76.05553	43.28612
76.02763	43.20200
75.99944	43.11796
75.97095	43.03403
75.94218	42.95020
75.91312	42.86647
75.88376	42.78284
75.85409	42.69931
75.82413	42.61590
75.79388	42.53259
75.76334	42.44938
75.73251	42.36628
75.70139	42.28329
75.66998	42.20041
75.63827	42.11765
75.60626	42.03499
75.57397	41.95245
75.54138	41.87003
75.50851	41.78772
75.47534	41.70552
75.44187	41.62345
75.40812	41.54149
75.37408	41.45966
75.33973	41.37795
75.30509	41.29636
75.27017	41.21490
75.23495	41.13356
75.19945	41.05235
75.16365	40.97127
75.12756	40.89032
75.09119	40.80949
75.05451	40.72880
75.01756	40.64824
74.98031	40.56781
74.94276	40.48753
74.90493	40.40737
74.86681	40.32735
74.82840	40.24748
74.78970	40.16774
74.75072	40.08813
74.71145	40.00868
74.67189	39.92936
74.63203	39.85020
74.59188	39.77118
74.55145	39.69230
74.51073	39.61358
74.46973	39.53500
74.42844	39.45657
74.38686	39.37829
74.34501	39.30016
74.30286	39.22219
74.26044	39.14437
74.21775	39.06670
74.17476	38.98919
74.13148	38.91183
74.08794	38.83463
74.04411	38.75760
73.99998	38.68073
73.95557	38.60402
73.91090	38.52748
73.86593	38.45109
73.82069	38.37488
73.77517	38.29883
73.72938	38.22294
73.68331	38.14722
73.63697	38.07166
73.59035	37.99628
73.54345	37.92107
73.49627	37.84604
73.44881	37.77118
73.40109	37.69649
73.35310	37.62198
73.30483	37.54764
73.25629	37.47347
73.20750	37.39948
73.15841	37.32568
73.10905	37.25206
73.05943	37.17862
73.00954	37.10536
72.95939	37.03228
72.90897	36.95938
72.85830	36.88667
72.80733	36.81415
72.75611	36.74182
72.70463	36.66967
72.65289	36.59771
72.60089	36.52593
72.54863	36.45434
72.49609	36.38296
72.44331	36.31176
72.39025	36.24075
72.33695	36.16994
72.28340	36.09931
72.22958	36.02890
72.17549	35.95867
72.12116	35.88864
72.06659	35.81880
72.01176	35.74916
71.95666	35.67974
71.90131	35.61051
71.84572	35.54148
71.78989	35.47264
71.73379	35.40402
71.67741	35.33564
71.62087	35.26737
71.56405	35.19935
71.50690	35.13160
71.44961	35.06398
71.39204	34.99658
71.33420	34.92942
71.27620	34.86240
71.21787	34.79566
71.15933	34.72911
71.10062	34.66271
71.04155	34.59663
70.98232	34.53070
70.92287	34.46496
70.86310	34.39951
70.80315	34.33422
70.74299	34.26914
70.68253	34.20433
70.62189	34.13969
70.56102	34.07526
70.49987	34.01110
70.43855	33.94711
70.37698	33.88334
70.31515	33.81984
70.25314	33.75651
70.19091	33.69340
70.12839	33.63057
70.06569	33.56792
70.00281	33.50546
69.93961	33.44332
69.87624	33.38135
69.81268	33.31957
69.74884	33.25808
69.68480	33.19681
69.62057	33.13574
69.55611	33.07490
69.49140	33.01433
69.42651	32.95396
69.36143	32.89379
69.29608	32.83391
69.23053	32.77425
69.16479	32.71480
69.09886	32.65556
69.03265	32.59663
68.96626	32.53791
68.89969	32.47940
68.83292	32.42111
68.76588	32.36313
68.69867	32.30536
68.63126	32.24781
68.56367	32.19047
68.49583	32.13343
68.42780	32.07663
68.35957	32.02005
68.29115	31.96370
68.22253	31.90759
68.15369	31.85177
68.08464	31.79619
68.01541	31.74085
67.94600	31.68574
67.87640	31.63086
67.80659	31.57626
67.73656	31.52193
67.66634	31.46783
67.59593	31.41399
67.52534	31.36039
67.45457	31.30705
67.38360	31.25395
67.31244	31.20111
67.24106	31.14856
67.16949	31.09627
67.09775	31.04423
67.02581	30.99244
66.95369	30.94093
66.88139	30.88966
66.80890	30.83866
66.73618	30.78798
66.66323	30.73764
66.59005	30.68764
66.51662	30.63800
66.44295	30.58873
66.36902	30.53983
66.29483	30.49133
66.22039	30.44323
66.14567	30.39555
66.07068	30.34830
65.99541	30.30149
65.91987	30.25514
65.84404	30.20926
65.76792	30.16385
65.69151	30.11893
65.61481	30.07452
65.53782	30.03061
65.46049	29.98729
65.38287	29.94452
65.30493	29.90229
65.22671	29.86062
65.14819	29.81952
65.06931	29.77908
64.99015	29.73922
64.91069	29.69994
64.83092	29.66132
64.75084	29.62333
64.67049	29.58592
64.58983	29.54919
64.50889	29.51306
64.42769	29.47753
64.34620	29.44266
64.26449	29.40833
64.18250	29.37465
64.10031	29.34148
64.01788	29.30891
63.93526	29.27681
63.85244	29.24524
63.76946	29.21410
63.68629	29.18344
63.60303	29.15307
63.51960	29.12314
63.43608	29.09346
63.35249	29.06402
63.26882	29.03477
63.18508	29.00572
63.10130	28.97678
63.01751	28.94788
62.93373	28.91896
62.84997	28.88998
62.76620	28.86101
62.68249	28.83190
62.59883	28.80261
62.51525	28.77312
62.43177	28.74333
62.34838	28.71330
62.26508	28.68302
62.18193	28.65234
62.09890	28.62133
62.01603	28.58989
61.93330	28.55807
61.85073	28.52584
61.76835	28.49314
61.68613	28.46003
61.60410	28.42646
61.52227	28.39241
61.44063	28.35791
61.35918	28.32296
61.27794	28.28751
61.19691	28.25159
61.11609	28.21521
61.03547	28.17838
60.95506	28.14110
60.87487	28.10335
60.79490	28.06513
60.71514	28.02648
60.63559	27.98739
60.55626	27.94788
60.47713	27.90794
60.39821	27.86760
60.31950	27.82684
60.24100	27.78569
60.16270	27.74415
60.08461	27.70222
60.00673	27.65993
59.92903	27.61726
59.85154	27.57424
59.77424	27.53088
59.69714	27.48717
59.62021	27.44314
59.54347	27.39879
59.46692	27.35413
59.39053	27.30916
59.31435	27.26386
59.23835	27.21826
59.16251	27.17239
59.08683	27.12624
59.01132	27.07984
58.93596	27.03318
58.86079	26.98621
58.78579	26.93899
58.71092	26.89154
58.63620	26.84387
58.56163	26.79597
58.48724	26.74778
58.41298	26.69939
58.33886	26.65080
58.26504	26.60174
58.19162	26.55208
58.11857	26.50189
58.04591	26.45112
57.97364	26.39982
57.90178	26.34794
57.83030	26.29553
57.75925	26.24254
57.68860	26.18902
57.61839	26.13492
57.54858	26.08032
57.47923	26.02512
57.41028	25.96943
57.34182	25.91314
57.27376	25.85636
57.20619	25.79900
57.13905	25.74114
57.07239	25.68272
57.00619	25.62379
56.94045	25.56434
56.87521	25.50434
56.81041	25.44387
56.74614	25.38283
56.68233	25.32132
56.61903	25.25928
56.55622	25.19674
56.49390	25.13372
56.43211	25.07018
56.37080	25.00617
56.31002	24.94166
56.24974	24.87667
56.18998	24.81122
56.13076	24.74528
56.07203	24.67890
56.01385	24.61202
55.95620	24.54471
55.89906	24.47696
55.84248	24.40873
55.78641	24.34008
55.73088	24.27100
55.67591	24.20147
55.62145	24.13155
55.56756	24.06118
55.51420	23.99041
55.46136	23.91925
55.40911	23.84765
55.35737	23.77569
55.30618	23.70333
55.25555	23.63058
55.20545	23.55747
55.15590	23.48398
55.10691	23.41012
55.05843	23.33591
55.01052	23.26134
54.96317	23.18642
54.91633	23.11118
54.87006	23.03558
54.82433	22.95965
54.77912	22.88342
54.73447	22.80685
54.69036	22.72997
54.64676	22.65281
54.60373	22.57532
54.56122	22.49755
54.51923	22.41949
54.47779	22.34114
54.43688	22.26251
54.39647	22.18363
54.35661	22.10446
54.31727	22.02504
54.27843	21.94537
54.24013	21.86544
54.20234	21.78527
54.16504	21.70487
54.12827	21.62421
54.09200	21.54334
54.05622	21.46225
54.02096	21.38094
53.98619	21.29941
53.95191	21.21767
53.91812	21.13573
53.88483	21.05359
53.85201	20.97126
53.81967	20.88873
53.78782	20.80602
53.75644	20.72313
53.72552	20.64006
53.69509	20.55682
53.66510	20.47341
53.63557	20.38984
53.60652	20.30610
53.57791	20.22221
53.54972	20.13818
53.52202	20.05398
53.49475	19.96966
53.46790	19.88519
53.44151	19.80057
53.41553	19.71583
53.38997	19.63097
53.36486	19.54596
53.34019	19.46083
53.31586	19.37560
53.29199	19.29025
53.26855	19.20477
53.24549	19.11919
53.22282	19.03350
53.20053	18.94772
53.17863	18.86184
53.15711	18.77585
53.13603	18.68976
53.11532	18.60358
53.09497	18.51731
53.07498	18.43097
53.05535	18.34453
53.03607	18.25802
53.01719	18.17142
52.99869	18.08475
52.98052	17.99799
52.96269	17.91117
52.94520	17.82428
52.92804	17.73732
52.91120	17.65030
52.89476	17.56321
52.87864	17.47605
52.86283	17.38884
52.84734	17.30157
52.83215	17.21425
52.81728	17.12687
52.80271	17.03944
52.78849	16.95196
52.77457	16.86443
52.76094	16.77684
52.74760	16.68922
52.73455	16.60155
52.72177	16.51385
52.70927	16.42610
52.69710	16.33830
52.68520	16.25047
52.67356	16.16261
52.66219	16.07471
52.65108	15.98677
52.64022	15.89881
52.62962	15.81081
52.61929	15.72278
52.60923	15.63472
52.59941	15.54663
52.58982	15.45852
52.58048	15.37038
52.57137	15.28222
52.56248	15.19403
52.55383	15.10582
52.54540	15.01758
52.53721	14.92933
52.52924	14.84106
52.52186	14.75273
52.51534	14.66434
52.50962	14.57589
52.50463	14.48740
52.50032	14.39887
52.49669	14.31031
52.49372	14.22172
52.49135	14.13313
52.48955	14.04451
52.48835	13.95588
52.48766	13.86726
52.48748	13.77862
52.48781	13.68999
52.48859	13.60136
52.48985	13.51273
52.49152	13.42411
52.49360	13.33551
52.49609	13.24691
52.49894	13.15832
52.50223	13.06975
52.50576	12.98119
52.50972	12.89264
52.51397	12.80411
52.51851	12.71559
52.52331	12.62709
52.52845	12.53860
52.53386	12.45014
52.53950	12.36168
52.54536	12.27324
52.55151	12.18482
52.55789	12.09642
52.56445	12.00803
52.57120	11.91965
52.57821	11.83129
52.58538	11.74296
52.59270	11.65462
52.60019	11.56631
52.60788	11.47801
52.61570	11.38972
52.62364	11.30144
52.63174	11.21318
52.63998	11.12493
52.64832	11.03669
52.65675	10.94846
52.66539	10.86024
52.67403	10.77204
52.68272	10.68383
52.69160	10.59564
52.70047	10.50745
52.70942	10.41927
52.71848	10.33110
52.72753	10.24293
52.73668	10.15477
52.74590	10.06662
52.75510	9.97846
52.76432	9.89031
52.77353	9.80216
52.78274	9.71400
52.79199	9.62585
52.80123	9.53771
52.81048	9.44955
52.81973	9.36141
52.82897	9.27325
52.83817	9.18510
52.84731	9.09694
52.85645	9.00877
52.86549	8.92061
52.87449	8.83243
52.88348	8.74426
52.89230	8.65607
52.90109	8.56786
52.90986	8.47966
52.91840	8.39144
52.92693	8.30322
52.93538	8.21500
52.94369	8.12675
52.95183	8.03849
52.95984	7.95022
52.96773	7.86194
52.97547	7.77365
52.98301	7.68533
52.99039	7.59700
52.99761	7.50867
53.00464	7.42031
53.01142	7.33194
53.01801	7.24354
53.02440	7.15514
53.03056	7.06673
53.03641	6.97829
53.04202	6.88983
53.04738	6.80135
53.05247	6.71287
53.05721	6.62437
53.06161	6.53584
53.06572	6.44730
53.06949	6.35875
53.07293	6.27018
53.07591	6.18160
53.07851	6.09300
53.08069	6.00440
53.08242	5.91579
53.08369	5.82715
53.08447	5.73853
53.08472	5.64989
53.08445	5.56126
53.08362	5.47263
53.08216	5.38401
53.08009	5.29540
53.07737	5.20681
53.07396	5.11824
53.06979	5.02971
53.06485	4.94121
53.05910	4.85277
53.05250	4.76438
53.04500	4.67606
53.03653	4.58784
53.02703	4.49971
53.01645	4.41171
53.00472	4.32387
52.99178	4.23617
52.97755	4.14870
52.96194	4.06145
52.94484	3.97448
52.92622	3.88783
52.90591	3.80155
52.88383	3.71572
52.85985	3.63039
52.83385	3.54567
52.80569	3.46162
52.77520	3.37840
52.74224	3.29613
52.70668	3.21495
52.66831	3.13505
52.62700	3.05664
52.58257	2.97995
52.53487	2.90526
52.48376	2.83286
52.42915	2.76305
52.37096	2.69621
52.30920	2.63267
52.24385	2.57281
52.17508	2.51693
52.10300	2.46536
52.02788	2.41835
51.95000	2.37605
51.86968	2.33863
51.78727	2.30604
51.70309	2.27831
51.61724	2.25635
51.53009	2.24039
51.44204	2.23029
51.35353	2.22581
51.26491	2.22660
51.17648	2.23231
51.08846	2.24256
51.00101	2.25699
50.91428	2.27522
50.82835	2.29696
50.74330	2.32185
50.65914	2.34963
50.57587	2.38001
50.49355	2.41282
50.41211	2.44780
50.33156	2.48478
50.25188	2.52360
50.17304	2.56410
50.09502	2.60615
50.01779	2.64964
49.94132	2.69444
49.86559	2.74050
49.79056	2.78769
49.71623	2.83597
49.64253	2.88520
49.56945	2.93535
49.49701	2.98641
49.42513	3.03827
49.35380	3.09087
49.28302	3.14423
49.21276	3.19826
49.14298	3.25290
49.07370	3.30820
49.00488	3.36404
48.93649	3.42043
48.86855	3.47736
48.80101	3.53473
48.73390	3.59263
48.66714	3.65094
48.60078	3.70969
48.53476	3.76883
48.46911	3.82838
48.40379	3.88827
48.33879	3.94856
48.27411	4.00914
48.20975	4.07009
48.14566	4.13132
48.08190	4.19287
48.01838	4.25470
47.95516	4.31681
47.89218	4.37919
47.82946	4.44181
47.76700	4.50469
47.70475	4.56780
47.64278	4.63115
47.58100	4.69471
47.51945	4.75849
47.45815	4.82251
47.39698	4.88665
47.33609	4.95105
47.27537	5.01561
47.21479	5.08032
47.15445	5.14525
47.09429	5.21033
47.03426	5.27555
46.97444	5.34094
46.91479	5.40650
46.85527	5.47217
46.79591	5.53799
46.73673	5.60397
46.67766	5.67006
46.61874	5.73628
46.55999	5.80264
46.50134	5.86910
46.44281	5.93566
46.38446	6.00237
46.32620	6.06917
46.26804	6.13605
46.21004	6.20307
46.15212	6.27016
46.09430	6.33733
46.03661	6.40463
45.97902	6.47200
45.92150	6.53943
45.86409	6.60697
45.80678	6.67457
45.74953	6.74224
45.69238	6.80998
45.63535	6.87783
45.57836	6.94572
45.52138	7.01361
45.46457	7.08163
45.40777	7.14968
45.35098	7.21773
45.29435	7.28592
45.23772	7.35410
45.18113	7.42231
45.12463	7.49060
45.06813	7.55889
45.01167	7.62723
44.95527	7.69560
44.89887	7.76397
44.84252	7.83239
44.78620	7.90083
44.72988	7.96927
44.67356	8.03771
44.61724	8.10614
44.56091	8.17458
44.50457	8.24300
44.44824	8.31143
44.39190	8.37986
44.33556	8.44828
44.27920	8.51669
44.22275	8.58501
44.16629	8.65334
44.10974	8.72159
44.05315	8.78981
43.99650	8.85798
43.93972	8.92603
43.88295	8.99409
43.82599	9.06201
43.76892	9.12982
43.71172	9.19753
43.65437	9.26511
43.59685	9.33254
43.53914	9.39981
43.48122	9.46690
43.42306	9.53378
43.36462	9.60043
43.30590	9.66681
43.24681	9.73289
43.18736	9.79861
43.12747	9.86395
43.06704	9.92880
43.00601	9.99306
42.94429	10.05667
42.88173	10.11946
42.81816	10.18122
42.75336	10.24169
42.68700	10.30044
42.61863	10.35684
42.54749	10.40969
42.47239	10.45667
42.39161	10.49295
42.30744	10.52063
42.22146	10.54209
42.13436	10.55848
42.04659	10.57069
41.95839	10.57952
41.86997	10.58553
41.78142	10.58920
41.69280	10.59088
41.60417	10.59095
41.51554	10.58960
41.42694	10.58711
41.33839	10.58362
41.24985	10.57938
41.16136	10.57444
41.07289	10.56900
40.98445	10.56308
40.89603	10.55694
40.80763	10.55054
40.71923	10.54403
40.63085	10.53748
40.54245	10.53095
40.45405	10.52457
40.36563	10.51837
40.27720	10.51236
40.18875	10.50674
40.10027	10.50151
40.01176	10.49678
39.92323	10.49256
39.83467	10.48903
39.74608	10.48616
39.65747	10.48407
39.56885	10.48287
39.48021	10.48262
39.39158	10.48344
39.30298	10.48541
39.21440	10.48865
39.12589	10.49326
39.03746	10.49938
38.94917	10.50712
38.86111	10.51715
38.77311	10.52769
38.68516	10.53869
38.59727	10.55015
38.50945	10.56210
38.42170	10.57458
38.33403	10.58763
38.24644	10.60120
38.15893	10.61525
38.07148	10.62971
37.98409	10.64448
37.89669	10.65926
37.80927	10.67383
37.72176	10.68787
37.63411	10.70106
37.54631	10.71321
37.45836	10.72418
37.37027	10.73400
37.28207	10.74271
37.19377	10.75042
37.10540	10.75722
37.01697	10.76322
36.92849	10.76850
36.83998	10.77317
36.75144	10.77732
36.66289	10.78101
36.57432	10.78427
36.48573	10.78718
36.39713	10.78977
36.30853	10.79206
36.24721	10.75154
36.21165	10.67036
36.17564	10.58937
36.13921	10.50857
36.10236	10.42795
36.06512	10.34752
36.02750	10.26728
35.98948	10.18721
35.95110	10.10732
35.91237	10.02760
35.87329	9.94804
35.83386	9.86866
35.79411	9.78943
35.75404	9.71038
35.71364	9.63149
35.67294	9.55275
35.63195	9.47417
35.59062	9.39575
35.54903	9.31749
35.50715	9.23937
35.46496	9.16142
35.42252	9.08361
35.37978	9.00596
35.33678	8.92846
35.29352	8.85111
35.24997	8.77391
35.20618	8.69684
35.16211	8.61995
35.11779	8.54318
35.07322	8.46657
35.02839	8.39011
34.98332	8.31379
34.93797	8.23765
34.89242	8.16161
34.84660	8.08575
34.80048	8.01004
34.75422	7.93444
34.70768	7.85902
34.66088	7.78374
34.61386	7.70861
34.56657	7.63364
34.51907	7.55881
34.47131	7.48415
34.42332	7.40962
34.37510	7.33526
34.32664	7.26106
34.27792	7.18700
34.22898	7.11311
34.17979	7.03937
34.13038	6.96579
34.08072	6.89238
34.03082	6.81913
33.98067	6.74605
33.93029	6.67312
33.87966	6.60037
33.82880	6.52779
33.77767	6.45538
33.72632	6.38314
33.67470	6.31109
33.62286	6.23920
33.57074	6.16751
33.51839	6.09599
33.46577	6.02467
33.41291	5.95352
33.35977	5.88258
33.30640	5.81182
33.25274	5.74128
33.19883	5.67091
33.14464	5.60078
33.09021	5.53083
33.03547	5.46112
32.98048	5.39160
32.92520	5.32232
32.86966	5.25326
32.81380	5.18443
32.75768	5.11583
32.70125	5.04748
32.64453	4.97937
32.58752	4.91151
32.53019	4.84391
32.47257	4.77657
32.41461	4.70952
32.35635	4.64271
32.29776	4.57621
32.23885	4.50998
32.17960	4.44406
32.12001	4.37845
32.06009	4.31314
31.99980	4.24818
31.93915	4.18353
31.87815	4.11923
31.81677	4.05530
31.75502	3.99171
31.69287	3.92852
31.63033	3.86571
31.56740	3.80329
31.50405	3.74131
31.44027	3.67976
31.37608	3.61864
31.31145	3.55800
31.24635	3.49784
31.18081	3.43818
31.11480	3.37902
31.04830	3.32043
30.98130	3.26241
30.91380	3.20496
30.84579	3.14813
30.77725	3.09193
30.70815	3.03642
30.63849	2.98163
30.56825	2.92757
30.49742	2.87428
30.42599	2.82180
30.35394	2.77019
30.28124	2.71948
30.20790	2.66972
30.13387	2.62098
30.05916	2.57331
29.98372	2.52677
29.90756	2.48144
29.83065	2.43738
29.75298	2.39469
29.67453	2.35346
29.59528	2.31375
29.51523	2.27571
29.43436	2.23943
29.35267	2.20504
29.27017	2.17268
29.18682	2.14250
29.10268	2.11466
29.01775	2.08932
28.93206	2.06667
28.84567	2.04690
28.75862	2.03023
28.67101	2.01685
28.58294	2.00699
28.49452	2.00088
28.40593	1.99873
28.31732	2.00072
28.22893	2.00707
28.14097	2.01789
28.05370	2.03335
27.96739	2.05345
27.88231	2.07827
27.79877	2.10783
27.71727	2.14261
27.63832	2.18287
27.56246	2.22866
27.49019	2.27995
27.42200	2.33653
27.35829	2.39812
27.29932	2.46427
27.24526	2.53447
27.19613	2.60822
27.15181	2.68496
27.11215	2.76422
27.07691	2.84553
27.04582	2.92852
27.01858	3.01286
26.99492	3.09827
26.97454	3.18452
26.95718	3.27144
26.94259	3.35885
26.93054	3.44666
26.92082	3.53476
26.91325	3.62306
26.90766	3.71152
26.90387	3.80007
26.90177	3.88867
26.90121	3.97731
26.90208	4.06594
26.90428	4.15454
26.90772	4.24311
26.91231	4.33162
26.91795	4.42008
26.92459	4.50846
26.93215	4.59677
26.94057	4.68500
26.94980	4.77315
26.95979	4.86123
26.97048	4.94921
26.98183	5.03711
26.99384	5.12493
27.00642	5.21267
27.01954	5.30033
27.03317	5.38790
27.04730	5.47540
27.06189	5.56283
27.07691	5.65018
27.09231	5.73746
27.10812	5.82468
27.12427	5.91182
27.14075	5.99891
27.15756	6.08594
27.17469	6.17289
27.19207	6.25981
27.20969	6.34668
27.22754	6.43350
27.24562	6.52026
27.26395	6.60698
27.28246	6.69366
27.30114	6.78030
27.31997	6.86692
27.33897	6.95349
27.35812	7.04002
27.37740	7.12654
27.39677	7.21303
27.41625	7.29949
27.43590	7.38592
27.45554	7.47235
27.47526	7.55877
27.49507	7.64515
27.51489	7.73154
27.53480	7.81792
27.55473	7.90428
27.57466	7.99065
27.59459	8.07701
27.61452	8.16337
27.63444	8.24974
27.65435	8.33610
27.67427	8.42247
27.69409	8.50886
27.71390	8.59525
27.73368	8.68166
27.75332	8.76809
27.77296	8.85451
27.79251	8.94096
27.81196	9.02744
27.83131	9.11394
27.85052	9.20046
27.86962	9.28701
27.88861	9.37359
27.90745	9.46019
27.92612	9.54684
27.94465	9.63352
27.96302	9.72022
27.98120	9.80697
27.99916	9.89376
28.01694	9.98060
28.03453	10.06747
28.05190	10.15438
28.06898	10.24136
28.08584	10.32837
28.10249	10.41542
28.11883	10.50254
28.13487	10.58971
28.15065	10.67693
28.16607	10.76421
28.18121	10.85154
28.19598	10.93894
28.21041	11.02638
28.22447	11.11390
28.23814	11.20147
28.25142	11.28910
28.26426	11.37681
28.27669	11.46456
28.28864	11.55239
28.30013	11.64027
28.31112	11.72822
28.32158	11.81623
28.33154	11.90430
28.34089	11.99244
28.34968	12.08064
28.35788	12.16889
28.36540	12.25721
28.37228	12.34557
28.37849	12.43398
28.38392	12.52245
28.38862	12.61096
28.39256	12.69951
28.39564	12.78808
28.39789	12.87669
28.39922	12.96531
28.39960	13.05394
28.39901	13.14258
28.39738	13.23120
28.39468	13.31979
28.39083	13.40833
28.38582	13.49682
28.37957	13.58524
28.37202	13.67355
28.36310	13.76173
28.35277	13.84976
28.33379	13.93627
28.31341	14.02253
28.29317	14.10882
28.27295	14.19512
28.25286	14.28145
28.23283	14.36779
28.21290	14.45415
28.19306	14.54053
28.17331	14.62693
28.15367	14.71338
28.13409	14.79982
28.11469	14.88629
28.09533	14.97279
28.07614	15.05932
28.05702	15.14587
28.03804	15.23245
28.01919	15.31905
28.00044	15.40568
27.98187	15.49235
27.96336	15.57903
27.94507	15.66576
27.92687	15.75250
27.90884	15.83928
27.89096	15.92609
27.87320	16.01292
27.85567	16.09981
27.83822	16.18670
27.82102	16.27365
27.80395	16.36063
27.78704	16.44763
27.77036	16.53469
27.75378	16.62175
27.73746	16.70887
27.72133	16.79603
27.70540	16.88321
27.68966	16.97044
27.67414	17.05771
27.65886	17.14501
27.64378	17.23235
27.62893	17.31973
27.61430	17.40715
27.59993	17.49462
27.58580	17.58211
27.57191	17.66965
27.55827	17.75723
27.54489	17.84485
27.53180	17.93251
27.51897	18.02021
27.50641	18.10795
27.49412	18.19572
27.48216	18.28354
27.47047	18.37140
27.45908	18.45930
27.44800	18.54724
27.43726	18.63522
27.42682	18.72324
27.41669	18.81130
27.40693	18.89938
27.39751	18.98752
27.38842	19.07568
27.37968	19.16388
27.37133	19.25213
27.36334	19.34040
27.35570	19.42871
27.34848	19.51704
27.34164	19.60541
27.33517	19.69381
27.32915	19.78224
27.32353	19.87068
27.31830	19.95917
27.31352	20.04767
27.30918	20.13620
27.30525	20.22474
27.30181	20.31331
27.29881	20.40190
27.29624	20.49049
27.29420	20.57910
27.29260	20.66772
27.29147	20.75635
27.29088	20.84498
27.29077	20.93361
27.29114	21.02225
27.29207	21.11087
27.29348	21.19950
27.29544	21.28811
27.29795	21.37670
27.30096	21.46528
27.30457	21.55384
27.30870	21.64238
27.31339	21.73090
27.31869	21.81937
27.32452	21.90780
27.33096	21.99621
27.33798	22.08456
27.34556	22.17287
27.35380	22.26112
27.36261	22.34931
27.37204	22.43745
27.38209	22.52551
27.39272	22.61350
27.40405	22.70141
27.41595	22.78923
27.42885	22.87693
27.44239	22.96452
27.45653	23.05201
27.47124	23.13942
27.48652	23.22672
27.50238	23.31393
27.51881	23.40103
27.53580	23.48801
27.55339	23.57489
27.57154	23.66164
27.59027	23.74828
27.60955	23.83478
27.62939	23.92116
27.64980	24.00742
27.67077	24.09353
27.69231	24.17952
27.71439	24.26535
27.73703	24.35105
27.76021	24.43660
27.78394	24.52201
27.80820	24.60724
27.83302	24.69234
27.85837	24.77727
27.88424	24.86203
27.91064	24.94663
27.93758	25.03109
27.96502	25.11536
27.99298	25.19947
28.02145	25.28341
28.05043	25.36716
28.07993	25.45074
28.10991	25.53416
28.14039	25.61739
28.17135	25.70043
28.20280	25.78331
28.23473	25.86600
28.26713	25.94847
28.30000	26.03080
28.33334	26.11293
28.36718	26.19484
28.40143	26.27659
28.43614	26.35815
28.47128	26.43952
28.50686	26.52068
28.54289	26.60168
28.57933	26.68246
28.61620	26.76305
28.65350	26.84346
28.69121	26.92369
28.72932	27.00369
28.76784	27.08352
28.80676	27.16316
28.84607	27.24259
28.88577	27.32184
28.92586	27.40089
28.96632	27.47975
29.00716	27.55841
29.04836	27.63688
29.08993	27.71517
29.13186	27.79326
29.17413	27.87115
29.21676	27.94888
29.25973	28.02639
29.30304	28.10372
29.34669	28.18087
29.39065	28.25782
29.43495	28.33460
29.47956	28.41119
29.52449	28.48759
29.56973	28.56381
29.61526	28.63984
29.66111	28.71571
29.70724	28.79137
29.75367	28.86688
29.80040	28.94221
29.84741	29.01733
29.89471	29.09229
29.94228	29.16708
29.99012	29.24169
30.03823	29.31613
30.08660	29.39041
30.13522	29.46452
30.18409	29.53845
30.23321	29.61222
30.28259	29.68585
30.33219	29.75929
30.38206	29.83256
30.43218	29.90568
30.48251	29.97862
30.53307	30.05141
30.58387	30.12406
30.63487	30.19656
30.68608	30.26888
30.73752	30.34108
30.78916	30.41311
30.84103	30.48496
30.89311	30.55669
30.94538	30.62827
30.99785	30.69970
31.05050	30.77099
31.10335	30.84216
31.15639	30.91318
31.20963	30.98403
31.26306	31.05475
31.31667	31.12534
31.37043	31.19579
31.42438	31.26612
31.47849	31.33632
31.53279	31.40636
31.58727	31.47630
31.64190	31.54609
31.69668	31.61575
31.75162	31.68531
31.80672	31.75474
31.86200	31.82404
31.91741	31.89319
31.97299	31.96226
32.02869	32.03120
32.08452	32.10002
32.14054	32.16871
32.19669	32.23729
32.25297	32.30576
32.30938	32.37413
32.36592	32.44239
32.42262	32.51051
32.47945	32.57854
32.53639	32.64647
32.59344	32.71429
32.65063	32.78199
32.70797	32.84959
32.76541	32.91709
32.82296	32.98450
32.88062	33.05182
32.93842	33.11900
32.99633	33.18610
33.05565	33.25192
33.11762	33.31529
33.17959	33.37867
33.24131	33.44226
33.30283	33.50607
33.36405	33.57018
33.42487	33.63464
33.48525	33.69952
33.54514	33.76487
33.60442	33.83075
33.66302	33.89725
33.72088	33.96440
33.77792	34.03222
33.83401	34.10085
33.88910	34.17029
33.94305	34.24061
33.99579	34.31183
34.04722	34.38402
34.09722	34.45723
34.14567	34.53141
34.19246	34.60670
34.23750	34.68305
34.28059	34.76047
34.32172	34.83898
34.36068	34.91860
34.39742	34.99925
34.43177	35.08096
34.46367	35.16365
34.49300	35.24729
34.51967	35.33181
34.54364	35.41713
34.56477	35.50322
34.58309	35.58992
34.59855	35.67719
34.61111	35.76493
34.62080	35.85302
34.62757	35.94139
34.63158	36.02994
34.63926	36.11811
34.65057	36.20600
34.66134	36.29398
34.67155	36.38203
34.68127	36.47012
34.69051	36.55828
34.69927	36.64648
34.70757	36.73471
34.71537	36.82301
34.72272	36.91133
34.72966	36.99969
34.73618	37.08809
34.74231	37.17651
34.74803	37.26496
34.75334	37.35342
34.75830	37.44193
34.76291	37.53045
34.76719	37.61896
34.77113	37.70752
34.77474	37.79609
34.77804	37.88465
34.78107	37.97322
34.78382	38.06182
34.78632	38.15041
34.78847	38.23902
34.79051	38.32764
34.79227	38.41626
34.79382	38.50487
34.79523	38.59349
34.79637	38.68212
34.79742	38.77074
34.79824	38.85938
34.79896	38.94802
34.79956	39.03664
34.80000	39.12527
34.80037	39.21391
34.80062	39.30254
34.80079	39.39116
34.80088	39.47980
34.80096	39.56844
34.80104	39.65707
34.80104	39.74571
34.80103	39.83435
34.80103	39.92297
34.80106	40.01161
34.80112	40.10025
34.80118	40.18887
34.80130	40.27750
34.80157	40.36614
34.80184	40.45478
34.80211	40.54340
34.80262	40.63204
34.80320	40.72067
34.80394	40.80929
34.80484	40.89793
34.80584	40.98656
34.80710	41.07518
34.80847	41.16381
34.81010	41.25243
34.81193	41.34104
34.81393	41.42965
34.81619	41.51825
34.81874	41.60686
34.82156	41.69543
34.82466	41.78402
34.82804	41.87259
34.83173	41.96114
34.83575	42.04968
34.84013	42.13822
34.84484	42.22672
34.84991	42.31520
34.85534	42.40368
34.86118	42.49212
34.86743	42.58052
34.87410	42.66891
34.88119	42.75727
34.88870	42.84557
34.89668	42.93385
34.90516	43.02208
34.91412	43.11024
34.92356	43.19838
34.93349	43.28646
34.94394	43.37447
34.95496	43.46242
34.96653	43.55030
34.97864	43.63810
34.99131	43.72581
35.00455	43.81346
35.01842	43.90100
35.03291	43.98844
35.04799	44.07578
35.06370	44.16302
35.08002	44.25012
35.09700	44.33712
35.11467	44.42397
35.13300	44.51068
35.15200	44.59726
35.17171	44.68368
35.19209	44.76994
35.21319	44.85601
35.23500	44.94192
35.25753	45.02766
35.28080	45.11317
35.30479	45.19849
35.32953	45.28362
35.35502	45.36848
35.38126	45.45316
35.40825	45.53758
35.43145	45.62302
35.45105	45.70945
35.47120	45.79576
35.49195	45.88194
35.51326	45.96796
35.53511	46.05386
35.55756	46.13961
35.58052	46.22520
35.60404	46.31067
35.62811	46.39597
35.65268	46.48113
35.67779	46.56613
35.70342	46.65099
35.72953	46.73568
35.75618	46.82021
35.78330	46.90460
35.81089	46.98883
35.83900	47.07288
35.86757	47.15680
35.89657	47.24054
35.92606	47.32411
35.95599	47.40755
35.98633	47.49083
36.01713	47.57393
36.04835	47.65689
36.07997	47.73970
36.11201	47.82235
36.14446	47.90482
36.17728	47.98716
36.21046	48.06934
36.24400	48.15137
36.27789	48.23328
36.31213	48.31504
36.34676	48.39661
36.38171	48.47806
36.41697	48.55939
36.45254	48.64058
36.48840	48.72162
36.52455	48.80255
36.56100	48.88335
36.59775	48.96399
36.63476	49.04453
36.67202	49.12496
36.70952	49.20527
36.74725	49.28546
36.78521	49.36556
36.82339	49.44554
36.86181	49.52542
36.90042	49.60520
36.93922	49.68490
36.97819	49.76450
37.01733	49.84402
37.05664	49.92346
37.09617	50.00278
37.13571	50.08211
37.17550	50.16133
37.21534	50.24049
37.25531	50.31960
37.29540	50.39865
37.33553	50.47768
37.37582	50.55663
37.41611	50.63558
37.45658	50.71444
37.49706	50.79328
37.53754	50.87214
37.57802	50.95099
37.61853	51.02982
37.65909	51.10863
37.69965	51.18744
37.74020	51.26624
37.78077	51.34505
37.82127	51.42390
37.86176	51.50275
37.90217	51.58161
37.94254	51.66052
37.98265	51.73956
38.02191	51.81902
38.06075	51.89870
38.09916	51.97858
38.13714	52.05865
38.17465	52.13895
38.21174	52.21945
38.24839	52.30015
38.28461	52.38106
38.32039	52.46215
38.35574	52.54343
38.39064	52.62490
38.42509	52.70655
38.45911	52.78841
38.49267	52.87043
38.52579	52.95266
38.55845	53.03506
38.59065	53.11762
38.62239	53.20037
38.65368	53.28331
38.68450	53.36641
38.71485	53.44968
38.74474	53.53313
38.77415	53.61674
38.80309	53.70050
38.83155	53.78445
38.85954	53.86855
38.88704	53.95279
38.91406	54.03722
38.94060	54.12179
38.96664	54.20649
38.99220	54.29137
39.01727	54.37639
39.04182	54.46156
39.06585	54.54686
39.08937	54.63233
39.11238	54.71792
39.13489	54.80365
39.15687	54.88951
39.17831	54.97551
39.19923	55.06163
39.21964	55.14790
39.23951	55.23428
39.25882	55.32077
39.27761	55.40739
39.29586	55.49413
39.31354	55.58098
39.33067	55.66793
39.34726	55.75500
39.36329	55.84218
39.37874	55.92945
39.39363	56.01683
39.40797	56.10430
39.42170	56.19185
39.43487	56.27951
39.44747	56.36724
39.45945	56.45506
39.47087	56.54296
39.48170	56.63093
39.49191	56.71898
39.50154	56.80708
39.51056	56.89524
39.51897	56.98348
39.52680	57.07177
39.53396	57.16011
39.54054	57.24851
39.54650	57.33692
39.55182	57.42540
39.55655	57.51392
39.56060	57.60247
39.56406	57.69102
39.56686	57.77962
39.56903	57.86823
39.57056	57.95683
39.57143	58.04547
39.57170	58.13411
39.57125	58.22272
39.57021	58.31136
39.56847	58.39998
39.56611	58.48857
39.56307	58.57716
39.55938	58.66572
39.55503	58.75424
39.55000	58.84273
39.54432	58.93118
39.53795	59.01960
39.53094	59.10793
39.52323	59.19623
39.51488	59.28448
39.50582	59.37264
39.49612	59.46074
39.48571	59.54877
39.47466	59.63669
39.46289	59.72454
39.45048	59.81232
39.43737	59.89997
39.42359	59.98753
39.40914	60.07497
39.39398	60.16232
39.37819	60.24951
39.36167	60.33660
39.34454	60.42356
39.32665	60.51037
39.30815	60.59705
39.28893	60.68357
39.26905	60.76996
39.24852	60.85617
39.22727	60.94222
39.20541	61.02811
39.18282	61.11382
39.15960	61.19936
39.13570	61.28471
39.11113	61.36986
39.08594	61.45485
39.06003	61.53961
39.03350	61.62417
39.00632	61.70854
38.97845	61.79268
38.94997	61.87662
38.92083	61.96032
38.89103	62.04379
38.86063	62.12706
38.82956	62.21006
38.79786	62.29283
38.76556	62.37537
38.73260	62.45763
38.69902	62.53966
38.66485	62.62145
38.63003	62.70295
38.59460	62.78419
38.55859	62.86519
38.52197	62.94591
38.48472	63.02633
38.44691	63.10649
38.40854	63.18639
38.36951	63.26596
38.32992	63.34527
38.28979	63.42430
38.24908	63.50302
38.20776	63.58144
38.16591	63.65957
38.12352	63.73742
38.08057	63.81493
38.03704	63.89215
37.99298	63.96907
37.94842	64.04566
37.90333	64.12196
37.85765	64.19794
37.81148	64.27359
37.76480	64.34893
37.71762	64.42397
37.66994	64.49867
37.62171	64.57304
37.57300	64.64709
37.52381	64.72083
37.47416	64.79424
37.42403	64.86735
37.37339	64.94009
37.32228	65.01249
37.27072	65.08458
37.21870	65.15635
37.16624	65.22778
37.11333	65.29889
37.06034	65.36996
37.00744	65.44104
36.95485	65.51239
36.90242	65.58387
36.85023	65.65551
36.79833	65.72735
36.74654	65.79929
36.69514	65.87150
36.64386	65.94376
36.59287	66.01627
36.54217	66.08899
36.49163	66.16179
36.44144	66.23483
36.39136	66.30798
36.34163	66.38134
36.29214	66.45486
36.24289	66.52856
36.19390	66.60243
36.14521	66.67648
36.09676	66.75071
36.04864	66.82513
36.00068	66.89966
35.95302	66.97440
35.90566	67.04932
35.85858	67.12441
35.81176	67.19967
35.76521	67.27511
35.71898	67.35074
35.67302	67.42651
35.62735	67.50247
35.58195	67.57860
35.53688	67.65491
35.49209	67.73140
35.44759	67.80806
35.40340	67.88487
35.35952	67.96189
35.31594	68.03907
35.27265	68.11640
35.22969	68.19395
35.18705	68.27164
35.14470	68.34951
35.10269	68.42754
35.06100	68.50577
35.01963	68.58415
34.97858	68.66270
34.93788	68.74144
34.89750	68.82034
34.85744	68.89940
34.81774	68.97866
34.77836	69.05807
34.73931	69.13763
34.70065	69.21737
34.66229	69.29729
34.62429	69.37736
34.58667	69.45762
34.54937	69.53802
34.51244	69.61859
34.47588	69.69933
34.43966	69.78022
34.40382	69.86131
34.36835	69.94251
34.33322	70.02390
34.29850	70.10545
34.26413	70.18714
34.23014	70.26900
34.19654	70.35101
34.16328	70.43318
34.13046	70.51550
34.09800	70.59798
34.06592	70.68061
34.03424	70.76337
34.00293	70.84631
33.97205	70.92938
33.94153	71.01260
33.91144	71.09597
33.88173	71.17947
33.85243	71.26313
33.82354	71.34690
33.79503	71.43085
33.76697	71.51492
33.73927	71.59911
33.71204	71.68345
33.68516	71.76792
33.65875	71.85252
33.63272	71.93724
33.60714	72.02212
33.58196	72.10709
33.55721	72.19220
33.53288	72.27743
33.50898	72.36278
33.48550	72.44823
33.46245	72.53383
33.43982	72.61952
33.41764	72.70533
33.39588	72.79125
33.37456	72.87728
33.35366	72.96342
33.33321	73.04965
33.31318	73.13600
33.29360	73.22245
33.27444	73.30899
33.25575	73.39562
33.23746	73.48236
33.21965	73.56918
33.20223	73.65607
33.18530	73.74309
33.16879	73.83016
33.15276	73.91734
33.13708	74.00459
33.12190	74.09190
33.10717	74.17929
33.09285	74.26677
33.07906	74.35433
33.06566	74.44193
33.05267	74.52961
33.04009	74.61734
33.02802	74.70514
33.01640	74.79302
33.00520	74.88096
32.99441	74.96890
32.98402	75.05695
32.97419	75.14503
32.96476	75.23316
32.95575	75.32133
32.94714	75.40954
32.93895	75.49780
32.93130	75.58609
32.92406	75.67444
32.91722	75.76282
32.91078	75.85120
32.90477	75.93964
32.89927	76.02810
32.89418	76.11658
32.88948	76.20509
32.88519	76.29362
32.88130	76.38217
32.87793	76.47073
32.87495	76.55932
32.87237	76.64793
32.87019	76.73651
32.86839	76.82515
32.86709	76.91377
32.86619	77.00238
32.86568	77.09102
32.86555	77.17966
32.86581	77.26830
32.86651	77.35692
32.86764	77.44554
32.86915	77.53417
32.87103	77.62277
32.87329	77.71139
32.87593	77.79999
32.87904	77.88855
32.88251	77.97711
32.88634	78.06567
32.89054	78.15421
32.89509	78.24271
32.90006	78.33121
32.90543	78.41969
32.91115	78.50814
32.91722	78.59657
32.92364	78.68497
32.93040	78.77333
32.93760	78.86167
32.94513	78.94999
32.95301	79.03826
32.96121	79.12653
32.96975	79.21474
32.97864	79.30292
32.98792	79.39108
32.99752	79.47919
33.00744	79.56728
33.01767	79.65530
33.02822	79.74331
33.03913	79.83128
33.05038	79.91918
33.06202	80.00705
33.07404	80.09487
33.08668	80.18259
33.09985	80.27024
33.11359	80.35781
33.12790	80.44528
33.14278	80.53265
33.15823	80.61992
33.17430	80.70709
33.19098	80.79414
33.20828	80.88107
33.22620	80.96787
33.24477	81.05453
33.26400	81.14106
33.28390	81.22742
33.30449	81.31364
33.32578	81.39968
33.34777	81.48553
33.37048	81.57122
33.39392	81.65668
33.41812	81.74196
33.44308	81.82700
33.46882	81.91182
33.49534	81.99638
33.52267	82.08070
33.55081	82.16474
33.57981	82.24850
33.60965	82.33197
33.64035	82.41511
33.67192	82.49792
33.70438	82.58041
33.73776	82.66253
33.77205	82.74424
33.80727	82.82558
33.84343	82.90651
33.88057	82.98698
33.91866	83.06700
33.95775	83.14655
33.99783	83.22559
34.03891	83.30415
34.08104	83.38213
34.12416	83.45957
34.16835	83.53639
34.21356	83.61263
34.25984	83.68822
34.30717	83.76315
34.35556	83.83742
34.40505	83.91095
34.45559	83.98375
34.50720	84.05580
34.55991	84.12707
34.61367	84.19752
34.66852	84.26716
34.72442	84.33594
34.78138	84.40383
34.83942	84.47083
34.89850	84.53690
34.95862	84.60204
35.01974	84.66619
35.08190	84.72939
35.14505	84.79160
35.20916	84.85276
35.27425	84.91293
35.34029	84.97205
35.40724	85.03013
35.47510	85.08715
35.54383	85.14310
35.61348	85.19794
35.68387	85.25176
35.75512	85.30451
35.82714	85.35618
35.89985	85.40681
35.97338	85.45632
36.04757	85.50483
36.12241	85.55229
36.19793	85.59869
36.27404	85.64411
36.35074	85.68854
36.42802	85.73194
36.50581	85.77442
36.58410	85.81596
36.66289	85.85654
36.74212	85.89626
36.82178	85.93515
36.90185	85.97316
36.98229	86.01037
37.06309	86.04683
37.14419	86.08256
37.22562	86.11756
37.30733	86.15191
37.38930	86.18564
37.47149	86.21877
37.55391	86.25140
37.63654	86.28348
37.71932	86.31512
37.80227	86.34636
37.76817	86.37119
37.68278	86.39493
37.59743	86.41884
37.51208	86.44275
37.42675	86.46666
37.34133	86.49034
37.25591	86.51402
37.17049	86.53770
37.08503	86.56115
36.99954	86.58455
36.91398	86.60775
36.82844	86.63091
36.74284	86.65388
36.65721	86.67680
36.57156	86.69955
36.48586	86.72222
36.40016	86.74480
36.31439	86.76718
36.22864	86.78955
36.14281	86.81170
36.05696	86.83376
35.97112	86.85580
35.88520	86.87755
35.79927	86.89930
35.71332	86.92094
35.62731	86.94235
35.54130	86.96376
35.45526	86.98503
35.36916	87.00608
35.28305	87.02714
35.19693	87.04809
35.11078	87.06886
35.02457	87.08948
34.93834	87.11002
34.85209	87.13039
34.76580	87.15066
34.67949	87.17084
34.59314	87.19081
34.50678	87.21072
34.42037	87.23048
34.33395	87.25009
34.24749	87.26963
34.16098	87.28897
34.07447	87.30824
33.98792	87.32732
33.90134	87.34631
33.81473	87.36516
33.72810	87.38384
33.64144	87.40245
33.55473	87.42085
33.46803	87.43919
33.38126	87.45729
33.29448	87.47533
33.20765	87.49316
33.12081	87.51090
33.03393	87.52847
32.94703	87.54589
32.86011	87.56319
32.77313	87.58029
32.68614	87.59731
32.59912	87.61409
32.51208	87.63081
32.42499	87.64726
32.33790	87.66369
32.25073	87.67980
32.16357	87.69589
32.07635	87.71169
31.98913	87.72745
31.90186	87.74292
31.81458	87.75832
31.72725	87.77345
31.63990	87.78851
31.55251	87.80330
31.46511	87.81798
31.37765	87.83243
31.29017	87.84674
31.20267	87.86082
31.11514	87.87474
31.02757	87.88844
30.93997	87.90197
30.85236	87.91529
30.76470	87.92842
30.67701	87.94135
30.58930	87.95406
30.50155	87.96656
30.41376	87.97884
30.32597	87.99092
30.23813	88.00277
30.15026	88.01442
30.06235	88.02582
29.97443	88.03702
29.88648	88.04794
29.79850	88.05867
29.71048	88.06910
29.62244	88.07935
29.53437	88.08936
29.44629	88.09907
29.35815	88.10852
29.26999	88.11771
29.18182	88.12663
29.09361	88.13527
29.00536	88.14365
28.91709	88.15172
28.82881	88.15952
28.74048	88.16701
28.65215	88.17420
28.56379	88.18108
28.47540	88.18766
28.38698	88.19391
28.29855	88.19982
28.21009	88.20540
28.12161	88.21063
28.03312	88.21552
27.94460	88.22003
27.85606	88.22420
27.76749	88.22797
27.67893	88.23138
27.59035	88.23440
27.50176	88.23701
27.41316	88.23920
27.32454	88.24100
27.23590	88.24235
27.14730	88.24326
27.05865	88.24371
26.97002	88.24370
26.88138	88.24316
26.79276	88.24214
26.70414	88.24063
26.61552	88.23859
26.52694	88.23604
26.43835	88.23293
26.34979	88.22925
26.26127	88.22500
26.17277	88.22009
26.08430	88.21458
25.99589	88.20844
25.90752	88.20164
25.81920	88.19418
25.73093	88.18601
25.64277	88.17704
25.55466	88.16734
25.46664	88.15688
25.37874	88.14563
25.29093	88.13353
25.20325	88.12051
25.11572	88.10662
25.02834	88.09184
24.94111	88.07607
24.85409	88.05928
24.76727	88.04143
24.68067	88.02250
24.59435	88.00242
24.50831	87.98116
24.42257	87.95869
24.33717	87.93493
24.25217	87.90984
24.16759	87.88335
24.08347	87.85544
23.99986	87.82603
23.91683	87.79501
23.83442	87.76237
23.75272	87.72801
23.67179	87.69189
23.59171	87.65392
23.51254	87.61404
23.43445	87.57217
23.35747	87.52822
23.28176	87.48214
23.20743	87.43388
23.13461	87.38337
23.06344	87.33053
22.99411	87.27533
22.92674	87.21774
22.86150	87.15774
22.79860	87.09531
22.73815	87.03050
22.68038	86.96329
22.62540	86.89378
22.57340	86.82202
22.52452	86.74809
22.47882	86.67215
22.43652	86.59428
22.39756	86.51467
22.36209	86.43346
22.33009	86.35081
22.30153	86.26690
22.27634	86.18193
22.25407	86.09614
22.23472	86.00966
22.21833	85.92256
22.20498	85.83492
22.19460	85.74692
22.18722	85.65860
22.18284	85.57008
22.18137	85.48148
22.18280	85.39285
22.18708	85.30432
22.19408	85.21596
22.20379	85.12788
22.21610	85.04010
22.23089	84.95271
22.24810	84.86578
22.26765	84.77932
22.28940	84.69340
22.31326	84.60806
22.33913	84.52328
22.36697	84.43913
22.39664	84.35561
22.42805	84.27273
22.46112	84.19050
22.49578	84.10891
22.53192	84.02800
22.56950	83.94773
22.60843	83.86810
22.64864	83.78912
22.69007	83.71077
22.73267	83.63304
22.77635	83.55592
22.82108	83.47941
22.86684	83.40349
22.91354	83.32816
22.96111	83.25338
23.00951	83.17912
23.05877	83.10545
23.10876	83.03226
23.15951	82.95959
23.21099	82.88742
23.26307	82.81572
23.31584	82.74451
23.36922	82.67374
23.42314	82.60342
23.47764	82.53351
23.53268	82.46404
23.58821	82.39495
23.64419	82.32625
23.70068	82.25794
23.75761	82.19000
23.81494	82.12241
23.87266	82.05514
23.93080	81.98825
23.98930	81.92167
24.04814	81.85538
24.10730	81.78938
24.16681	81.72371
24.22664	81.65831
24.28675	81.59315
24.34713	81.52827
24.40777	81.46365
24.46871	81.39927
24.52987	81.33513
24.59132	81.27125
24.65290	81.20750
24.71479	81.14405
24.77678	81.08071
24.83905	81.01764
24.90147	80.95470
24.96404	80.89194
25.02684	80.82940
25.08973	80.76693
25.15285	80.70470
25.21605	80.64258
25.27941	80.58059
25.34291	80.51875
25.40648	80.45701
25.47025	80.39542
25.53406	80.33390
25.59800	80.27254
25.66202	80.21124
25.72613	80.15002
25.79033	80.08891
25.85456	80.02784
25.91896	79.96694
25.98336	79.90604
26.04776	79.84515
26.11223	79.78434
26.17679	79.72360
26.24134	79.66288
26.30591	79.60213
26.37054	79.54148
26.43517	79.48084
26.49981	79.42019
26.56442	79.35952
26.62903	79.29884
26.69362	79.23817
26.75823	79.17748
26.82284	79.11680
26.88744	79.05613
26.95205	78.99545
27.01653	78.93462
27.08095	78.87376
27.14538	78.81288
27.20976	78.75195
27.27403	78.69090
27.33819	78.62979
27.40233	78.56861
27.46633	78.50728
27.53025	78.44589
27.59406	78.38437
27.65775	78.32273
27.72134	78.26101
27.78475	78.19906
27.84807	78.13704
27.91120	78.07484
27.97417	78.01245
28.03704	77.94997
28.09961	77.88719
28.16204	77.82430
28.22429	77.76119
28.28626	77.69782
28.34809	77.63433
28.40962	77.57053
28.47091	77.50648
28.53191	77.44219
28.59260	77.37760
28.65300	77.31272
28.71308	77.24757
28.77280	77.18208
28.83216	77.11626
28.89118	77.05011
28.94973	76.98360
29.00788	76.91669
29.06559	76.84943
29.12277	76.78172
29.17947	76.71358
29.23564	76.64501
29.29119	76.57597
29.34620	76.50645
29.40048	76.43638
29.45412	76.36582
29.50698	76.29469
29.55910	76.22299
29.61035	76.15068
29.66073	76.07777
29.71011	76.00417
29.75854	75.92993
29.80584	75.85499
29.85196	75.77929
29.89683	75.70284
29.94033	75.62563
29.98240	75.54762
30.02288	75.46876
30.06169	75.38908
30.09867	75.30854
30.13370	75.22712
30.16660	75.14482
30.19726	75.06167
30.22543	74.97764
30.25096	74.89277
30.27367	74.80710
30.29334	74.72068
30.30975	74.63358
30.32268	74.54591
30.33194	74.45776
30.33732	74.36930
30.33866	74.28069
30.33579	74.19211
30.32858	74.10378
30.31694	74.01592
30.30086	73.92877
30.28035	73.84256
30.25545	73.75750
30.22629	73.67381
30.19302	73.59167
30.15582	73.51124
30.11484	73.43264
30.07039	73.35599
30.02271	73.28127
29.97281	73.20801
29.92111	73.13603
29.86760	73.06538
29.81224	72.99615
29.75502	72.92849
29.69590	72.86246
29.63488	72.79817
29.57198	72.73575
29.50717	72.67529
29.44048	72.61688
29.37196	72.56067
29.30164	72.50674
29.22952	72.45522
29.15571	72.40614
29.08029	72.35962
29.00328	72.31575
28.92479	72.27457
28.84494	72.23614
28.76379	72.20049
28.68146	72.16765
28.59808	72.13766
28.51372	72.11047
28.42849	72.08611
28.34252	72.06454
28.25593	72.04570
28.16878	72.02961
28.08116	72.01615
27.99322	72.00528
27.90497	71.99695
27.81653	71.99109
27.72797	71.98761
27.63935	71.98643
27.55073	71.98748
27.46214	71.99070
27.37368	71.99599
27.28535	72.00329
27.19720	72.01250
27.10926	72.02357
27.02156	72.03643
26.93414	72.05099
26.84700	72.06719
26.76018	72.08498
26.67365	72.10427
26.58749	72.12500
26.50167	72.14713
26.41619	72.17059
26.33109	72.19537
26.24638	72.22141
26.16201	72.24861
26.07803	72.27693
25.99444	72.30636
25.91123	72.33691
25.82839	72.36846
25.74595	72.40096
25.66389	72.43444
25.58220	72.46886
25.50090	72.50411
25.41997	72.54027
25.33941	72.57725
25.25920	72.61498
25.17941	72.65355
25.09996	72.69283
25.02086	72.73286
24.94216	72.77357
24.86376	72.81495
24.78577	72.85704
24.70808	72.89971
24.63077	72.94305
24.55377	72.98698
24.47714	73.03150
24.40083	73.07657
24.32485	73.12223
24.24919	73.16839
24.17388	73.21511
24.09886	73.26231
24.02418	73.31006
23.94979	73.35823
23.87574	73.40694
23.80196	73.45608
23.72853	73.50568
23.65535	73.55573
23.58249	73.60619
23.50992	73.65710
23.43764	73.70837
23.36567	73.76011
23.29396	73.81220
23.22255	73.86469
23.15141	73.91756
23.08053	73.97079
23.00997	74.02440
22.93964	74.07836
22.86958	74.13267
22.79982	74.18732
22.73030	74.24231
22.66105	74.29762
22.59206	74.35328
22.52332	74.40922
22.45483	74.46549
22.38662	74.52209
22.31865	74.57896
22.25092	74.63614
22.18345	74.69363
22.11623	74.75137
22.04923	74.80939
21.98250	74.86774
21.91600	74.92634
21.84973	74.98519
21.78372	75.04435
21.71793	75.10375
21.65238	75.16339
21.58706	75.22330
21.52199	75.28349
21.45714	75.34390
21.39257	75.40462
21.32813	75.46550
21.26399	75.52666
21.20002	75.58799
21.13630	75.64960
21.07287	75.71152
21.00960	75.77358
20.94652	75.83585
20.88375	75.89844
20.82114	75.96115
20.75876	76.02413
20.69663	76.08734
20.63465	76.15068
20.57297	76.21434
20.51146	76.27818
20.45014	76.34216
20.38912	76.40646
20.32824	76.47087
20.26761	76.53553
20.20722	76.60039
20.14696	76.66539
20.08703	76.73069
20.02725	76.79612
19.96767	76.86174
19.90836	76.92763
19.84920	76.99360
19.79031	77.05985
19.73161	77.12627
19.67307	77.19283
19.61486	77.25965
19.55677	77.32661
19.49893	77.39378
19.44133	77.46113
19.38385	77.52859
19.32671	77.59636
19.26973	77.66422
19.21294	77.73228
19.15642	77.80056
19.10004	77.86894
19.04396	77.93758
18.98806	78.00637
18.93233	78.07530
18.87693	78.14446
18.82164	78.21375
18.76663	78.28325
18.71185	78.35291
18.65719	78.42270
18.60290	78.49276
18.54874	78.56291
18.49482	78.63326
18.44108	78.70375
18.38744	78.77429
18.33393	78.84496
18.28050	78.91569
18.22715	78.98648
18.17396	79.05737
18.12084	79.12831
18.06783	79.19935
18.01497	79.27048
17.96218	79.34169
17.90955	79.41300
17.85704	79.48441
17.80463	79.55589
17.75238	79.62749
17.70027	79.69920
17.64828	79.77096
17.59646	79.84286
17.54479	79.91489
17.49324	79.98699
17.44188	80.05923
17.39070	80.13158
17.33966	80.20404
17.28877	80.27661
17.23812	80.34936
17.18763	80.42219
17.13729	80.49515
17.08720	80.56828
17.03731	80.64155
16.98761	80.71491
16.93809	80.78842
16.88886	80.86214
16.83984	80.93598
16.79103	81.00996
16.74244	81.08408
16.69416	81.15842
16.64613	81.23290
16.59833	81.30754
16.55078	81.38234
16.50356	81.45735
16.45663	81.53255
16.40999	81.60792
16.36364	81.68345
16.31758	81.75918
16.27190	81.83514
16.22656	81.91129
16.18155	81.98766
16.13688	82.06420
16.09256	82.14095
16.04860	82.21793
16.00511	82.29515
15.96199	82.37260
15.91928	82.45026
15.87698	82.52814
15.83510	82.60627
15.79367	82.68461
15.75269	82.76320
15.71224	82.84206
15.67227	82.92117
15.63274	83.00051
15.59376	83.08012
15.55531	83.15996
15.51742	83.24010
15.48008	83.32048
15.44331	83.40113
15.40713	83.48203
15.37155	83.56322
15.33659	83.64467
15.30226	83.72638
15.26859	83.80836
15.23558	83.89063
15.20326	83.97314
15.17163	84.05595
15.14071	84.13902
15.11052	84.22234
15.08106	84.30595
15.05237	84.38981
15.02444	84.47393
14.99731	84.55829
14.97097	84.64292
14.94544	84.72781
14.92074	84.81292
14.89688	84.89828
14.87387	84.98389
14.85172	85.06970
14.83045	85.15574
14.81005	85.24200
14.79055	85.32847
14.77195	85.41512
14.75426	85.50198
14.73750	85.58900
14.72166	85.67620
14.70674	85.76357
14.69276	85.85110
14.67970	85.93876
14.66757	86.02657
14.65638	86.11449
14.64613	86.20251
14.63681	86.29066
14.62841	86.37891
14.62095	86.46722
14.61440	86.55562
14.60878	86.64407
14.60406	86.73257
14.60027	86.82112
14.59736	86.90971
14.59534	86.99833
14.59421	87.08694
14.59393	87.17558
14.59452	87.26421
14.59595	87.35282
14.59821	87.44144
14.60129	87.53001
14.60517	87.61856
14.60985	87.70708
14.61531	87.79554
14.62153	87.88396
14.62850	87.97231
14.63621	88.06061
14.64463	88.14885
14.65377	88.23699
14.66360	88.32510
14.67410	88.41310
14.68526	88.50103
14.69706	88.58887
14.70949	88.67663
14.72255	88.76429
14.73617	88.85186
14.75039	88.93935
14.76521	89.02675
14.78058	89.11404
14.79648	89.20123
14.81290	89.28833
14.82982	89.37533
14.84723	89.46223
14.86513	89.54906
14.88348	89.63577
14.90230	89.72237
14.92161	89.80888
14.94135	89.89529
14.96149	89.98160
14.98203	90.06783
15.00294	90.15395
15.02423	90.23998
15.04596	90.32593
15.06805	90.41176
15.09047	90.49749
15.11329	90.58315
15.13722	90.66847
15.16249	90.75342
15.18913	90.83800
15.21699	90.92211
15.24621	91.00576
15.27670	91.08903
15.30840	91.17176
15.34144	91.25402
15.37564	91.33581
15.41108	91.41703
15.44772	91.49773
15.48549	91.57791
15.52451	91.65749
15.56460	91.73653
15.60585	91.81500
15.64818	91.89285
15.69156	91.97012
15.73609	92.04678
15.78158	92.12285
15.82815	92.19828
15.87567	92.27306
15.92417	92.34724
15.97368	92.42078
16.02407	92.49371
16.07543	92.56593
16.12763	92.63757
16.18076	92.70849
16.23470	92.77882
16.28953	92.84846
16.34515	92.91749
16.40156	92.98581
16.45877	93.05354
16.51673	93.12058
16.57542	93.18697
16.63486	93.25275
16.69500	93.31786
16.75583	93.38231
16.81732	93.44614
16.87950	93.50932
16.94228	93.57188
17.00573	93.63380
17.06972	93.69508
17.13438	93.75573
17.19954	93.81579
17.26533	93.87517
17.33166	93.93401
17.39852	93.99220
17.46589	94.04977
17.53378	94.10677
17.60215	94.16312
17.67100	94.21895
17.74038	94.27415
17.81015	94.32876
17.88038	94.38281
17.95111	94.43628
18.02220	94.48920
18.09373	94.54152
18.16568	94.59329
18.23797	94.64455
18.31070	94.69518
18.38382	94.74533
18.45726	94.79494
18.53109	94.84396
18.60527	94.89251
18.67976	94.94053
18.75464	94.98799
18.82980	95.03496
18.90524	95.08141
18.98108	95.12734
19.05718	95.17278
19.13354	95.21775
19.21025	95.26220
19.28720	95.30614
19.36441	95.34963
19.44193	95.39265
19.51971	95.43517
19.59770	95.47721
19.67599	95.51884
19.75450	95.55994
19.83325	95.60059
19.91225	95.64082
19.99143	95.68060
20.07086	95.71989
20.15056	95.75878
20.23041	95.79723
20.31044	95.83524
20.39075	95.87282
20.47122	95.90994
20.55188	95.94667
20.63273	95.98299
20.71377	96.01889
20.79502	96.05434
20.87642	96.08940
20.95799	96.12407
21.03973	96.15834
21.12163	96.19221
21.20372	96.22565
21.28597	96.25873
21.36834	96.29140
21.45086	96.32371
21.53356	96.35565
21.61638	96.38715
21.69938	96.41831
21.78251	96.44909
21.86574	96.47950
21.94911	96.50955
22.03264	96.53925
22.11629	96.56854
22.20007	96.59749
22.28398	96.62608
22.36798	96.65432
22.45209	96.68220
22.53636	96.70976
22.62071	96.73695
22.70519	96.76378
22.78977	96.79026
22.87444	96.81641
22.95927	96.84224
23.04415	96.86772
23.12912	96.89288
23.21423	96.91772
23.29938	96.94220
23.38465	96.96635
23.47005	96.99019
23.55549	97.01369
23.64103	97.03688
23.72670	97.05976
23.81240	97.08231
23.89817	97.10455
23.98409	97.12649
24.07003	97.14811
24.15605	97.16940
24.24217	97.19038
24.32837	97.21107
24.41459	97.23144
24.50095	97.25153
24.58735	97.27130
24.67382	97.29079
24.76035	97.30997
24.84693	97.32885
24.93362	97.34746
25.02032	97.36576
25.10711	97.38377
25.19398	97.40149
25.28086	97.41890
25.36781	97.43603
25.45484	97.45287
25.54192	97.46944
25.62905	97.48571
25.71624	97.50171
25.80345	97.51742
25.89071	97.53286
25.97806	97.54802
26.06544	97.56290
26.15283	97.57749
26.24034	97.59184
26.32782	97.60589
26.41536	97.61967
26.50299	97.63318
26.59061	97.64642
26.67831	97.65940
26.76603	97.67211
26.85379	97.68443
26.94159	97.69669
27.02943	97.70850
27.11727	97.72026
27.20519	97.73164
27.29311	97.74275
27.38106	97.75360
27.46908	97.76419
27.55712	97.77440
27.64514	97.78458
27.73327	97.79440
27.82135	97.80393
27.90950	97.81313
27.99769	97.82228
28.08586	97.83106
28.17408	97.83960
28.26234	97.84788
28.35062	97.85588
28.43891	97.86357
28.52722	97.87118
28.61555	97.87836
28.70389	97.88548
28.79229	97.89217
28.88068	97.89878
28.96912	97.90497
29.05750	97.91110
29.14595	97.91689
29.23443	97.92240
29.32290	97.92760
29.41138	97.93275
29.49991	97.93745
29.58841	97.94211
29.67693	97.94632
29.76549	97.95051
29.85403	97.95422
29.94258	97.95793
30.03117	97.96115
30.11974	97.96438
30.20831	97.96712
30.29692	97.96985
30.38552	97.97213
30.47411	97.97437
30.56276	97.97618
30.65136	97.97794
30.73996	97.97928
30.82860	97.98055
30.91720	97.98151
31.00585	97.98238
31.09447	97.98325
31.18309	97.98413
31.27176	97.98479
31.36039	97.98537
31.44901	97.98595
31.53766	97.98653
31.62628	97.98692
31.71490	97.98721
31.80355	97.98750
31.89217	97.98779
31.98079	97.98789
32.06944	97.98789
32.15807	97.98788
32.24669	97.98788
32.33533	97.98770
32.42395	97.98741
32.51258	97.98711
32.60123	97.98682
32.68985	97.98634
32.77847	97.98577
32.86712	97.98520
32.95574	97.98462
33.04441	97.98384
33.13303	97.98299
33.22165	97.98213
33.31030	97.98128
33.39891	97.98019
33.48753	97.97906
33.57617	97.97793
33.66480	97.97680
33.75341	97.97540
33.84206	97.97400
33.93067	97.97260
34.01926	97.97115
34.10789	97.96948
34.19650	97.96782
34.28511	97.96615
34.37374	97.96439
34.46235	97.96246
34.55095	97.96053
34.63958	97.95860
34.72820	97.95651
34.81679	97.95432
34.90542	97.95213
34.99401	97.94995
35.08261	97.94754
35.17123	97.94510
35.25982	97.94267
35.34842	97.94019
35.43700	97.93751
35.52559	97.93482
35.61420	97.93214
35.70277	97.92934
35.79135	97.92641
35.87995	97.92349
35.96852	97.92056
36.05710	97.91745
36.14569	97.91428
36.23426	97.91113
36.32283	97.90793
36.41142	97.90453
36.49998	97.90115
36.58854	97.89776
36.67712	97.89424
36.76567	97.89063
36.85422	97.88702
36.94280	97.88341
37.03134	97.87959
37.11988	97.87576
37.20845	97.87193
37.29700	97.86802
37.38557	97.86399
37.47410	97.85995
37.56263	97.85593
37.65118	97.85171
37.73970	97.84747
37.82822	97.84324
37.91676	97.83893
38.00528	97.83450
38.09379	97.83007
38.18233	97.82564
38.27083	97.82104
38.35934	97.81643
38.44787	97.81181
38.53637	97.80713
38.62486	97.80234
38.71338	97.79754
38.80188	97.79275
38.89035	97.78780
38.97887	97.78283
39.06735	97.77787
39.15585	97.77282
39.24435	97.76769
39.33283	97.76257
39.42133	97.75742
39.50980	97.75215
39.59826	97.74688
39.68676	97.74160
39.77520	97.73622
39.86366	97.73080
39.95214	97.72538
40.04060	97.71988
40.12904	97.71426
40.21752	97.70865
40.30597	97.70303
40.39441	97.69743
40.48289	97.69180
40.57133	97.68620
40.65976	97.68042
40.74823	97.67457
40.83665	97.66872
40.92509	97.66288
41.01355	97.65704
41.10197	97.65119
41.19041	97.64533
41.27886	97.63929
41.36728	97.63326
41.45569	97.62722
41.54414	97.62119
41.63256	97.61515
41.72101	97.60912
41.80941	97.60300
41.89782	97.59681
41.98626	97.59062
42.07467	97.58444
42.16307	97.57825
42.25151	97.57207
42.33994	97.56588
42.42833	97.55956
42.51676	97.55322
42.60516	97.54690
42.69355	97.54057
42.78198	97.53425
42.87038	97.52792
42.95877	97.52160
43.04720	97.51527
43.13560	97.50894
43.22400	97.50262
43.31242	97.49629
43.40082	97.48997
43.48922	97.48363
43.57764	97.47727
43.66604	97.47091
43.75446	97.46455
43.84286	97.45818
43.93125	97.45182
44.01968	97.44546
44.10807	97.43910
44.19646	97.43274
44.28489	97.42638
44.37328	97.42001
44.46168	97.41365
44.55010	97.40729
44.63850	97.40097
44.72690	97.39470
44.81533	97.38842
44.90373	97.38215
44.99213	97.37587
45.08056	97.36960
45.16895	97.36335
45.25736	97.35719
45.34580	97.35104
45.43421	97.34489
45.52262	97.33874
45.61106	97.33258
45.69947	97.32642
45.78792	97.32043
45.87634	97.31445
45.96476	97.30846
46.05322	97.30247
46.14164	97.29649
46.23006	97.29050
46.31852	97.28467
46.40696	97.27890
46.49539	97.27313
46.58386	97.26736
46.67229	97.26159
46.76073	97.25582
46.84921	97.25018
46.93766	97.24467
47.02612	97.23917
47.11460	97.23367
47.20305	97.22816
47.29150	97.22266
47.37999	97.21721
47.46845	97.21194
47.55692	97.20666
47.64539	97.20141
47.73387	97.19630
47.82234	97.19118
47.91086	97.18609
47.99935	97.18115
48.08786	97.17622
48.17635	97.17129
48.26485	97.16653
48.35337	97.16179
48.44187	97.15705
48.53037	97.15248
48.61891	97.14794
48.70741	97.14341
48.79594	97.13903
48.88449	97.13470
48.97301	97.13038
49.06153	97.12620
49.15009	97.12209
49.23861	97.11800
49.32715	97.11402
49.41572	97.11015
49.50426	97.10629
49.59278	97.10253
49.68136	97.09892
49.76991	97.09530
49.85847	97.09177
49.94706	97.08839
50.03562	97.08503
50.12423	97.08173
50.21280	97.07867
50.30136	97.07581
50.38998	97.07307
50.47857	97.07062
50.56714	97.06826
50.65577	97.06606
50.74437	97.06404
50.83297	97.06209
50.92160	97.06036
51.01023	97.05869
51.09884	97.05724
51.18748	97.05579
51.27610	97.05434
51.36469	97.05311
51.45334	97.05198
51.54195	97.05086
51.63057	97.04974
51.71923	97.04884
51.80785	97.04797
51.89647	97.04711
51.98512	97.04626
52.07374	97.04559
52.16239	97.04491
52.25101	97.04425
52.33963	97.04359
52.42828	97.04307
52.51691	97.04255
52.60553	97.04202
52.69417	97.04150
52.78279	97.04111
52.87141	97.04070
52.96006	97.04031
53.04869	97.03991
53.13731	97.03951
53.22596	97.03911
53.31458	97.03871
53.40321	97.03831
53.49187	97.03793
53.58049	97.03755
53.66911	97.03718
53.75777	97.03680
53.84639	97.03643
53.93501	97.03606
54.02366	97.03569
54.11229	97.03532
54.20091	97.03494
54.28956	97.03450
54.37819	97.03401
54.46684	97.03352
54.55546	97.03303
54.64408	97.03253
54.73273	97.03204
54.82135	97.03156
54.90998	97.03106
54.99863	97.03057
55.08725	97.03002
55.17587	97.02936
55.26452	97.02869
55.35314	97.02802
55.44176	97.02736
55.53041	97.02661
55.61903	97.02579
55.70765	97.02497
55.79630	97.02415
55.88492	97.02333
55.97353	97.02239
56.06218	97.02139
56.15079	97.02038
56.23941	97.01937
56.32806	97.01836
56.41666	97.01720
56.50531	97.01598
56.59392	97.01476
56.68254	97.01353
56.77118	97.01231
56.85981	97.01092
56.94842	97.00945
57.03706	97.00799
57.12567	97.00652
57.21428	97.00506
57.30291	97.00343
57.39151	97.00169
57.48012	96.99995
57.56876	96.99822
57.65736	96.99648
57.74598	96.99460
57.83461	96.99257
57.92320	96.99053
58.01180	96.98850
58.10043	96.98647
58.18902	96.98434
58.27761	96.98199
58.36623	96.97963
58.45483	96.97728
58.54345	96.97492
58.63205	96.97256
58.72063	96.96994
58.80925	96.96733
58.89785	96.96464
58.98643	96.96185
59.07504	96.95905
59.16360	96.95611
59.25217	96.95313
59.34076	96.95013
59.42933	96.94695
59.51789	96.94376
59.60649	96.94051
59.69505	96.93712
59.78361	96.93374
59.87221	96.93021
59.96076	96.92662
60.04929	96.92303
60.13786	96.91922
60.22641	96.91541
60.31494	96.91154
60.40350	96.90751
60.49203	96.90348
60.58055	96.89932
60.66911	96.89507
60.75763	96.89081
60.84618	96.88634
60.93468	96.88185
61.02320	96.87732
61.11173	96.87258
61.20023	96.86784
61.28871	96.86301
61.37722	96.85802
61.46571	96.85303
61.55417	96.84789
61.64267	96.84264
61.73114	96.83739
61.81960	96.83192
61.90808	96.82640
61.99654	96.82086
62.08498	96.81508
62.17344	96.80929
62.26186	96.80341
62.35028	96.79735
62.43872	96.79128
62.52713	96.78505
62.61553	96.77870
62.70395	96.77235
62.79232	96.76576
62.88073	96.75912
62.96910	96.75246
63.05746	96.74551
63.14584	96.73856
63.23418	96.73154
63.32251	96.72428
63.41086	96.71702
63.49916	96.70963
63.58746	96.70204
63.67579	96.69446
63.76408	96.68667
63.85235	96.67876
63.94065	96.67085
64.02889	96.66266
64.11713	96.65441
64.20539	96.64615
64.29359	96.63756
64.38181	96.62897
64.47003	96.62029
64.55820	96.61135
64.64637	96.60241
64.73455	96.59330
64.82269	96.58399
64.91085	96.57468
64.99895	96.56514
65.08705	96.55547
65.17518	96.54578
65.26324	96.53578
65.35130	96.52573
65.43935	96.51565
65.52735	96.50520
65.61536	96.49475
65.70340	96.48420
65.79135	96.47336
65.87931	96.46251
65.96728	96.45147
66.05518	96.44022
66.14309	96.42897
66.23096	96.41743
66.31882	96.40575
66.40667	96.39408
66.49451	96.38203
66.58231	96.36992
66.67010	96.35778
66.75786	96.34523
66.84559	96.33269
66.93331	96.32001
67.02098	96.30701
67.10864	96.29402
67.19633	96.28085
67.28392	96.26747
67.37150	96.25391
67.45910	96.24014
67.54660	96.22626
67.63410	96.21220
67.72162	96.19792
67.80905	96.18349
67.89648	96.16891
67.98389	96.15413
68.07122	96.13914
68.15854	96.12399
68.24587	96.10868
68.33312	96.09315
68.42034	96.07742
68.50756	96.06153
68.59471	96.04547
68.68182	96.02915
68.76894	96.01266
68.85597	95.99601
68.94298	95.97914
69.02995	95.96204
69.11687	95.94476
69.20380	95.92730
69.29064	95.90960
69.37742	95.89168
69.46420	95.87357
69.55094	95.85528
69.63760	95.83672
69.72424	95.81794
69.81078	95.79898
69.89731	95.77982
69.98380	95.76035
70.07024	95.74069
70.15659	95.72083
70.24294	95.70075
70.32919	95.68038
70.41540	95.65981
70.50158	95.63900
70.58767	95.61797
70.67369	95.59664
70.75967	95.57509
70.84559	95.55331
70.93143	95.53130
71.01723	95.50897
71.10291	95.48643
71.18860	95.46363
71.27418	95.44061
71.35966	95.41724
71.44511	95.39363
71.53047	95.36979
71.61575	95.34570
71.70097	95.32125
71.78609	95.29655
71.87112	95.27161
71.95610	95.24639
72.04096	95.22085
72.12576	95.19500
72.21047	95.16888
72.29508	95.14250
72.37959	95.11581
72.46400	95.08877
72.54832	95.06144
72.63252	95.03384
72.71669	95.00594
72.80068	94.97767
72.88457	94.94909
72.96838	94.92020
73.05206	94.89103
73.13566	94.86151
73.21907	94.83161
73.30240	94.80139
73.38561	94.77086
73.46869	94.74001
73.55163	94.70879
73.63445	94.67716
73.71712	94.64523
73.79967	94.61295
73.88209	94.58034
73.96433	94.54732
74.04642	94.51390
74.12840	94.48012
74.21018	94.44600
74.29182	94.41152
74.37332	94.37663
74.45460	94.34130
74.53570	94.30561
74.61668	94.26951
74.69745	94.23306
74.77805	94.19622
74.85846	94.15888
74.93864	94.12114
75.01865	94.08300
75.09848	94.04445
75.17807	94.00549
75.25749	93.96610
75.33664	93.92620
75.41555	93.88589
75.49428	93.84513
75.57275	93.80395
75.65099	93.76234
75.72904	93.72026
75.80676	93.67765
75.88422	93.63459
75.96143	93.59106
76.03836	93.54708
76.11504	93.50262
76.19146	93.45767
76.26756	93.41226
76.34331	93.36629
76.41880	93.31981
76.49397	93.27285
76.56881	93.22540
76.64335	93.17743
76.71757	93.12895
76.79144	93.07998
76.86494	93.03041
76.93805	92.98038
77.01084	92.92975
77.08323	92.87862
77.15523	92.82693
77.22684	92.77469
77.29803	92.72191
77.36883	92.66858
77.43920	92.61469
77.50938	92.56056
77.57955	92.50644
77.64975	92.45229
77.71978	92.39800
77.78979	92.34367
77.85983	92.28931
77.92970	92.23479
77.99953	92.18021
78.06937	92.12561
78.13905	92.07085
78.20866	92.01600
78.27830	91.96113
78.34775	91.90607
78.41713	91.85092
78.48653	91.79575
78.55569	91.74036
78.62482	91.68487
78.69393	91.62939
78.76287	91.57369
78.83172	91.51786
78.90046	91.46192
78.96905	91.40579
79.03757	91.34952
79.10595	91.29317
79.17418	91.23662
79.24231	91.17989
79.31030	91.12305
79.37815	91.06603
79.44585	91.00880
79.51339	90.95142
79.58080	90.89388
79.64805	90.83611
79.71509	90.77816
79.78199	90.72003
79.84876	90.66169
79.91528	90.60313
79.98161	90.54435
80.04778	90.48537
80.11375	90.42619
80.17947	90.36674
80.24500	90.30701
80.31030	90.24712
80.37541	90.18696
80.44025	90.12655
80.50483	90.06585
80.56921	90.00488
80.63332	89.94370
80.69719	89.88226
80.76073	89.82044
80.82399	89.75838
80.88701	89.69604
80.94973	89.63344
81.01216	89.57053
81.07422	89.50726
81.13602	89.44367
81.19746	89.37984
81.25861	89.31566
81.31945	89.25117
81.37982	89.18632
81.43989	89.12113
81.49960	89.05563
81.55895	88.98980
81.61793	88.92366
81.67649	88.85711
81.73461	88.79021
81.79237	88.72295
81.84971	88.65538
81.90665	88.58747
81.96319	88.51920
82.01920	88.45052
82.07478	88.38146
82.12991	88.31207
82.18459	88.24232
82.23884	88.17223
82.29263	88.10177
82.34587	88.03092
82.39857	87.95966
82.45092	87.88813
82.50267	87.81617
82.55392	87.74387
82.60469	87.67120
82.65491	87.59816
82.70459	87.52477
82.75377	87.45103
82.80240	87.37692
82.85047	87.30249
82.89805	87.22769
82.94505	87.15254
82.99151	87.07703
83.03742	87.00125
83.08276	86.92509
83.12756	86.84858
83.17181	86.77181
83.21546	86.69467
83.25858	86.61723
83.30114	86.53948
83.34311	86.46142
83.38455	86.38306
83.42542	86.30443
83.46571	86.22548
83.50548	86.14625
83.54464	86.06676
83.58327	85.98700
83.62136	85.90693
83.65884	85.82666
83.69583	85.74611
83.73225	85.66529
83.76813	85.58424
83.80346	85.50296
83.83826	85.42144
83.87253	85.33970
83.90626	85.25774
83.93951	85.17556
83.97216	85.09317
84.00437	85.01057
84.03599	84.92780
84.06718	84.84483
84.09781	84.76163
84.12799	84.67832
84.15765	84.59479
84.18687	84.51110
84.21554	84.42723
84.24368	84.34322
84.27154	84.25906
84.29886	84.17474
84.32562	84.09026
84.35202	84.00563
84.37804	83.92092
84.40351	83.83604
84.42857	83.75099
84.45326	83.66587
84.47752	83.58063
84.50128	83.49525
84.52472	83.40976
84.54781	83.32420
84.57034	83.23846
84.59257	83.15267
84.61450	83.06677
84.63588	82.98076
84.65697	82.89470
84.67779	82.80853
84.69806	82.72225
84.71807	82.63592
84.73780	82.54948
84.75703	82.46297
84.77603	82.37640
84.79472	82.28974
84.81297	82.20302
84.83102	82.11626
84.84869	82.02938
84.86602	81.94248
84.88316	81.85553
84.89985	81.76846
84.91633	81.68137
84.93253	81.59424
84.94836	81.50703
84.96404	81.41980
84.97932	81.33250
84.99438	81.24513
85.00922	81.15775
85.02369	81.07031
85.03803	80.98284
85.05199	80.89532
85.06577	80.80777
85.07930	80.72018
85.09255	80.63254
85.10567	80.54486
85.11840	80.45717
85.13104	80.36945
85.14334	80.28165
85.15549	80.19387
85.16740	80.10605
85.17910	80.01817
85.19062	79.93030
85.20186	79.84241
85.21301	79.75446
85.22352	79.66647
85.23392	79.57846
85.24387	79.49036
85.25368	79.40227
85.26311	79.31415
85.27232	79.22599
85.28123	79.13782
85.28983	79.04961
85.29823	78.96136
85.30619	78.87308
85.31404	78.78477
85.32139	78.69646
85.32859	78.60812
85.33542	78.51973
85.34196	78.43136
85.34826	78.34296
85.35415	78.25451
85.35990	78.16608
85.36513	78.07761
85.37020	77.98910
85.37489	77.90060
85.37928	77.81207
85.38343	77.72352
85.38712	77.63498
85.39065	77.54643
85.39371	77.45783
85.39652	77.36926
85.39905	77.28068
85.40115	77.19204
85.40307	77.10344
85.40450	77.01482
85.40569	76.92619
85.40656	76.83757
85.40701	76.74890
85.40725	76.66029
85.40704	76.57166
85.40652	76.48302
85.40576	76.39439
85.40450	76.30578
85.40302	76.21714
85.40115	76.12853
85.39891	76.03993
85.39645	75.95131
85.39347	75.86274
85.39023	75.77420
85.38670	75.68562
85.38268	75.59706
85.37842	75.50854
85.37378	75.42001
85.36874	75.33154
85.36344	75.24307
85.35770	75.15460
85.35162	75.06618
85.34528	74.97780
85.33843	74.88940
85.33129	74.80107
85.32390	74.71275
85.31596	74.62448
85.30776	74.53624
85.29928	74.44799
85.29027	74.35981
85.28100	74.27167
85.27142	74.18353
85.26136	74.09550
85.25101	74.00748
85.24036	73.91946
85.22920	73.83157
85.21777	73.74367
85.20605	73.65579
85.19382	73.56802
85.18131	73.48029
85.16852	73.39255
85.15521	73.30493
85.14163	73.21738
85.12776	73.12981
85.11342	73.04235
85.09875	72.95495
85.08380	72.86758
85.06843	72.78030
85.05269	72.69308
85.03667	72.60589
85.02029	72.51879
85.00348	72.43172
84.98640	72.34477
84.96902	72.25787
84.95116	72.17104
84.93304	72.08428
84.91462	71.99760
84.89578	71.91096
84.87663	71.82446
84.85718	71.73798
84.83739	71.65157
84.81720	71.56528
84.79674	71.47904
84.77601	71.39286
84.75484	71.30681
84.73338	71.22081
84.71165	71.13487
84.68958	71.04904
84.66714	70.96328
84.64443	70.87760
84.62147	70.79202
84.59811	70.70652
84.57445	70.62107
84.55055	70.53574
84.52635	70.45046
84.50179	70.36529
84.47698	70.28022
84.45190	70.19517
84.42650	70.11027
84.40080	70.02547
84.37486	69.94069
84.34868	69.85602
84.32213	69.77148
84.29533	69.68697
84.26832	69.60256
84.24103	69.51825
84.21342	69.43401
84.18560	69.34985
84.15756	69.26579
84.12923	69.18179
84.10064	69.09789
84.07184	69.01408
84.04282	68.93033
84.01352	68.84669
83.98399	68.76312
83.95426	68.67960
83.92433	68.59619
83.89410	68.51283
83.86371	68.42961
83.83312	68.34643
83.80231	68.26330
83.77127	68.18028
83.74006	68.09734
83.70866	68.01442
83.67706	67.93163
83.64526	67.84892
83.61328	67.76623
83.58115	67.68362
83.54882	67.60110
83.51632	67.51865
83.48362	67.43626
83.45074	67.35397
83.41784	67.27164
83.38467	67.18946
83.35136	67.10733
83.31805	67.02517
83.28438	66.94321
83.25070	66.86124
83.21691	66.77929
83.18288	66.69746
83.14884	66.61563
83.11460	66.53384
83.08025	66.45215
83.04588	66.37042
83.01128	66.28885
82.97663	66.20728
82.94193	66.12569
82.90702	66.04423
82.87212	65.96277
82.83710	65.88132
82.80196	65.79996
82.76683	65.71860
82.73155	65.63728
82.69622	65.55601
82.66089	65.47473
82.62531	65.39351
82.58974	65.31234
82.55417	65.23117
82.51859	65.14997
82.48302	65.06879
82.44734	64.98769
82.41154	64.90658
82.37576	64.82550
82.33998	64.74442
82.30418	64.66332
82.26840	64.58224
82.23252	64.50117
82.19665	64.42014
82.16078	64.33910
82.12490	64.25803
82.08904	64.17699
82.05316	64.09595
82.01728	64.01488
81.98141	63.93384
81.94555	63.85280
81.90967	63.77173
Rachel Fredericks
https://thenounproject.com/icon/cat-6868402/