492.10870	1975.96692
495.75415	1976.16541
499.40076	1976.34106
503.04840	1976.49365
506.69696	1976.62256
510.34634	1976.72473
513.99634	1976.80334
517.64679	1976.85840
521.29749	1976.88757
524.94830	1976.89099
528.59906	1976.87024
532.24963	1976.82495
535.89972	1976.75146
539.54926	1976.65356
543.19806	1976.53113
546.84576	1976.38000
550.49231	1976.20325
554.13757	1976.00171
557.78113	1975.77136
561.42291	1975.51489
565.06287	1975.23303
568.70038	1974.92175
572.33557	1974.58398
575.96826	1974.22058
579.59778	1973.82642
583.22430	1973.40601
586.84766	1972.95874
590.46710	1972.48096
594.08301	1971.97717
597.69464	1971.44409
601.30194	1970.88196
604.90509	1970.29346
608.50275	1969.67285
612.09570	1969.02539
615.68329	1968.34863
619.26501	1967.64160
622.84131	1966.90759
626.41064	1966.14063
629.97412	1965.34680
633.53052	1964.52185
637.08002	1963.66760
640.62225	1962.78381
644.15649	1961.86865
647.68341	1960.92542
651.20129	1959.94922
654.71143	1958.94556
658.21185	1957.90857
661.70386	1956.84326
665.18567	1955.74548
668.65826	1954.61853
672.12024	1953.45959
675.57202	1952.27063
679.01282	1951.05017
682.44257	1949.79907
685.86078	1948.51672
689.26721	1947.20349
692.66144	1945.85876
696.04309	1944.48315
699.41180	1943.07593
702.76752	1941.63794
706.10938	1940.16809
709.43768	1938.66785
712.75116	1937.13489
716.05072	1935.57239
719.33423	1933.97656
722.60370	1932.35205
725.85583	1930.69312
729.09332	1929.00574
732.31305	1927.28467
735.51691	1925.53430
738.70294	1923.75171
741.87158	1921.93835
745.02252	1920.09436
748.15436	1918.21826
751.26886	1916.31348
754.36243	1914.37476
757.43799	1912.40771
760.49286	1910.40857
763.52771	1908.37939
766.54260	1906.32043
769.53534	1904.22961
772.50818	1902.11047
775.45795	1899.95923
778.38641	1897.77917
781.29260	1895.56958
784.17505	1893.32898
787.03577	1891.06079
789.87146	1888.76135
792.68396	1886.43359
795.47272	1884.07751
798.23553	1881.69104
800.97473	1879.27747
803.68787	1876.83459
806.37512	1874.36340
809.03790	1871.86584
811.67212	1869.33813
814.28094	1866.78418
816.86304	1864.20325
819.41644	1861.59387
821.94366	1858.95923
824.44214	1856.29724
826.91193	1853.60864
829.35461	1850.89539
831.76648	1848.15466
834.14990	1845.38928
836.50507	1842.59973
838.82794	1839.78320
841.12219	1836.94336
843.38660	1834.07959
845.61871	1831.19067
847.82123	1828.27905
849.99225	1825.34387
852.13092	1822.38513
854.23932	1819.40466
856.31482	1816.40125
858.35797	1813.37561
860.37000	1810.32935
862.34766	1807.26062
864.29297	1804.17114
866.20673	1801.06213
868.08466	1797.93140
869.93036	1794.78149
871.74353	1791.61279
873.52039	1788.42346
875.26471	1785.21631
876.97522	1781.99109
878.64954	1778.74683
880.29095	1775.48584
881.89734	1772.20740
883.46790	1768.91162
885.00519	1765.60034
886.50598	1762.27222
887.97156	1758.92847
889.40356	1755.57019
890.79761	1752.19604
892.15729	1748.80786
893.48242	1745.40601
894.76947	1741.98962
896.02252	1738.56055
897.23944	1735.11853
898.41931	1731.66357
899.56506	1728.19727
900.67303	1724.71851
901.74542	1721.22888
902.78333	1717.72864
903.78217	1714.21716
904.74689	1710.69604
905.67517	1707.16516
906.56635	1703.62476
907.42340	1700.07593
908.24170	1696.51807
909.02527	1692.95239
909.77313	1689.37891
910.48334	1685.79785
911.15985	1682.21033
911.79773	1678.61572
912.40112	1675.01501
912.96881	1671.40857
913.49933	1667.79651
913.99652	1664.17969
914.45471	1660.55774
914.87964	1656.93176
915.26788	1653.30164
915.62091	1649.66785
915.93958	1646.03101
916.22101	1642.39099
916.46997	1638.74866
916.68066	1635.10388
916.86273	1631.45764
917.01831	1627.81018
917.15161	1624.16174
917.26263	1620.51257
917.34698	1616.86267
917.40894	1613.21240
917.44653	1609.56177
917.45813	1605.91089
917.44672	1602.26013
917.40796	1598.60950
917.34491	1594.95923
917.25647	1591.30945
917.14063	1587.66040
917.00085	1584.01221
916.83154	1580.36548
916.63782	1576.71973
916.41547	1573.07556
916.16675	1569.43323
915.89008	1565.79297
915.58545	1562.15491
915.25311	1558.51917
914.89178	1554.88623
914.50250	1551.25623
914.08362	1547.62952
913.63617	1544.00623
913.15875	1540.38672
912.65186	1536.77124
912.11511	1533.16016
911.54755	1529.55371
910.95087	1525.95190
910.32153	1522.35571
909.66357	1518.76465
908.97180	1515.18005
908.25024	1511.60120
907.49646	1508.02905
906.71039	1504.46387
905.89404	1500.90540
905.04242	1497.35535
904.15991	1493.81274
903.24475	1490.27856
902.29517	1486.75342
901.31384	1483.23682
900.29852	1479.73010
899.24878	1476.23340
898.16656	1472.74670
897.04987	1469.27087
895.89813	1465.80640
894.71313	1462.35327
893.49414	1458.91199
892.23865	1455.48389
890.94928	1452.06836
889.62573	1448.66577
888.26660	1445.27747
886.87158	1441.90356
885.44214	1438.54431
883.97803	1435.19995
882.47803	1431.87146
880.94171	1428.55969
879.37036	1425.26428
877.76398	1421.98596
876.12244	1418.72498
874.44434	1415.48267
872.73035	1412.25916
870.98114	1409.05469
869.19672	1405.86975
867.37701	1402.70471
865.52209	1399.56030
863.63062	1396.43762
861.70380	1393.33667
859.74188	1390.25781
857.74506	1387.20142
855.71332	1384.16833
853.64685	1381.15869
851.54559	1378.17310
849.40973	1375.21228
847.23907	1372.27686
845.03387	1369.36731
842.79474	1366.48364
840.52167	1363.62683
838.21521	1360.79700
835.87543	1357.99451
833.50244	1355.22009
831.09656	1352.47424
828.65808	1349.75720
826.18726	1347.06958
823.68439	1344.41174
821.14978	1341.78418
818.58374	1339.18726
815.98657	1336.62146
813.35889	1334.08691
810.70062	1331.58459
808.01239	1329.11438
805.29443	1326.67688
802.54736	1324.27222
799.77130	1321.90125
796.96680	1319.56384
794.13416	1317.26074
791.27393	1314.99194
788.38635	1312.75793
785.47205	1310.55908
782.53137	1308.39551
779.56476	1306.26770
776.57257	1304.17590
773.55542	1302.12036
770.51373	1300.10132
767.44794	1298.11902
764.35852	1296.17395
761.24591	1294.26599
758.11072	1292.39551
754.95319	1290.56287
751.77393	1288.76807
748.57349	1287.01147
745.35223	1285.29333
742.11084	1283.61365
738.84924	1281.97327
735.56842	1280.37195
732.26862	1278.80969
728.95074	1277.28674
725.61493	1275.80334
722.26172	1274.35925
718.89178	1272.95496
715.50562	1271.59045
712.10352	1270.26611
708.68622	1268.98157
705.25385	1267.73743
701.80707	1266.53369
698.34644	1265.37085
694.87238	1264.24878
691.38531	1263.16760
687.88599	1262.12695
684.37463	1261.12732
680.85193	1260.16846
677.31842	1259.25098
673.77441	1258.37415
670.22040	1257.53882
666.65698	1256.74463
663.08453	1255.99243
659.50354	1255.28198
655.91455	1254.61304
652.31793	1253.98560
648.71448	1253.39978
645.10468	1252.85425
641.48901	1252.34973
637.86755	1251.88660
634.24121	1251.46436
630.61029	1251.08325
626.97522	1250.74377
623.33673	1250.44641
619.69470	1250.19165
616.05005	1249.97998
612.40302	1249.81128
608.75433	1249.68591
605.10455	1249.60388
601.45398	1249.56580
597.80310	1249.57190
594.15253	1249.62219
590.50293	1249.71704
586.85498	1249.85669
583.20868	1250.04138
579.56506	1250.27075
575.92468	1250.54553
572.28778	1250.86584
568.65546	1251.23132
565.02783	1251.64246
561.40564	1252.09900
557.78949	1252.60132
554.17999	1253.14905
550.57788	1253.74255
546.98340	1254.38159
543.39728	1255.06628
539.82019	1255.79651
536.25275	1256.57239
532.69562	1257.39368
529.14917	1258.26038
525.61395	1259.17212
522.09070	1260.12891
518.57996	1261.13037
515.08228	1262.17627
511.59830	1263.26733
508.12842	1264.40247
504.67322	1265.58191
501.23340	1266.80505
497.80933	1268.07129
494.40155	1269.38110
491.01083	1270.73438
487.63736	1272.13037
484.28186	1273.56848
480.94437	1275.04846
477.62601	1276.57068
474.32709	1278.13464
471.04779	1279.73926
467.78882	1281.38440
464.55045	1283.07007
461.33334	1284.79614
458.13776	1286.56165
454.96411	1288.36621
451.81281	1290.20947
448.68457	1292.09167
445.57932	1294.01160
442.49756	1295.96899
439.43973	1297.96350
436.40656	1299.99524
433.39783	1302.06311
430.41385	1304.16663
427.45538	1306.30591
424.52277	1308.48035
421.61606	1310.68909
418.73526	1312.93188
415.88165	1315.20898
413.05469	1317.51917
410.25467	1319.86194
407.48236	1322.23755
404.73798	1324.64502
402.02133	1327.08411
399.33270	1329.55396
396.67322	1332.05518
394.04245	1334.58618
391.44031	1337.14697
388.86789	1339.73767
386.32489	1342.35730
383.81149	1345.00525
381.32819	1347.68127
378.87540	1350.38538
376.45288	1353.11670
374.06076	1355.87463
371.70013	1358.65967
369.37045	1361.47046
367.07172	1364.30676
364.80515	1367.16870
362.57019	1370.05566
360.36703	1372.96680
358.19641	1375.90210
356.05820	1378.86121
353.95239	1381.84351
351.87958	1384.84888
349.83997	1387.87695
347.83359	1390.92688
345.86066	1393.99866
343.92188	1397.09216
342.01651	1400.20654
340.14551	1403.34143
338.30923	1406.49683
336.50729	1409.67200
334.74008	1412.86658
333.00848	1416.08069
331.31177	1419.31335
329.65079	1422.56421
328.02582	1425.83362
326.43658	1429.12036
324.88370	1432.42456
323.36765	1435.74561
321.88797	1439.08325
320.44577	1442.43713
319.04080	1445.80688
317.67307	1449.19177
316.34372	1452.59204
315.05237	1456.00671
313.79904	1459.43555
312.58502	1462.87878
311.40958	1466.33521
310.27350	1469.80481
309.17722	1473.28699
308.12024	1476.78149
307.10406	1480.28821
306.12814	1483.80615
305.19275	1487.33521
304.29901	1490.87476
303.44604	1494.42468
302.63547	1497.98425
301.86667	1501.55322
301.14011	1505.13110
300.45679	1508.71741
299.81589	1512.31152
299.21915	1515.91321
298.66562	1519.52185
298.15646	1523.13708
297.69177	1526.75806
297.27151	1530.38477
296.89703	1534.01636
296.56732	1537.65222
296.28427	1541.29211
296.04681	1544.93506
295.85626	1548.58093
295.71243	1552.22900
295.61581	1555.87854
295.56693	1559.52893
295.56567	1563.17969
295.61313	1566.83032
295.70853	1570.47998
295.85361	1574.12793
296.04700	1577.77356
296.29092	1581.41614
296.58374	1585.05518
296.92752	1588.68994
297.32089	1592.31958
297.76556	1595.94299
298.26065	1599.56018
298.80731	1603.16992
299.40381	1606.77161
300.04132	1610.36633
300.72034	1613.95337
301.43921	1617.53284
302.20035	1621.10339
303.00247	1624.66504
303.84598	1628.21704
304.73245	1631.75854
305.66061	1635.28955
306.63107	1638.80896
307.64523	1642.31604
308.70197	1645.81067
309.80157	1649.29187
310.94510	1652.75903
312.13263	1656.21130
313.36380	1659.64844
314.63873	1663.06921
315.95764	1666.47339
317.32141	1669.86011
318.72989	1673.22827
320.18295	1676.57751
321.68060	1679.90698
323.22318	1683.21582
324.81061	1686.50342
326.44308	1689.76904
328.12057	1693.01160
329.84326	1696.23047
331.61093	1699.42456
333.42386	1702.59351
335.28198	1705.73608
337.18518	1708.85168
339.13342	1711.93921
341.12665	1714.99780
343.16467	1718.02673
345.24765	1721.02502
347.37576	1723.99146
349.54855	1726.92529
351.76572	1729.82581
354.02692	1732.69189
356.33231	1735.52283
358.68228	1738.31677
361.07590	1741.07349
363.51263	1743.79187
365.99313	1746.47070
368.51675	1749.10876
371.08279	1751.70581
373.69177	1754.25940
376.34268	1756.76953
379.03534	1759.23486
381.76993	1761.65369
384.54501	1764.02588
387.36157	1766.34863
390.21765	1768.62256
393.11423	1770.84473
396.04971	1773.01526
399.02438	1775.13196
402.03729	1777.19373
405.08755	1779.19958
408.17578	1781.14673
411.30008	1783.03540
414.46005	1784.86377
417.65552	1786.62915
420.88538	1788.33093
424.14877	1789.96765
427.44492	1791.53735
430.77280	1793.03821
434.13190	1794.46826
437.52078	1795.82605
440.93848	1797.10950
444.38379	1798.31689
447.85550	1799.44641
451.35220	1800.49561
454.87250	1801.46289
458.41483	1802.34570
461.97772	1803.14221
465.55920	1803.85010
469.15732	1804.46729
472.77029	1804.99023
476.39999	1805.37537
480.04523	1805.29761
483.57193	1804.40186
486.63455	1802.44800
488.91141	1799.61133
490.38654	1796.28271
490.53976	1792.66663
489.15579	1789.31262
486.81302	1786.52417
483.98868	1784.21582
480.90912	1782.25781
477.67783	1780.55994
474.34894	1779.06213
470.99698	1777.61621
467.69351	1776.06226
464.44070	1774.40466
461.23795	1772.65259
458.08536	1770.81189
454.98239	1768.88818
451.92902	1766.88696
448.92557	1764.81177
445.97131	1762.66687
443.06592	1760.45618
440.20923	1758.18286
437.40234	1755.84827
434.64444	1753.45642
431.93564	1751.00891
429.27682	1748.50732
426.66702	1745.95435
424.10803	1743.35059
421.61142	1740.68701
419.18442	1737.95959
416.82715	1735.17212
414.53775	1732.32825
412.31720	1729.43042
410.16336	1726.48267
408.07751	1723.48669
406.05838	1720.44495
404.10556	1717.36035
402.22000	1714.23425
400.40085	1711.06897
398.64813	1707.86633
396.96194	1704.62854
395.34213	1701.35645
393.78940	1698.05249
392.30341	1694.71790
390.88470	1691.35400
389.53339	1687.96265
388.24963	1684.54504
387.03387	1681.10242
385.88641	1677.63684
384.80740	1674.14893
383.79730	1670.64087
382.85620	1667.11328
381.98450	1663.56812
381.18320	1660.00635
380.45233	1656.42957
379.79169	1652.83923
379.20160	1649.23645
378.68338	1645.62244
378.23657	1641.99915
377.86084	1638.36768
377.55786	1634.72949
377.32678	1631.08594
377.16745	1627.43872
377.08148	1623.78918
377.06686	1620.13831
377.12585	1616.48804
377.25616	1612.83948
377.45987	1609.19434
377.73456	1605.55396
378.08255	1601.91968
378.50110	1598.29309
378.99176	1594.67542
379.55319	1591.06799
380.18436	1587.47229
380.88696	1583.88977
381.65839	1580.32153
382.49817	1576.76843
383.40671	1573.23254
384.38281	1569.71460
385.42517	1566.21582
386.53305	1562.73718
387.70566	1559.27991
388.94272	1555.84485
390.24271	1552.43372
391.60468	1549.04639
393.02737	1545.68420
394.50983	1542.34802
396.05090	1539.03845
397.64944	1535.75610
399.30429	1532.50195
401.01416	1529.27625
402.77792	1526.07971
404.59470	1522.91296
406.46320	1519.77698
408.38205	1516.67114
410.34988	1513.59583
412.36517	1510.55164
414.42725	1507.53906
416.53540	1504.55847
418.68994	1501.61133
420.89539	1498.70190
423.15155	1495.83154
425.45877	1493.00220
427.81595	1490.21472
430.22293	1487.46985
432.67917	1484.76880
435.18454	1482.11316
437.73856	1479.50452
440.34030	1476.94324
442.98859	1474.43066
445.68433	1471.96838
448.42554	1469.55725
451.21106	1467.19739
454.04150	1464.89172
456.91464	1462.63953
459.83011	1460.44189
462.78705	1458.30078
465.78384	1456.21558
468.82037	1454.18884
471.89456	1452.21948
475.00583	1450.30933
478.15280	1448.45874
481.33411	1446.66809
484.54907	1444.93848
487.79584	1443.26929
491.07425	1441.66248
494.38159	1440.11670
497.71777	1438.63440
501.08093	1437.21350
504.47009	1435.85657
507.88370	1434.56165
511.32074	1433.33093
514.77942	1432.16260
518.25922	1431.05884
521.75824	1430.01746
525.27600	1429.04016
528.81024	1428.12573
532.36072	1427.27527
535.92548	1426.48743
539.50372	1425.76355
543.09412	1425.10193
546.69562	1424.50354
550.30701	1423.96753
553.92664	1423.49402
557.55420	1423.08264
561.18817	1422.73328
564.82770	1422.44556
568.47162	1422.21912
572.11865	1422.05383
575.76801	1421.94934
579.41858	1421.90527
583.06934	1421.92151
586.71948	1421.99756
590.36743	1422.13306
594.01312	1422.32764
597.65503	1422.58118
601.29254	1422.89319
604.92450	1423.26355
608.55029	1423.69116
612.16852	1424.17676
615.77887	1424.71912
619.38019	1425.31860
622.97156	1425.97388
626.55231	1426.68604
630.12158	1427.45300
633.67834	1428.27637
637.22223	1429.15381
640.75183	1430.08679
644.26685	1431.07349
647.76605	1432.11450
651.24890	1433.20923
654.71472	1434.35718
658.16180	1435.55823
661.59100	1436.81152
665.00000	1438.11804
668.38898	1439.47571
671.75671	1440.88550
675.10229	1442.34631
678.42535	1443.85828
681.72473	1445.42114
685.00024	1447.03345
688.25012	1448.69678
691.47437	1450.40894
694.67212	1452.17053
697.84216	1453.98120
700.98462	1455.84009
704.09747	1457.74756
707.18085	1459.70239
710.23364	1461.70447
713.25488	1463.75391
716.24451	1465.84949
719.20087	1467.99158
722.12354	1470.17932
725.01208	1472.41162
727.86499	1474.68994
730.68213	1477.01184
733.46265	1479.37756
736.20544	1481.78735
738.91010	1484.23938
741.57593	1486.73401
744.20142	1489.27051
746.78699	1491.84827
749.33112	1494.46619
751.83295	1497.12500
754.29254	1499.82312
756.70911	1502.55969
759.08081	1505.33508
761.40820	1508.14783
763.69067	1510.99731
765.92670	1513.88306
768.11584	1516.80469
770.25824	1519.76086
772.35297	1522.75073
774.39923	1525.77417
776.39636	1528.83057
778.34436	1531.91821
780.24261	1535.03650
782.09094	1538.18494
783.88782	1541.36304
785.63361	1544.56946
787.32819	1547.80310
788.97089	1551.06360
790.56158	1554.34937
792.09998	1557.66016
793.58533	1560.99512
795.01758	1564.35327
796.39703	1567.73352
797.72327	1571.13489
798.99628	1574.55676
800.21594	1577.99768
801.38208	1581.45728
802.49481	1584.93445
803.55408	1588.42798
804.56000	1591.93750
805.51251	1595.46179
806.41199	1599.00012
807.25830	1602.55151
808.05182	1606.11511
808.79279	1609.68994
809.48132	1613.27515
810.11786	1616.86987
810.70264	1620.47388
811.23547	1624.08521
811.71686	1627.70410
812.14764	1631.32947
812.52814	1634.96045
812.85895	1638.59644
813.14008	1642.23657
813.37115	1645.87988
813.55402	1649.52625
813.68921	1653.17468
813.77618	1656.82446
813.81561	1660.47485
813.80902	1664.12549
813.75659	1667.77625
813.66956	1671.42615
813.54993	1675.07495
813.39673	1678.72253
813.21021	1682.36865
812.98981	1686.01282
812.73486	1689.65479
812.44421	1693.29370
812.11670	1696.92981
811.75287	1700.56262
811.35193	1704.19141
810.91333	1707.81580
810.43481	1711.43530
809.91699	1715.04907
809.35950	1718.65710
808.76166	1722.25867
808.12134	1725.85291
807.43890	1729.43921
806.71411	1733.01746
805.94629	1736.58667
805.13300	1740.14551
804.27496	1743.69421
803.37219	1747.23169
802.42322	1750.75708
801.42627	1754.26904
800.38275	1757.76758
799.29181	1761.25171
798.15106	1764.71948
796.96136	1768.17102
795.72290	1771.60522
794.43378	1775.02087
793.09338	1778.41687
791.70300	1781.79260
790.26135	1785.14661
788.76672	1788.47742
787.22089	1791.78491
785.62372	1795.06775
783.97223	1798.32349
782.26910	1801.55261
780.51416	1804.75403
778.70502	1807.92505
776.84381	1811.06592
774.93103	1814.17542
772.96503	1817.25171
770.94672	1820.29370
768.87732	1823.30151
766.75684	1826.27344
764.58411	1829.20691
762.36163	1832.10315
760.08978	1834.96106
757.76782	1837.77856
755.39709	1840.55457
752.97888	1843.28967
750.51410	1845.98315
748.00238	1848.63257
745.44495	1851.23792
742.84363	1853.79919
740.19916	1856.31604
737.51251	1858.78796
734.78375	1861.21301
732.01428	1863.59180
729.20581	1865.92444
726.35938	1868.21069
723.47607	1870.45007
720.55713	1872.64270
717.60327	1874.78833
714.61603	1876.88696
711.59589	1878.93774
708.54419	1880.94189
705.46246	1882.89917
702.35168	1884.81006
699.21283	1886.67468
696.04730	1888.49316
692.85577	1890.26624
689.63959	1891.99390
686.39984	1893.67664
683.13696	1895.31482
679.85260	1896.90820
676.54694	1898.45789
673.22150	1899.96460
669.87714	1901.42896
666.51495	1902.85120
663.13538	1904.23230
659.73950	1905.57275
656.32751	1906.87146
652.90057	1908.13025
649.45953	1909.35034
646.00555	1910.53235
642.53851	1911.67603
639.05884	1912.78088
635.56799	1913.84961
632.06653	1914.88330
628.55426	1915.87927
625.03223	1916.84070
621.50134	1917.76892
617.96130	1918.66101
614.41302	1919.52087
610.85760	1920.34875
607.29413	1921.14246
603.72406	1921.90662
600.14728	1922.63782
596.56433	1923.33960
592.97577	1924.01111
589.38184	1924.65259
585.78271	1925.26599
582.17889	1925.84985
578.57117	1926.40698
574.95874	1926.93567
571.34247	1927.43811
567.72278	1927.91357
564.09967	1928.36316
560.47369	1928.78784
556.84460	1929.18604
553.21313	1929.56177
549.57886	1929.91052
545.94281	1930.23718
542.30481	1930.54028
538.66455	1930.81958
535.02283	1931.07788
531.37958	1931.31274
527.73499	1931.52576
524.08923	1931.71875
520.44214	1931.88928
516.79449	1932.03906
513.14575	1932.16956
509.49673	1932.27979
505.84720	1932.36938
502.19705	1932.44067
498.54660	1932.49353
494.89578	1932.52625
491.24487	1932.54065
487.59406	1932.53772
483.94330	1932.51758
480.29272	1932.47900
476.64258	1932.40112
472.99414	1932.27051
469.34805	1932.08679
465.70496	1931.85242
462.06497	1931.56873
458.42950	1931.23547
454.79843	1930.85474
451.17273	1930.42761
447.55261	1929.95483
443.93878	1929.43677
440.33142	1928.87524
436.73074	1928.27087
433.13791	1927.62476
429.55249	1926.93665
425.97501	1926.20813
422.40616	1925.43896
418.84558	1924.63184
415.29416	1923.78577
411.75150	1922.90381
408.21893	1921.98218
404.69516	1921.02710
401.18234	1920.03296
397.67902	1919.00610
394.18649	1917.94263
390.70419	1916.84631
387.23288	1915.71521
383.77261	1914.55139
380.32343	1913.35461
376.88583	1912.12524
373.45978	1910.86414
370.04553	1909.57092
366.64313	1908.24707
363.25354	1906.89185
359.87579	1905.50659
356.51071	1904.09033
353.15808	1902.64502
349.81879	1901.16931
346.49243	1899.66467
343.17953	1898.13049
339.88016	1896.56799
336.59439	1894.97632
333.32257	1893.35645
330.06522	1891.70850
326.82193	1890.03223
323.59286	1888.32849
320.37918	1886.59631
317.17975	1884.83777
313.99622	1883.05042
310.82742	1881.23743
307.67523	1879.39551
304.53778	1877.52869
301.41791	1875.63257
298.31329	1873.71240
295.22675	1871.76257
292.15521	1869.78870
289.10306	1867.78564
286.06650	1865.75854
283.04968	1863.70264
280.04944	1861.62244
277.06915	1859.51392
274.10620	1857.38074
271.16382	1855.21960
268.24011	1853.03369
265.33698	1850.81970
262.45328	1848.58069
259.59113	1846.31421
256.74933	1844.02246
253.92993	1841.70313
251.13156	1839.35828
248.35658	1836.98596
245.60350	1834.58801
242.87503	1832.16284
240.16928	1829.71179
237.48921	1827.23279
234.83269	1824.72839
232.20343	1822.19568
229.59843	1819.63782
227.02094	1817.05225
224.47115	1814.43933
221.94930	1811.79919
219.45663	1809.13196
216.99339	1806.43750
214.56030	1803.71570
212.16881	1800.95740
209.81465	1798.16687
207.48344	1795.35706
205.17572	1792.52820
202.89169	1789.67981
200.63345	1786.81140
198.39967	1783.92346
196.19109	1781.01648
194.00804	1778.09058
191.85078	1775.14514
189.71985	1772.18079
187.61646	1769.19678
185.54030	1766.19385
183.49178	1763.17188
181.47110	1760.13123
179.47865	1757.07178
177.51526	1753.99390
175.58084	1750.89771
173.67618	1747.78333
171.80136	1744.65063
169.95688	1741.50000
168.14316	1738.33142
166.36063	1735.14539
164.60954	1731.94189
162.89030	1728.72131
161.20326	1725.48340
159.54889	1722.22900
157.92719	1718.95789
156.33896	1715.67090
154.78419	1712.36780
153.26323	1709.04883
151.77638	1705.71436
150.32404	1702.36487
148.90642	1699.00061
147.52379	1695.62170
146.17627	1692.22852
144.86432	1688.82153
143.58809	1685.40112
142.34782	1681.96777
141.14359	1678.52112
139.97572	1675.06213
138.84523	1671.59070
137.75143	1668.10742
136.69452	1664.61304
135.67458	1661.10754
134.69170	1657.59143
133.74608	1654.06506
132.83780	1650.52930
131.96823	1646.98376
131.13608	1643.42896
130.34145	1639.86572
129.58434	1636.29407
128.86488	1632.71484
128.18372	1629.12817
127.54092	1625.53418
126.93581	1621.93396
126.36823	1618.32739
125.83820	1614.71533
125.34670	1611.09790
124.89325	1607.47522
124.47714	1603.84814
124.09830	1600.21704
123.75694	1596.58228
123.45405	1592.94409
123.18807	1589.30298
122.95889	1585.65930
122.76655	1582.01331
122.61233	1578.36572
122.49445	1574.71704
122.41271	1571.06726
122.36742	1567.41650
122.35932	1563.76563
122.38680	1560.11499
122.44965	1556.46460
122.54874	1552.81519
122.68363	1549.16663
122.85324	1545.51965
123.05736	1541.87476
123.29763	1538.23193
123.57194	1534.59131
123.88000	1530.95349
124.22267	1527.31885
124.59943	1523.68762
125.00925	1520.05981
125.45219	1516.43591
125.92914	1512.81641
126.43834	1509.20117
126.97950	1505.59070
127.55410	1501.98535
128.16023	1498.38525
128.79755	1494.79053
129.46712	1491.20166
130.16782	1487.61853
130.89877	1484.04163
131.66107	1480.47119
132.45377	1476.90747
133.27599	1473.35034
134.12849	1469.80078
135.01079	1466.25818
135.92186	1462.72266
136.86235	1459.19519
137.83185	1455.67529
138.82928	1452.16333
139.85556	1448.65955
140.90977	1445.16431
141.99109	1441.67761
143.10081	1438.19946
144.23759	1434.73010
145.40088	1431.26917
146.59174	1427.81848
147.80881	1424.37598
149.05185	1420.94348
150.32170	1417.52051
151.61674	1414.10693
152.93785	1410.70361
154.28430	1407.30994
155.65535	1403.92639
157.05246	1400.55322
158.47351	1397.19043
159.92078	1393.83875
161.39343	1390.49805
162.89136	1387.16870
164.41496	1383.85156
165.96353	1380.54529
167.53679	1377.25073
169.13492	1373.96814
170.75735	1370.69763
172.40344	1367.43933
174.07384	1364.19287
175.76801	1360.95862
177.48500	1357.73694
179.22507	1354.52759
180.98932	1351.33081
182.77490	1348.14661
184.58127	1344.97400
186.41191	1341.81506
188.26299	1338.66870
190.13434	1335.53369
192.02875	1332.41272
193.94304	1329.30371
195.87631	1326.20691
197.83151	1323.12378
199.80557	1320.05347
201.79836	1316.99438
203.81142	1313.94849
205.84311	1310.91553
207.89262	1307.89368
209.96039	1304.88513
212.04684	1301.88916
214.14977	1298.90503
216.26964	1295.93225
218.40785	1292.97327
220.56190	1290.02563
222.73132	1287.08936
224.91766	1284.16565
227.11998	1281.25366
229.33679	1278.35303
231.56830	1275.46301
233.81601	1272.58618
236.07742	1269.72021
238.35248	1266.86487
240.64153	1264.02063
242.94463	1261.18884
245.26122	1258.36658
247.58990	1255.55505
249.93150	1252.75403
252.28661	1249.96436
254.65347	1247.18445
257.03177	1244.41455
259.42123	1241.65466
261.82361	1238.90564
264.23688	1236.16589
266.66061	1233.43579
269.09494	1230.71460
271.53976	1228.00330
273.99536	1225.30188
276.46085	1222.60913
278.93597	1219.92493
281.41995	1217.24988
283.91385	1214.58313
286.41705	1211.92590
288.92905	1209.27673
291.44943	1206.63586
293.97827	1204.00269
296.51520	1201.37732
299.06094	1198.76001
301.61462	1196.15088
304.17575	1193.54932
306.74429	1190.95496
309.32040	1188.36755
311.90317	1185.78748
314.49316	1183.21411
317.09015	1180.64856
319.69406	1178.08936
322.30444	1175.53662
324.92072	1172.99060
327.54327	1170.45068
330.17181	1167.91711
332.80615	1165.38953
335.44620	1162.86780
338.09213	1160.35217
340.74329	1157.84265
343.39984	1155.33862
346.06189	1152.83972
348.72849	1150.34644
351.40024	1147.85803
354.07648	1145.37512
356.75909	1142.89819
359.44376	1140.42407
362.13464	1137.95703
364.82742	1135.49170
367.52740	1133.03406
370.22812	1130.57776
372.93619	1128.12915
375.64526	1125.68164
378.36041	1123.24097
381.07721	1120.80200
383.79919	1118.36890
386.52301	1115.93811
389.25137	1113.51233
391.98221	1111.08887
394.71637	1108.67029
397.45313	1106.25439
400.19348	1103.84204
402.93521	1101.43103
405.67825	1099.02185
408.42133	1096.61255
411.16437	1094.20325
413.90744	1091.79407
416.65048	1089.38477
419.39276	1086.97449
422.13443	1084.56360
424.87607	1082.15271
427.61774	1079.74194
430.35941	1077.33105
433.10107	1074.92017
435.84161	1072.50830
438.58026	1070.09399
441.31888	1067.67969
444.05753	1065.26538
446.79617	1062.85107
449.53442	1060.43713
452.27307	1058.02283
455.00937	1055.60620
457.74478	1053.18823
460.48022	1050.77039
463.21521	1048.35144
465.94803	1045.93066
468.68085	1043.50977
471.41367	1041.08887
474.14398	1038.66565
476.87381	1036.24146
479.60364	1033.81726
482.33270	1031.39209
485.05917	1028.96411
487.78561	1026.53613
490.51208	1024.10803
493.23621	1021.67731
495.95889	1019.24506
498.68161	1016.81281
501.40430	1014.38037
504.12247	1011.94379
506.84097	1009.50684
509.55951	1007.06995
512.27631	1004.63092
514.99017	1002.18878
517.70404	999.74670
520.41797	997.30463
523.12878	994.85968
525.83893	992.41339
528.54681	989.96423
531.25372	987.51483
533.95837	985.06250
536.66217	982.60913
539.36383	980.15350
542.06384	977.69647
544.76233	975.23743
547.45898	972.77576
550.15424	970.31311
552.84637	967.84741
555.53809	965.38074
558.22589	962.91071
560.91290	960.43945
563.59729	957.96497
566.27972	955.48846
568.96008	953.00970
571.63770	950.52740
574.31384	948.04407
576.98560	945.55634
579.65631	943.06726
582.32336	940.57410
584.98804	938.07837
587.65009	935.57990
590.30829	933.07709
592.96472	930.57275
595.61597	928.06287
598.26520	925.55042
600.91064	923.03436
603.55157	920.51349
606.18994	917.99054
608.82227	915.46143
611.45172	912.92834
614.07727	910.39154
616.69641	907.84790
619.31177	905.30115
621.92194	902.74854
624.52753	900.19061
627.12573	897.62598
629.71808	895.05554
632.30426	892.47870
634.88281	889.89429
637.45477	887.30280
640.01819	884.70337
642.57318	882.09564
645.11926	879.47888
647.65509	876.85223
650.18024	874.21552
652.69373	871.56738
655.19379	868.90710
657.68042	866.23413
660.15009	863.54596
662.60272	860.84137
665.03571	858.11932
667.44623	855.37732
669.83057	852.61267
672.18457	849.82202
674.50659	847.00494
676.81165	844.17358
679.10248	841.33118
681.37860	838.47675
683.63879	835.60986
685.88422	832.73114
688.11456	829.84058
690.32806	826.93707
692.52576	824.02185
694.70764	821.09454
696.87256	818.15503
699.02032	815.20282
701.15161	812.23828
703.26575	809.26184
705.36188	806.27368
707.44006	803.27191
709.50043	800.25806
711.54279	797.23181
713.56696	794.19312
715.57220	791.14246
717.55804	788.07886
719.52448	785.00299
721.47162	781.91479
723.39911	778.81421
725.30695	775.70105
727.19409	772.57623
729.06110	769.43890
730.90753	766.28937
732.73303	763.12756
734.53729	759.95380
736.32007	756.76764
738.08105	753.56970
739.82050	750.35950
741.53778	747.13776
743.23254	743.90491
744.90533	740.65948
746.55530	737.40302
748.18274	734.13464
749.78668	730.85522
751.36755	727.56439
752.92511	724.26227
754.45923	720.94922
755.96960	717.62555
757.45636	714.29102
758.91901	710.94635
760.35791	707.59094
761.77289	704.22504
763.16357	700.84955
764.52936	697.46381
765.87079	694.06830
767.18774	690.66351
768.48059	687.24896
769.74902	683.82538
770.99274	680.39313
772.21136	676.95197
773.40552	673.50232
774.57581	670.04370
775.72156	666.57745
776.84216	663.10291
777.93872	659.62054
779.01117	656.13074
780.05963	652.63367
781.08337	649.12927
782.08350	645.61810
783.06030	642.10028
784.01288	638.57568
784.94202	635.04510
785.84851	631.50848
786.73138	627.96631
787.59155	624.41821
788.42975	620.86456
789.24493	617.30603
790.03839	613.74225
790.81055	610.17456
791.56055	606.60168
792.29010	603.02441
792.99878	599.44293
793.68701	595.85779
794.35425	592.26801
795.00336	588.67554
795.63391	585.07947
796.24451	581.48029
796.83643	577.87762
797.41101	574.27234
797.96869	570.66437
798.50995	567.05347
799.03284	563.44049
799.54034	559.82483
800.03296	556.20734
800.51117	552.58807
800.97388	548.96649
801.42261	545.34326
801.85846	541.71869
802.28210	538.09277
802.69293	534.46539
803.09186	530.83612
803.48010	527.20593
803.85834	523.57471
804.22638	519.94275
804.58490	516.30908
804.93506	512.67529
805.27765	509.04034
805.61218	505.40482
805.93939	501.76862
806.26172	498.13211
806.57983	494.49512
806.89081	490.85782
807.19934	487.21988
807.50433	483.58176
807.80603	479.94327
808.10632	476.30487
808.40448	472.66620
808.70270	469.02750
809.00104	465.38925
809.30139	461.75076
809.60168	458.11224
809.90198	454.47375
810.19281	450.83432
810.45776	447.19327
810.69598	443.54996
810.90997	439.90570
811.09894	436.25961
811.26520	432.61255
811.40802	428.96448
811.52911	425.31577
811.62878	421.66586
811.70691	418.01587
811.76495	414.36557
811.80298	410.71497
811.82086	407.06415
811.81970	403.41327
811.79987	399.76239
811.76141	396.11160
811.70422	392.46182
811.62921	388.81174
811.53662	385.16180
811.42657	381.51270
811.29926	377.86414
811.15454	374.21591
810.99286	370.56882
810.81445	366.92218
810.61945	363.27661
810.40814	359.63214
810.18042	355.98795
809.93658	352.34555
809.67651	348.70404
809.40045	345.06351
809.10846	341.42404
808.80054	337.78622
808.47675	334.15012
808.13715	330.51483
807.78186	326.88141
807.41071	323.24927
807.02393	319.61948
806.62146	315.99103
806.20325	312.36407
805.76935	308.73911
805.31970	305.11572
804.85431	301.49466
804.37323	297.87604
803.87628	294.25906
803.36353	290.64426
802.83478	287.03165
802.29010	283.42181
801.72961	279.81439
801.15302	276.20941
800.56012	272.60699
799.95111	269.00720
799.32562	265.41013
798.68384	261.81631
798.02551	258.22534
797.35052	254.63734
796.65887	251.05283
795.95026	247.47141
795.22467	243.89366
794.48193	240.31917
793.72174	236.74809
792.94415	233.18092
792.14893	229.61777
791.33606	226.05875
790.50488	222.50331
789.65552	218.95299
788.78772	215.40643
787.90149	211.86508
786.99628	208.32814
786.07214	204.79614
785.12872	201.26926
784.16583	197.74753
783.18335	194.23161
782.18079	190.72110
781.15790	187.21616
780.11462	183.71785
779.05060	180.22583
777.96533	176.74017
776.85846	173.26068
775.73010	169.78880
774.57953	166.32379
773.40674	162.86674
772.21106	159.41734
770.99213	155.97578
769.74976	152.54271
768.48352	149.11833
767.19293	145.70325
765.87781	142.29771
764.53741	138.90193
763.17145	135.51613
761.77942	132.14102
760.36084	128.77684
758.91541	125.42433
757.44238	122.08375
755.94165	118.75587
754.41193	115.44092
752.85315	112.14010
751.26459	108.85309
749.64587	105.58073
747.99615	102.32338
746.31555	99.08276
744.60278	95.85846
742.85748	92.65177
741.07831	89.46355
739.26495	86.29500
737.41718	83.14657
735.53412	80.01885
733.61517	76.91286
731.65936	73.82993
729.66559	70.77145
727.63373	67.73823
725.56268	64.73177
723.45221	61.75305
721.30060	58.80319
719.10815	55.88432
716.87347	52.99682
714.59637	50.14413
712.27551	47.32564
709.91071	44.54448
707.50049	41.80199
705.04517	39.10029
702.54382	36.44102
699.94873	33.87438
697.08893	31.60864
693.98846	29.68453
690.70135	28.09964
687.27930	26.83096
683.76611	25.84060
680.19421	25.08816
676.56683	24.69164
672.91724	24.67248
669.27942	24.96916
665.67285	25.53042
662.10760	26.31465
658.58917	27.28796
655.12012	28.42464
651.70093	29.70223
648.33038	31.10435
645.00787	32.61690
641.73187	34.22810
638.50098	35.92831
635.31433	37.70959
632.17029	39.56509
629.06744	41.48872
626.00452	43.47584
622.98108	45.52154
619.99512	47.62270
617.04663	49.77525
614.13452	51.97704
611.25793	54.22503
608.41583	56.51718
605.60852	58.85100
602.83490	61.22507
600.09430	63.63725
597.38708	66.08643
594.71265	68.57082
592.06995	71.08991
589.45941	73.64171
586.88049	76.22588
584.33313	78.84119
581.81708	81.48679
579.33264	84.16155
576.87891	86.86549
574.45691	89.59683
572.06592	92.35571
569.70575	95.14154
567.37701	97.95309
565.07941	100.79032
562.81348	103.65286
560.57898	106.53998
558.37567	109.45131
556.20447	112.38586
554.06500	115.34448
551.95752	118.32581
549.88245	121.32948
547.84052	124.35503
545.83057	127.40285
543.85394	130.47261
541.91046	133.56323
540.00092	136.67436
538.12500	139.80679
536.28345	142.95883
534.47662	146.13155
532.69128	149.31575
530.91760	152.50702
529.15662	155.70485
527.40930	158.91060
525.67432	162.12286
523.95178	165.34193
522.24408	168.56856
520.54865	171.80226
518.86627	175.04210
517.19891	178.28999
515.54431	181.54474
513.90332	184.80603
512.27789	188.07434
510.66534	191.34970
509.06729	194.63217
507.48416	197.92215
505.91455	201.21846
504.36084	204.52187
502.82144	207.83250
501.29630	211.14949
499.78778	214.47401
498.29306	217.80519
496.81448	221.14323
495.35141	224.48793
493.90295	227.83939
492.47174	231.19804
491.05505	234.56273
489.65543	237.93471
488.27130	241.31287
486.90329	244.69792
485.55215	248.08954
484.21640	251.48729
482.89899	254.89134
481.59625	258.30209
480.31210	261.71954
479.04337	265.14319
477.79276	268.57275
476.55832	272.00909
475.34171	275.45081
474.14206	278.89917
472.95963	282.35352
471.79520	285.81329
470.64771	289.27921
469.51840	292.75113
468.40607	296.22855
467.31250	299.71146
466.23569	303.20035
465.17783	306.69449
464.13702	310.19376
463.11511	313.69888
462.11063	317.20840
461.12491	320.72379
460.15692	324.24341
459.20752	327.76871
458.27600	331.29868
457.36301	334.83365
456.46829	338.37332
455.59180	341.91763
454.73416	345.46588
453.89413	349.01917
453.07346	352.57660
452.27011	356.13770
451.48645	359.70361
450.71960	363.27319
449.97308	366.84668
449.24338	370.42401
448.53314	374.00513
447.84055	377.58942
447.16653	381.17789
446.51083	384.76929
445.87299	388.36417
445.25421	391.96143
444.65228	395.56241
444.07001	399.16653
443.50427	402.77341
442.95786	406.38290
442.42844	409.99542
441.91730	413.61035
441.42395	417.22748
440.94772	420.84750
440.49002	424.46945
440.04846	428.09366
439.62610	431.71997
439.21967	435.34790
438.83136	438.97833
438.45963	442.61017
438.10498	446.24365
437.76758	449.87903
437.44611	453.51566
437.14249	457.15369
436.85406	460.79352
436.58340	464.43375
436.32803	468.07571
436.08936	471.71851
435.86649	475.36267
435.65918	479.00763
435.46823	482.65353
435.29181	486.30029
435.13217	489.94751
434.98657	493.59561
434.85712	497.24426
434.74188	500.89325
434.64188	504.54263
434.55637	508.19244
434.48514	511.84271
434.42868	515.49292
434.38565	519.14368
434.35760	522.79443
434.34213	526.44556
434.34174	530.09619
434.35361	533.74725
434.37976	537.39752
434.41830	541.04810
434.47031	544.69855
434.53476	548.34863
434.61200	551.99902
434.70166	555.64874
434.80344	559.29828
434.91754	562.94720
435.04324	566.59607
435.18109	570.24414
435.32999	573.89209
435.49088	577.53943
435.66226	581.18622
435.84540	584.83240
436.03867	588.47815
436.24332	592.12323
436.45779	595.76819
436.68329	599.41174
436.91821	603.05524
437.16379	606.69769
437.41852	610.33942
437.68347	613.98053
437.95740	617.62122
438.24103	621.26086
438.53342	624.90027
438.83499	628.53851
439.14517	632.17590
439.46402	635.81287
439.79135	639.44904
440.12680	643.08472
440.47064	646.71936
440.82367	650.35315
441.18268	653.98645
441.54825	657.61877
441.92416	661.25024
442.30621	664.88092
442.69440	668.51111
443.09000	672.14050
443.49365	675.76898
443.90292	679.39691
444.31766	683.02374
444.74088	686.65002
445.16980	690.27576
445.60379	693.90082
446.04407	697.52502
446.49121	701.14844
446.94296	704.77100
447.39935	708.39355
447.86325	712.01483
448.33148	715.63556
448.80389	719.25562
449.28226	722.87506
449.76559	726.49377
450.25272	730.11188
450.74451	733.72949
451.24176	737.34662
451.74231	740.96265
452.24655	744.57849
452.75638	748.19360
453.26920	751.80792
453.78503	755.42212
454.30612	759.03558
454.81863	762.65021
455.31259	766.26788
455.80145	769.88568
456.28882	773.50391
456.77615	777.12213
457.26349	780.74030
457.74738	784.35913
458.23083	787.97784
458.71429	791.59662
459.19775	795.21533
459.68121	798.83405
460.16467	802.45276
460.64813	806.07153
461.13159	809.69025
461.61502	813.30896
462.09848	816.92767
462.58194	820.54639
463.06534	824.16467
463.54880	827.78339
464.03094	831.40198
464.51263	835.02100
464.99432	838.63995
465.47598	842.25891
465.95767	845.87787
466.43936	849.49683
466.92105	853.11578
467.40274	856.73474
467.88443	860.35370
468.36612	863.97266
468.84781	867.59161
469.32950	871.21057
469.81119	874.82959
470.29288	878.44855
470.77457	882.06750
471.25626	885.68646
471.73795	889.30542
472.21964	892.92438
472.70126	896.54285
473.18286	900.16174
473.66376	903.78082
474.14468	907.39990
474.62561	911.01898
475.10654	914.63800
475.58743	918.25708
476.06836	921.87616
476.54929	925.49524
477.03021	929.11426
477.51114	932.73334
477.99203	936.35242
478.47296	939.97150
478.95389	943.59058
479.43481	947.20959
479.91574	950.82867
480.39664	954.44775
480.87756	958.06683
481.35849	961.68585
481.83942	965.30493
482.32025	968.92352
482.80118	972.54260
483.28210	976.16162
483.76303	979.78070
484.24393	983.39978
484.72485	987.01886
485.20572	990.63794
485.68600	994.25708
486.16632	997.87622
486.64661	1001.49542
487.12689	1005.11456
487.60721	1008.73370
488.08749	1012.35284
488.56781	1015.97205
489.04810	1019.59119
489.52838	1023.21033
490.00870	1026.82947
490.48898	1030.44861
490.96930	1034.06775
491.44958	1037.68689
491.92981	1041.30554
492.41013	1044.92468
492.89041	1048.54382
493.37073	1052.16296
493.85101	1055.78210
494.33130	1059.40125
494.81161	1063.02051
495.29190	1066.63965
495.77222	1070.25879
496.25250	1073.87793
496.73279	1077.49707
497.21310	1081.11621
497.69339	1084.73535
498.17371	1088.35449
498.65399	1091.97363
499.13428	1095.59277
499.61459	1099.21191
500.09488	1102.83105
500.57520	1106.45020
501.05542	1110.06885
501.53571	1113.68799
502.01599	1117.30713
502.49631	1120.92627
502.97659	1124.54541
503.45691	1128.16455
503.93719	1131.78369
504.41748	1135.40295
504.89780	1139.02209
505.37808	1142.64124
505.85840	1146.26038
506.33868	1149.87952
506.81897	1153.49866
507.29929	1157.11780
507.77957	1160.73694
508.25989	1164.35608
508.74017	1167.97522
509.22049	1171.59436
509.70078	1175.21350
510.18106	1178.83264
510.66132	1182.45142
511.14160	1186.07056
511.62189	1189.68970
512.10217	1193.30884
512.58252	1196.92798
513.06281	1200.54712
513.54309	1204.16626
514.02338	1207.78540
514.50366	1211.40454
514.98401	1215.02368
515.46429	1218.64282
515.94458	1222.26196
516.42487	1225.88110
516.90515	1229.50024
517.38550	1233.11938
517.86578	1236.73853
518.34607	1240.35767
518.82635	1243.97681
519.30664	1247.59595
519.78699	1251.21509
520.26721	1254.83386
520.74750	1258.45300
521.22778	1262.07214
521.70807	1265.69128
522.18842	1269.31042
522.66870	1272.92957
523.14899	1276.54871
523.62927	1280.16785
524.10956	1283.78699
524.58990	1287.40613
525.07019	1291.02527
525.55048	1294.64441
526.03076	1298.26355
526.51105	1301.88269
526.99139	1305.50195
527.47168	1309.12109
527.95197	1312.74023
528.43225	1316.35938
528.91254	1319.97852
529.39288	1323.59766
529.87311	1327.21631
530.35339	1330.83545
530.83368	1334.45459
531.31396	1338.07373
531.79431	1341.69287
532.27460	1345.31201
532.75488	1348.93115
533.23517	1352.55029
533.71545	1356.16943
534.19580	1359.78857
534.67609	1363.40771
535.15637	1367.02686
535.63666	1370.64612
536.11694	1374.26526
536.59729	1377.88440
537.07758	1381.50354
537.55786	1385.12268
538.03815	1388.74182
538.51843	1392.36096
538.99878	1395.98010
539.47900	1399.59875
539.95929	1403.21790
540.43958	1406.83704
540.91986	1410.45618
541.40015	1414.07532
541.88049	1417.69446
542.36078	1421.31360
542.84106	1424.93274
543.32135	1428.55200
543.80164	1432.17114
544.28198	1435.79028
544.76227	1439.40942
545.24255	1443.02856
545.72284	1446.64771
546.20313	1450.26685
546.68347	1453.88599
547.16376	1457.50513
547.64404	1461.12427
548.12433	1464.74341
548.60455	1468.36206
549.08496	1471.98157
549.56525	1475.60071
550.04553	1479.21985
550.52588	1482.83899
551.00616	1486.45813
551.48651	1490.07727
551.96680	1493.69641
552.44714	1497.31555
552.92743	1500.93469
553.40771	1504.55396
553.88806	1508.17310
554.36835	1511.79224
554.84869	1515.41138
555.32898	1519.03052
555.80927	1522.64966
556.28961	1526.26880
556.76990	1529.88794
557.25024	1533.50708
557.73053	1537.12622
558.21075	1540.74487
558.69110	1544.36401
559.17139	1547.98315
559.65173	1551.60229
560.13202	1555.22144
560.61230	1558.84058
561.09265	1562.45972
561.57294	1566.07886
562.05328	1569.69800
562.53357	1573.31714
563.01385	1576.93628
563.49420	1580.55542
563.97449	1584.17456
564.45483	1587.79370
564.93512	1591.41296
565.41541	1595.03210
565.89575	1598.65125
566.37604	1602.27039
566.85638	1605.88953
567.33667	1609.50867
567.81689	1613.12732
568.29724	1616.74646
568.77753	1620.36560
569.25787	1623.98474
569.73816	1627.60388
570.21844	1631.22302
570.69879	1634.84216
571.17908	1638.46130
571.65942	1642.08044
572.13971	1645.69958
572.62000	1649.31873
573.10034	1652.93787
573.58063	1656.55701
574.06097	1660.17615
574.54126	1663.79541
575.02155	1667.41455
575.50189	1671.03369
575.98218	1674.65283
576.46252	1678.27197
576.94281	1681.89111
577.42303	1685.50977
577.90338	1689.12891
578.38367	1692.74805
578.86401	1696.36719
579.34430	1699.98633
579.82458	1703.60547
580.30493	1707.22461
580.78522	1710.84375
581.26556	1714.46289
581.74585	1718.08203
582.22620	1721.70117
582.70648	1725.32031
583.18701	1728.93945
583.66760	1732.55847
584.14819	1736.17761
584.62878	1739.79675
585.10944	1743.41577
585.59003	1747.03491
586.07062	1750.65405
586.55121	1754.27319
587.03180	1757.89172
587.51239	1761.51086
587.99298	1765.13000
588.47357	1768.74915
588.95422	1772.36816
589.43481	1775.98730
589.91541	1779.60645
590.39600	1783.22546
590.87665	1786.84460
591.35724	1790.46375
591.83783	1794.08289
592.31842	1797.70190
592.79907	1801.32104
593.27966	1804.94019
593.76025	1808.55933
594.24084	1812.17834
594.72150	1815.79749
595.20209	1819.41663
595.68268	1823.03564
596.16321	1826.65430
596.64386	1830.27344
597.12445	1833.89258
597.60504	1837.51160
598.08563	1841.13074
598.56628	1844.74988
599.04718	1848.36902
599.52814	1851.98804
600.00916	1855.60718
600.49011	1859.22620
600.97107	1862.84521
601.45209	1866.46436
601.93304	1870.08337
602.41400	1873.70239
602.89502	1877.32153
603.37598	1880.94055
603.85693	1884.55957
604.33795	1888.17871
604.81891	1891.79773
605.29987	1895.41675
605.78082	1899.03540
606.26178	1902.65442
606.74274	1906.27344
607.22375	1909.89258
607.70471	1913.51160
608.18567	1917.13062
608.66669	1920.74976
609.14764	1924.36877
609.62860	1927.98779
610.10962	1931.60681
610.59058	1935.22595
611.07153	1938.84497
611.55255	1942.46399
612.03351	1946.08313
612.51453	1949.70215
612.99548	1953.32117
613.47748	1956.93970
613.95953	1960.55859
614.44165	1964.17749
614.92371	1967.79639
615.40570	1971.41479
615.88776	1975.03369
616.36987	1978.65259
616.85193	1982.27148
617.33398	1985.89050
617.81610	1989.50940
618.29816	1993.12830
618.78021	1996.74719
619.26233	2000.36609
619.74438	2003.98499
620.22644	2007.60388
620.70856	2011.22278
621.19061	2014.84180
621.67267	2018.46069
622.15479	2022.07959
622.63684	2025.69849
623.11890	2029.31738
623.60095	2032.93628
624.08307	2036.55518
624.56512	2040.17407
625.04712	2043.79260
625.52924	2047.41150
626.01129	2051.03027
626.49335	2054.64917
626.97546	2058.26831
627.45752	2061.88721
627.93958	2065.50610
628.42169	2069.12500
628.90375	2072.74390
629.38580	2076.36279
629.86786	2079.98169
630.34998	2083.60059
630.83203	2087.21948
631.31409	2090.83838
631.79620	2094.45728
632.27826	2098.07617
632.76031	2101.69507
633.24243	2105.31396
633.72449	2108.93286
634.20654	2112.55176
634.68860	2116.17041
635.17065	2119.78931
635.65546	2123.40771
636.14050	2127.02637
636.62555	2130.64478
637.11060	2134.26318
637.59564	2137.88184
638.08069	2141.50024
638.56567	2145.11890
639.05072	2148.73730
639.53577	2152.35596
640.02081	2155.97437
640.50586	2159.59277
640.99091	2163.21143
641.47595	2166.82983
641.96100	2170.44849
642.44977	2174.06689
642.93945	2177.68481
643.42920	2181.30273
643.91882	2184.92017
644.41095	2188.53711
644.90680	2192.15430
645.41193	2195.77026
645.91711	2199.38623
646.40234	2203.00439
646.86664	2206.62598
647.30786	2210.24951
647.72772	2213.87646
648.12567	2217.50537
648.49902	2221.13696
648.84949	2224.77100
649.17651	2228.40771
649.47913	2232.04590
649.75580	2235.68604
650.00751	2239.32837
650.23358	2242.97217
650.43347	2246.61768
650.60651	2250.26416
650.75098	2253.91235
650.86761	2257.56079
650.95575	2261.21094
651.01471	2264.86084
651.04395	2268.51196
651.04266	2272.16284
651.01031	2275.81299
650.94623	2279.46362
650.84973	2283.11353
650.72015	2286.76172
650.55682	2290.40918
650.35895	2294.05444
650.12598	2297.69800
649.85724	2301.33887
649.55188	2304.97681
649.20923	2308.61157
648.82837	2312.24243
648.40778	2315.86865
647.94763	2319.49072
647.44733	2323.10718
646.90613	2326.71753
646.32184	2330.32129
645.69440	2333.91821
645.02399	2337.50659
644.30847	2341.08691
643.54694	2344.65674
642.73987	2348.21802
641.88483	2351.76611
640.98193	2355.30420
640.03003	2358.82837
639.02820	2362.34009
637.97595	2365.83521
636.87268	2369.31470
635.71637	2372.77783
634.50861	2376.22241
633.24487	2379.64893
631.92834	2383.05322
630.55658	2386.43750
629.12848	2389.79639
627.64410	2393.13281
626.10394	2396.44141
624.50568	2399.72510
622.84955	2402.97754
621.13452	2406.20142
619.36188	2409.39233
617.53046	2412.55054
615.64008	2415.67383
613.69019	2418.76123
611.68225	2421.80933
609.61450	2424.81909
607.48853	2427.78662
605.30457	2430.71069
603.06146	2433.59180
600.76093	2436.42627
598.40320	2439.21387
595.98914	2441.95264
593.51965	2444.64111
590.99512	2447.27783
588.41589	2449.86206
585.78339	2452.39160
583.09857	2454.86670
580.36432	2457.28442
577.57965	2459.64575
574.74615	2461.94775
571.86560	2464.19092
568.93994	2466.37427
565.96960	2468.49683
562.95612	2470.55811
559.90143	2472.55786
556.80756	2474.49512
553.67389	2476.36963
550.50543	2478.18140
547.30103	2479.93018
544.06177	2481.61572
540.79266	2483.23804
537.49048	2484.79761
534.16058	2486.29321
530.80304	2487.72705
527.41949	2489.09668
524.01025	2490.40552
520.57898	2491.65088
517.12506	2492.83496
513.65186	2493.95679
510.15811	2495.01831
506.64731	2496.01929
503.11887	2496.95898
499.57654	2497.83911
496.01907	2498.66040
492.44922	2499.42236
488.86591	2500.12695
485.27347	2500.77271
481.67139	2501.36206
478.05856	2501.89380
474.43915	2502.36963
470.81186	2502.78882
467.18002	2503.15332
463.54208	2503.46216
459.90045	2503.71509
456.25497	2503.91626
452.60718	2504.06421
448.95709	2504.15601
445.30743	2504.19531
441.65610	2504.18286
438.00571	2504.11865
434.35657	2504.00098
430.70978	2503.83032
427.06580	2503.60864
423.42548	2503.33569
419.78876	2503.01147
416.15750	2502.63452
412.53241	2502.20532
408.91315	2501.72485
405.30164	2501.19287
401.69797	2500.60938
398.10324	2499.97363
394.51752	2499.28564
390.94290	2498.54419
387.37952	2497.74902
383.82919	2496.90015
380.29138	2495.99707
376.76837	2495.03906
373.26062	2494.02490
369.77158	2492.95483
366.29828	2491.82642
362.84702	2490.63965
359.41501	2489.39233
356.00702	2488.08447
352.62320	2486.71338
349.26721	2485.27637
345.93988	2483.77319
342.64584	2482.19922
339.38660	2480.55615
336.16409	2478.83887
332.98630	2477.04370
329.85339	2475.16748
326.77362	2473.20776
323.75180	2471.15942
320.79495	2469.01831
317.91141	2466.77930
315.11160	2464.43774
312.40594	2461.98682
309.80963	2459.42163
307.33807	2456.73389
305.01282	2453.92090
302.85617	2450.97510
300.89746	2447.89526
302.89786	2447.14380
306.54260	2447.34082
310.19269	2447.44971
313.84332	2447.47876
317.49313	2447.43506
321.14212	2447.32251
324.78790	2447.14185
328.43137	2446.89526
332.06854	2446.58228
335.69977	2446.20313
339.32260	2445.75854
342.93808	2445.24683
346.54221	2444.66699
350.13580	2444.01978
353.71487	2443.30249
357.28009	2442.51465
360.82712	2441.65283
364.35696	2440.71973
367.86453	2439.71045
371.35059	2438.62256
374.80914	2437.45679
378.24197	2436.21021
381.64120	2434.88184
385.00827	2433.46973
388.33752	2431.97119
391.62561	2430.38647
394.87033	2428.71338
398.06668	2426.95044
401.21252	2425.09644
404.30170	2423.15186
407.33160	2421.11475
410.29630	2418.98560
413.19370	2416.76343
416.01785	2414.45044
418.76541	2412.04614
421.43079	2409.55249
424.01233	2406.96997
426.50424	2404.30298
428.90543	2401.55200
431.20969	2398.72168
433.41623	2395.81299
435.52350	2392.83179
437.52740	2389.78003
439.42841	2386.66382
441.22443	2383.48584
442.91714	2380.25049
444.50269	2376.96289
445.98538	2373.62671
447.36554	2370.24683
448.64166	2366.82666
449.81772	2363.37036
450.89508	2359.88232
451.87589	2356.36597
452.76251	2352.82397
453.55688	2349.26172
454.26251	2345.67896
454.88150	2342.08130
455.41577	2338.46997
455.86813	2334.84766
456.24292	2331.21533
456.54187	2327.57788
456.76620	2323.93286
456.92215	2320.28564
457.00986	2316.63623
457.02435	2312.98486
456.96857	2309.33496
456.84134	2305.68628
456.63776	2302.04150
456.36139	2298.40088
456.00851	2294.76807
455.57910	2291.14160
455.07291	2287.52661
454.48773	2283.92285
453.82455	2280.33350
453.08099	2276.75806
452.25800	2273.20190
451.35486	2269.66479
450.36963	2266.14966
449.30478	2262.65674
448.15698	2259.19189
446.92834	2255.75415
445.61969	2252.34644
444.22641	2248.97095
442.75363	2245.63086
441.20074	2242.32739
439.56583	2239.06250
437.85107	2235.84082
436.05649	2232.66089
434.18411	2229.52734
432.23224	2226.44092
430.20331	2223.40698
428.09750	2220.42432
425.91754	2217.49658
423.66257	2214.62476
421.33560	2211.81274
418.93561	2209.06079
416.46500	2206.37305
413.92542	2203.75000
411.31918	2201.19482
408.64645	2198.70752
405.90982	2196.29175
403.10965	2193.94775
400.24994	2191.67920
397.33182	2189.48755
394.35480	2187.37256
391.32376	2185.33838
388.23950	2183.38550
385.10406	2181.51587
381.91846	2179.73047
378.68771	2178.03247
375.41089	2176.42090
372.09311	2174.89893
368.73431	2173.46704
365.33890	2172.12695
361.90771	2170.87988
358.44427	2169.72656
354.94955	2168.66821
351.42914	2167.70654
347.88184	2166.84180
344.31250	2166.07446
340.72290	2165.40625
337.11771	2164.83740
333.49680	2164.36890
329.86499	2164.00122
326.22406	2163.73389
322.57669	2163.56812
318.92749	2163.50342
315.27625	2163.54028
311.62851	2163.67847
307.98578	2163.91772
304.35153	2164.25781
300.72620	2164.69971
297.11722	2165.24121
293.52225	2165.88159
289.94730	2166.62036
286.39346	2167.45605
282.86343	2168.38770
279.36047	2169.41455
275.88608	2170.53687
272.44299	2171.75049
269.03333	2173.05420
265.65845	2174.44629
262.32208	2175.92725
259.02448	2177.49316
255.76645	2179.14185
252.55310	2180.87256
249.38240	2182.68311
246.25661	2184.56934
243.17856	2186.53345
240.14758	2188.56787
237.16592	2190.67480
234.23360	2192.84888
231.35168	2195.09033
228.52055	2197.39502
225.74054	2199.76196
223.01888	2202.19360
220.35545	2204.69165
217.75404	2207.25293
215.21544	2209.87646
212.74161	2212.56152
210.33379	2215.30566
207.99312	2218.10669
205.72043	2220.96289
203.51587	2223.87378
201.38193	2226.83521
199.31807	2229.84790
197.32664	2232.90723
195.40668	2236.01245
193.55963	2239.16064
191.78430	2242.35205
190.08296	2245.58057
188.45389	2248.84863
186.89906	2252.15161
185.41711	2255.48877
184.00917	2258.85620
182.67372	2262.25464
181.41162	2265.67993
180.22171	2269.13184
179.10536	2272.60718
178.06088	2276.10571
177.08838	2279.62378
176.18671	2283.16235
175.35635	2286.71680
174.59720	2290.28735
173.90764	2293.87354
173.28784	2297.47021
172.73648	2301.08008
172.25488	2304.69800
171.84082	2308.32642
171.49411	2311.96021
171.21423	2315.60083
171.00154	2319.24438
170.85425	2322.89233
170.77184	2326.54248
170.75525	2330.19336
170.80247	2333.84351
170.91289	2337.49292
171.08754	2341.13965
171.32440	2344.78345
171.62305	2348.42139
171.98421	2352.05444
172.40573	2355.68018
172.88837	2359.29907
173.43132	2362.90991
174.03314	2366.50952
174.69543	2370.10034
175.41553	2373.67920
176.19487	2377.24683
177.03143	2380.80005
177.92549	2384.33936
178.87660	2387.86353
179.88435	2391.37305
180.94853	2394.86572
182.06792	2398.34033
183.24324	2401.79712
184.47308	2405.23535
185.75735	2408.65161
187.09593	2412.04907
188.48785	2415.42285
189.93352	2418.77637
191.43138	2422.10474
192.98233	2425.41040
194.58490	2428.69092
196.23909	2431.94458
197.94443	2435.17334
199.70065	2438.37305
201.50720	2441.54639
203.36311	2444.68921
205.26947	2447.80396
207.22316	2450.88672
209.22704	2453.93921
211.27806	2456.95972
213.37691	2459.94751
215.52199	2462.90015
217.71436	2465.82080
219.95203	2468.70435
222.23590	2471.55322
224.56360	2474.36523
226.93732	2477.14063
229.35332	2479.87695
231.81264	2482.57520
234.31438	2485.23389
236.85756	2487.85156
239.44276	2490.43018
242.06833	2492.96729
244.73343	2495.46191
247.43810	2497.91382
250.18169	2500.32349
252.96155	2502.68872
255.77974	2505.01074
258.63373	2507.28662
261.52356	2509.51807
264.44778	2511.70386
267.40604	2513.84448
270.39697	2515.93701
273.42026	2517.98315
276.47510	2519.98145
279.56195	2521.93335
282.67657	2523.83569
285.82181	2525.69116
288.99380	2527.49731
292.19305	2529.25488
295.41980	2530.96436
298.67044	2532.62402
301.94702	2534.23486
305.24655	2535.79639
308.57034	2537.30908
311.91470	2538.77197
315.28079	2540.18555
318.66681	2541.55005
322.07288	2542.86499
325.49731	2544.13135
328.93942	2545.34863
332.39774	2546.51563
335.87424	2547.63501
339.36392	2548.70483
342.86865	2549.72705
346.38708	2550.70142
349.91901	2551.62744
353.46210	2552.50537
357.01740	2553.33643
360.58298	2554.12085
364.15756	2554.85767
367.74295	2555.54834
371.33640	2556.19409
374.93802	2556.79346
378.54639	2557.34766
382.16177	2557.85791
385.78214	2558.32227
389.40878	2558.74365
393.04019	2559.12158
396.67593	2559.45605
400.31454	2559.74854
403.95718	2559.99805
407.60129	2560.20728
411.24890	2560.37451
414.89703	2560.50195
418.54773	2560.58838
422.19745	2560.63574
425.84872	2560.64404
429.49963	2560.61328
433.14847	2560.54492
436.79901	2560.43848
440.44583	2560.29492
444.09326	2560.11548
447.73709	2559.89893
451.37939	2559.64722
455.01828	2559.36084
458.65576	2559.03979
462.28876	2558.68384
465.91922	2558.29468
469.54514	2557.87256
473.16788	2557.41748
476.78491	2556.92334
480.39676	2556.39111
484.00256	2555.81934
487.60257	2555.20776
491.19446	2554.55762
494.77997	2553.86670
498.35580	2553.13574
501.92471	2552.36548
505.48355	2551.55298
509.03296	2550.70068
512.57361	2549.80688
516.10162	2548.87134
519.62012	2547.89429
523.12555	2546.87549
526.61926	2545.81372
530.09857	2544.71045
533.56573	2543.56372
537.01678	2542.37427
540.45325	2541.14233
543.87354	2539.86523
547.27747	2538.54541
550.66376	2537.18213
554.03210	2535.77271
557.38129	2534.32031
560.71173	2532.82275
564.02008	2531.27954
567.30780	2529.69238
570.57239	2528.05981
573.81396	2526.38135
577.03363	2524.65723
580.22546	2522.88794
583.39355	2521.07202
586.53418	2519.21191
589.64728	2517.30347
592.73132	2515.35083
595.78741	2513.35254
598.81122	2511.30688
601.80463	2509.21582
604.76532	2507.08081
607.69189	2504.89844
610.58459	2502.67188
613.44354	2500.39966
616.26349	2498.08276
619.04834	2495.72070
621.79498	2493.31616
624.50128	2490.86572
627.16846	2488.37280
629.79517	2485.83789
632.37939	2483.25879
634.92090	2480.63892
637.42072	2477.97729
639.87573	2475.27539
642.28516	2472.53271
644.64929	2469.75146
646.96875	2466.93140
649.23975	2464.07349
651.46393	2461.17700
653.64008	2458.24609
655.76825	2455.28003
657.84747	2452.27930
659.87640	2449.24414
661.85602	2446.17676
663.78650	2443.07715
665.66602	2439.94849
667.49628	2436.78882
669.27411	2433.60059
671.00153	2430.38403
672.67822	2427.14111
674.30389	2423.87354
675.87958	2420.57959
677.40430	2417.26245
678.87848	2413.92236
680.30212	2410.56055
681.67560	2407.17773
682.99866	2403.77539
684.27209	2400.35376
685.49585	2396.91479
686.67078	2393.45679
687.79633	2389.98438
688.87378	2386.49585
689.90289	2382.99365
690.88464	2379.47705
691.81921	2375.94824
692.70746	2372.40698
693.54962	2368.85474
694.34668	2365.29150
695.09882	2361.71924
695.80682	2358.13843
696.46973	2354.54761
697.08905	2350.95068
697.66650	2347.34521
698.20209	2343.73462
698.69714	2340.11646
699.14886	2336.49463
699.56110	2332.86597
699.93427	2329.23462
700.26929	2325.59912
700.56323	2321.96094
700.82050	2318.31836
701.04181	2314.67456
701.22430	2311.02759
701.37134	2307.38086
701.48468	2303.73145
701.56012	2300.08179
701.60303	2296.43018
701.61224	2292.78027
701.58716	2289.12915
701.53186	2285.47900
701.44122	2281.82910
701.32172	2278.18042
701.16919	2274.53271
700.98773	2270.88599
700.77533	2267.24170
700.53442	2263.59839
700.26385	2259.95825
699.96576	2256.31934
699.63843	2252.68335
699.28546	2249.04907
698.90344	2245.41919
698.49707	2241.79028
698.06244	2238.16602
697.60376	2234.54370
697.11963	2230.92480
696.61011	2227.31006
696.09991	2223.69507
695.60260	2220.07764
695.10992	2216.46069
694.61719	2212.84375
694.12439	2209.22559
693.63220	2205.60938
693.14221	2201.99121
692.65234	2198.37378
692.16235	2194.75537
691.67249	2191.13794
691.18243	2187.51978
690.69257	2183.90234
690.20258	2180.28394
689.71271	2176.66675
689.22266	2173.04834
688.73279	2169.43091
688.24280	2165.81250
687.75293	2162.19531
687.26294	2158.57690
686.77380	2154.95874
686.28534	2151.34033
685.79700	2147.72266
685.30872	2144.10522
684.82025	2140.48657
684.33191	2136.86890
683.84344	2133.25049
683.35510	2129.63281
682.86670	2126.01440
682.37836	2122.39673
681.88989	2118.77808
681.40155	2115.16064
680.91309	2111.54199
680.42480	2107.92456
679.93634	2104.30591
679.44800	2100.68823
678.95953	2097.06982
678.47119	2093.45215
677.98279	2089.83374
677.49445	2086.21606
677.00598	2082.59766
676.51764	2078.97998
676.02917	2075.36133
675.54089	2071.74390
675.05255	2068.12622
674.56409	2064.50781
674.07574	2060.89014
673.58728	2057.27148
673.09900	2053.65405
672.61053	2050.03540
672.12219	2046.41785
671.63373	2042.79932
671.14539	2039.18176
670.65692	2035.56323
670.16864	2031.94556
669.68018	2028.32703
669.19183	2024.70947
668.70337	2021.09094
668.21509	2017.47339
667.72662	2013.85474
667.23828	2010.23718
666.74982	2006.61865
666.26147	2003.00110
665.77319	1999.38354
665.28473	1995.76489
664.79639	1992.14734
664.30792	1988.52881
663.82007	1984.91125
663.33215	1981.29260
662.84436	1977.67505
662.35645	1974.05640
661.86865	1970.43872
661.38074	1966.82007
660.89294	1963.20239
660.40503	1959.58386
659.91724	1955.96619
659.42932	1952.34753
658.94159	1948.72986
658.45367	1945.11133
657.96588	1941.49365
657.47797	1937.87500
656.99017	1934.25732
656.50226	1930.63867
656.01447	1927.02112
655.52667	1923.40344
655.03876	1919.78479
654.55096	1916.16711
654.06305	1912.54858
653.57532	1908.93091
653.08740	1905.31226
652.59961	1901.69458
652.11169	1898.07593
651.62390	1894.45837
651.13599	1890.83972
650.64819	1887.22205
650.16028	1883.60339
649.67249	1879.98572
649.18457	1876.36719
648.69708	1872.75000
648.20935	1869.13135
647.72174	1865.51367
647.23401	1861.89502
646.74640	1858.27734
646.25885	1854.65967
645.77112	1851.04102
645.28351	1847.42334
644.79578	1843.80469
644.30823	1840.18701
643.82050	1836.56836
643.33289	1832.95068
642.84515	1829.33203
642.35754	1825.71436
641.86987	1822.09570
641.38226	1818.47803
640.89453	1814.85938
640.40692	1811.24170
639.91919	1807.62305
639.43164	1804.00537
638.94391	1800.38672
638.45630	1796.76904
637.96857	1793.15039
637.48102	1789.53271
636.99341	1785.91504
636.50568	1782.29639
636.01807	1778.67871
635.53033	1775.06006
635.04279	1771.44238
634.55505	1767.82373
634.06744	1764.20605
633.57971	1760.58740
633.09216	1756.96973
632.60443	1753.35107
632.11682	1749.73279
631.62927	1746.11414
631.14185	1742.49646
630.65430	1738.87781
630.16687	1735.26001
629.67932	1731.64136
629.19189	1728.02368
628.70428	1724.40503
628.21686	1720.78735
627.72931	1717.16870
627.24188	1713.55090
626.75446	1709.93323
626.26691	1706.31458
625.77948	1702.69690
625.29193	1699.07825
624.80450	1695.46045
624.31696	1691.84180
623.82953	1688.22412
623.34192	1684.60547
622.85449	1680.98779
622.36694	1677.36914
621.87952	1673.75134
621.39197	1670.13269
620.90454	1666.51501
620.41699	1662.89636
619.92957	1659.27869
619.44202	1655.66003
618.95459	1652.04224
618.46704	1648.42358
617.97955	1644.80591
617.49213	1641.18823
617.00458	1637.56958
616.51715	1633.95190
616.02960	1630.33313
615.54218	1626.71545
615.05463	1623.09680
614.56720	1619.47913
614.07965	1615.86047
613.59222	1612.24268
613.10468	1608.62402
612.61719	1605.00635
612.12964	1601.38770
611.64221	1597.77002
611.15466	1594.15137
610.66724	1590.53357
610.17969	1586.91492
609.69226	1583.29724
609.20471	1579.67859
608.71729	1576.06091
608.22974	1572.44214
607.74231	1568.82446
607.25488	1565.20679
606.76727	1561.58813
606.27985	1557.97046
605.79230	1554.35181
605.30487	1550.73401
604.81732	1547.11536
604.32990	1543.49768
603.84235	1539.87903
603.35492	1536.26135
602.86737	1532.64270
602.37994	1529.02490
601.89233	1525.40625
601.40491	1521.78857
600.91736	1518.16992
600.42993	1514.55225
599.94238	1510.93347
599.45496	1507.31580
598.96741	1503.69714
598.47998	1500.07947
597.99255	1496.46179
597.50500	1492.84314
597.01758	1489.22534
596.52997	1485.60669
596.04254	1481.98901
595.55505	1478.37061
595.06757	1474.75293
594.57996	1471.13428
594.09247	1467.51648
593.60486	1463.89783
593.11743	1460.28015
592.62982	1456.66150
592.14233	1453.04370
591.65472	1449.42505
591.16724	1445.80737
590.67969	1442.18872
590.19220	1438.57104
589.70459	1434.95239
589.21710	1431.33472
588.72961	1427.71704
588.24207	1424.09839
587.75458	1420.48071
587.26697	1416.86206
586.77948	1413.24426
586.29187	1409.62561
585.80444	1406.00793
585.31683	1402.38928
584.82935	1398.77148
584.34174	1395.15283
583.85431	1391.53516
583.36670	1387.91650
582.87921	1384.29883
582.39160	1380.68018
581.90411	1377.06250
581.41650	1373.44385
580.92908	1369.82617
580.44147	1366.20752
579.95398	1362.58984
579.46637	1358.97119
578.97894	1355.35339
578.49146	1351.73572
578.00385	1348.11707
577.51636	1344.49927
577.02881	1340.88062
576.54132	1337.26294
576.05371	1333.64429
575.56622	1330.02661
575.07861	1326.40796
574.59119	1322.79028
574.10358	1319.17163
573.61609	1315.55396
573.12848	1311.93530
572.64099	1308.31763
572.15344	1304.69897
571.66595	1301.08118
571.17834	1297.46252
570.69086	1293.84485
570.20325	1290.22620
569.71582	1286.60840
569.22833	1282.99072
568.74072	1279.37207
568.25323	1275.75439
567.76563	1272.13574
567.27820	1268.51807
566.79059	1264.89941
566.30310	1261.28174
565.81549	1257.66309
565.32800	1254.04541
564.84045	1250.42676
564.35297	1246.80896
563.86536	1243.19031
563.37787	1239.57263
562.89026	1235.95398
562.40283	1232.33618
561.91522	1228.71753
561.42773	1225.09985
560.94012	1221.48120
560.45270	1217.86353
559.96509	1214.24487
559.47760	1210.62720
558.99011	1207.00952
558.50250	1203.39087
558.01508	1199.77319
557.52747	1196.15442
557.03998	1192.53674
556.55237	1188.91809
556.06494	1185.30042
555.57733	1181.68176
555.08984	1178.06409
554.60223	1174.44531
554.11475	1170.82764
553.62714	1167.20898
553.13971	1163.59131
552.65210	1159.97266
552.16461	1156.35498
551.67700	1152.73633
551.18958	1149.11865
550.70197	1145.50000
550.21448	1141.88232
549.72699	1138.26453
549.23938	1134.64587
548.75195	1131.02820
548.26434	1127.40955
547.77686	1123.79187
547.28925	1120.17310
546.80176	1116.55542
546.31421	1112.93677
545.82672	1109.31909
545.33911	1105.70044
544.85162	1102.08276
544.36401	1098.46411
543.87659	1094.84644
543.38898	1091.22778
542.90149	1087.61011
542.41388	1083.99133
541.92639	1080.37366
541.43884	1076.75500
540.95135	1073.13733
540.46387	1069.51965
539.97626	1065.90100
539.48883	1062.28320
539.00122	1058.66455
538.51373	1055.04688
538.02612	1051.42822
537.53864	1047.81055
537.05109	1044.19189
536.56360	1040.57422
536.07599	1036.95557
535.58850	1033.33789
535.10089	1029.71912
534.61346	1026.10144
534.12585	1022.48279
533.63837	1018.86511
533.15076	1015.24646
532.66327	1011.62878
532.17572	1008.01007
531.68823	1004.39240
531.20062	1000.77368
530.71313	997.15601
530.22571	993.53833
529.73810	989.91968
529.25061	986.30200
528.76300	982.68335
528.27551	979.06561
527.78796	975.44690
527.30048	971.82922
526.81287	968.21057
526.32538	964.59290
525.83777	960.97424
525.35034	957.35657
524.86273	953.73785
524.37524	950.12018
523.88763	946.50153
523.40015	942.88379
522.91260	939.26514
522.42511	935.64746
521.93750	932.02881
521.45001	928.41107
520.96252	924.79340
520.47498	921.17474
519.98749	917.55701
519.49988	913.93835
519.01239	910.32068
518.52478	906.70203
518.03735	903.08435
517.54974	899.46564
517.06226	895.84796
516.57465	892.22931
516.08722	888.61157
515.59961	884.99292
515.11212	881.37524
514.62451	877.75659
514.13702	874.13885
513.64948	870.52020
513.16199	866.90253
512.67438	863.28387
512.18689	859.66614
511.69931	856.04749
511.21182	852.42981
510.72437	848.81213
510.23676	845.19342
509.74930	841.57574
509.26169	837.95709
508.77420	834.33936
508.28662	830.72070
507.79913	827.10303
507.31152	823.48438
506.82407	819.86664
506.33646	816.24799
505.84900	812.63031
505.36139	809.01166
504.87393	805.39392
504.38632	801.77527
503.89886	798.15759
503.41125	794.53894
502.92377	790.92120
502.43619	787.30255
501.94870	783.68488
501.46124	780.06714
500.97363	776.44849
500.48618	772.83081
499.99857	769.21216
499.51108	765.59442
499.02350	761.97577
498.53601	758.35809
498.04840	754.73944
497.56094	751.12170
497.07333	747.50305
496.58588	743.88538
496.09827	740.26672
495.61081	736.64899
495.12320	733.03033
494.63571	729.41266
494.14813	725.79401
493.66064	722.17627
493.17307	718.55762
492.68558	714.93994
492.19852	711.32196
491.72852	707.70148
491.27588	704.07874
490.84164	700.45398
490.42798	696.82697
490.03210	693.19684
489.65753	689.56586
489.30237	685.93195
488.96741	682.29651
488.65396	678.65887
488.36029	675.02069
488.08975	671.37921
487.83884	667.73755
487.61227	664.09332
487.40567	660.44885
487.22409	656.80188
487.06320	653.15436
486.92761	649.50568
486.81396	645.85773
486.72528	642.20660
486.66019	638.55701
486.61932	634.90753
486.60397	631.25604
486.61212	627.60492
486.64728	623.95428
486.70700	620.30469
486.79181	616.65375
486.90411	613.00580
487.04150	609.35608
487.20483	605.70953
487.39612	602.06396
487.61325	598.41943
487.85645	594.77667
488.12811	591.13568
488.42651	587.49670
488.75131	583.86121
489.10309	580.22705
489.48355	576.59625
489.89093	572.96777
490.32510	569.34283
490.78604	565.72235
491.27493	562.10327
491.79117	558.48999
492.33432	554.87903
492.90384	551.27356
493.50018	547.67084
494.12259	544.07379
494.77194	540.48053
495.44730	536.89398
496.14859	533.31030
496.87482	529.73328
497.62631	526.16010
498.40222	522.59308
499.20264	519.03027
500.02670	515.47369
500.87411	511.92267
501.74500	508.37729
502.63837	504.83722
503.55344	501.30341
504.49011	497.77402
505.44736	494.25119
506.42474	490.73395
507.42191	487.22156
508.43762	483.71594
509.47229	480.21350
510.52414	476.71796
511.59323	473.22675
512.67828	469.74176
513.77942	466.26019
514.89514	462.78412
516.02509	459.31262
517.16876	455.84573
518.32544	452.38211
519.49481	448.92429
520.67499	445.46866
521.87579	442.02124
523.09766	438.58072
524.34131	435.14923
525.60663	431.72330
526.89099	428.30637
528.19690	424.89847
529.52319	421.49619
530.86884	418.10269
532.23602	414.71671
533.62122	411.33969
535.02875	407.97000
536.45453	404.60956
537.90143	401.25751
539.36780	397.91434
540.85437	394.57959
542.36133	391.25513
543.88959	387.93848
545.43799	384.63293
547.00751	381.33661
548.59814	378.05096
550.21094	374.77417
551.84442	371.51031
553.50073	368.25595
555.17883	365.01422
556.87982	361.78433
558.60425	358.56607
560.35193	355.36108
562.12408	352.16849
563.92010	348.99078
565.74158	345.82629
567.58813	342.67758
569.46149	339.54294
571.36084	336.42584
573.28796	333.32471
575.24304	330.24136
577.22711	327.17603
579.23969	324.13126
581.28375	321.10504
583.35785	318.10168
585.46484	315.11920
587.60413	312.16119
589.77747	309.22742
591.98566	306.32031
594.23035	303.44070
596.51172	300.59085
598.83093	297.77234
601.19061	294.98547
603.58966	292.23489
606.03290	289.52078
608.51819	286.84753
611.04901	284.21527
613.62610	281.62988
616.25104	279.09277
618.92529	276.60727
621.65039	274.17813
624.42780	271.80945
627.26050	269.50452
630.14697	267.27054
633.09100	265.11102
636.09161	263.03308
639.15228	261.04178
642.27142	259.14508
645.45026	257.34988
648.68793	255.66386
651.98450	254.09572
655.33856	252.65327
658.74591	251.34607
662.20709	250.18172
665.71417	249.17004
669.26416	248.31871
672.85010	247.63542
676.46509	247.12672
680.10059	246.79794
683.74817	246.65288
687.39838	246.69363
691.04199	246.92044
694.66876	247.32747
698.27466	247.89874
701.84888	248.64070
705.38232	249.56145
708.85999	250.66786
712.27203	251.96550
715.60297	253.45799
718.84021	255.14641
721.96741	257.02783
724.97302	259.09827
727.84668	261.35107
730.57568	263.77362
733.15649	266.35693
735.58118	269.08459
737.84991	271.94537
739.96063	274.92236
741.91772	278.00464
743.72333	281.17709
745.38257	284.42972
746.90057	287.74878
748.28430	291.12787
749.53888	294.55481
750.67212	298.02588
751.68945	301.53180
752.59741	305.06873
753.40125	308.62878
754.10675	312.21088
754.72040	315.80954
755.24554	319.42160
755.68781	323.04666
756.05139	326.67844
756.33954	330.31851
756.55695	333.96262
756.70630	337.61032
756.79089	341.25952
756.81451	344.91083
756.77850	348.56131
756.68616	352.21121
756.54022	355.85855
756.34253	359.50494
756.09509	363.14630
755.79913	366.78580
755.45721	370.42032
755.07074	374.05157
754.64148	377.67639
754.17041	381.29749
753.65924	384.91168
753.10913	388.51993
752.52075	392.12384
751.89569	395.72034
751.23450	399.31137
750.53870	402.89459
749.80859	406.47186
749.04529	410.04205
748.24915	413.60580
747.42120	417.16061
746.56183	420.70914
745.67194	424.25009
744.75195	427.78333
743.80286	431.30777
742.82434	434.82593
741.81702	438.33493
740.78125	441.83600
739.71808	445.32773
738.62695	448.81268
737.50922	452.28781
736.36395	455.75449
735.19208	459.21149
733.99371	462.66010
732.76898	466.10007
731.51880	469.52896
730.24158	472.94965
728.93872	476.36026
727.61011	479.76135
726.25848	483.15195
724.90112	486.54163
723.53925	489.92874
722.17322	493.31564
720.79889	496.69693
719.41199	500.07507
718.01245	503.44623
716.59778	506.81274
715.16498	510.17020
713.71252	513.51971
712.23871	516.85889
710.74139	520.18945
709.22064	523.50775
707.67407	526.81458
706.10150	530.10992
704.50238	533.39117
702.87543	536.66010
701.22174	539.91461
699.53918	543.15503
697.82965	546.38086
696.09302	549.59204
694.32800	552.78772
692.53607	555.96887
690.71802	559.13464
688.87335	562.28607
687.00415	565.42090
685.10925	568.54199
683.18994	571.64777
681.24695	574.73877
679.28107	577.81464
677.29193	580.87732
675.28217	583.92413
673.25079	586.95801
671.19946	589.97803
669.12921	592.98389
667.03821	595.97729
664.92920	598.95697
662.80243	601.92493
660.65906	604.87976
658.49738	607.82306
656.32111	610.75403
654.12885	613.67310
651.92133	616.58099
649.69965	619.47839
647.46344	622.36389
645.21417	625.24011
642.95129	628.10461
640.67615	630.96014
638.38861	633.80505
636.08875	636.64124
633.77875	639.46735
631.45575	642.28461
629.12341	645.09296
626.78046	647.89252
624.42664	650.68353
622.06415	653.46606
619.69153	656.24164
617.30975	659.00775
614.91858	661.76746
612.51996	664.51886
610.11212	667.26416
607.69611	670.00079
605.27185	672.73126
602.84088	675.45435
600.40167	678.17181
597.95618	680.88184
595.50293	683.58600
593.04321	686.28259
590.57593	688.97455
588.10272	691.65948
585.61078	694.32867
583.10034	696.97772
580.57233	699.61206
578.02692	702.22913
575.46539	704.83063
572.89001	707.41797
570.29852	709.98956
567.69415	712.54889
565.07788	715.09460
562.44806	717.62750
559.80823	720.14862
557.15723	722.65912
554.49518	725.15765
551.82349	727.64685
549.14410	730.12561
546.45465	732.59473
543.75708	735.05487
541.05194	737.50684
538.33972	739.95081
535.61993	742.38623
532.89349	744.81439
530.16138	747.23535
527.42334	749.64990
524.67975	752.05792
521.92950	754.46027
519.17480	756.85516
516.41541	759.24646
513.65192	761.63110
510.88507	764.01379
508.11203	766.38849
505.33679	768.76160
502.55777	771.12854
499.77545	773.49268
496.99088	775.85315
494.20181	778.20996
491.41232	780.56458
488.61832	782.91437
485.82339	785.26318
483.02499	787.60870
480.22653	789.95166
477.42480	792.29315
474.62106	794.63190
471.81616	796.96808
469.01050	799.30493
466.20560	801.64111
463.39661	803.97418
460.58810	806.30603
457.77884	808.63855
454.97070	810.96954
452.15973	813.29999
449.34952	815.62976
446.53854	817.96021
443.72797	820.29034
440.91702	822.62085
438.10684	824.95068
435.29593	827.28119
432.48642	829.61249
429.67728	831.94507
426.86887	834.27710
424.05969	836.60968
421.25378	838.94434
418.44806	841.28107
415.64310	843.61725
412.83813	845.95337
410.03497	848.29346
407.23358	850.63391
404.43414	852.97736
401.63571	855.32135
398.83948	857.66882
396.04434	860.01672
393.25104	862.36920
390.45963	864.72150
387.67047	867.07861
384.88321	869.43585
382.09949	871.79718
379.31668	874.15973
376.53653	876.52759
373.75867	878.89587
370.98404	881.26923
368.21143	883.64368
365.44202	886.02344
362.67511	888.40460
359.91202	890.79041
357.15045	893.17920
354.39337	895.57190
351.63828	897.96814
348.88754	900.36804
346.13937	902.77222
343.39453	905.17853
340.65338	907.59064
337.91663	910.00629
335.18301	912.42664
332.45346	914.85107
329.72745	917.28021
327.00659	919.71277
324.28818	922.15137
321.57523	924.59338
318.86584	927.04077
316.16080	929.49292
313.46014	931.95032
310.76529	934.41174
308.07458	936.87866
305.38754	939.35175
302.70642	941.82898
300.02936	944.31232
297.35861	946.79980
294.69150	949.29413
292.03036	951.79321
289.37393	954.29840
286.72375	956.80847
284.07806	959.32526
281.43900	961.84680
278.80466	964.37524
276.17657	966.90912
273.55435	969.44904
270.93805	971.99512
268.32721	974.54803
265.72375	977.10681
263.12595	979.67273
260.53546	982.24408
257.95032	984.82306
255.37285	987.40753
252.80180	989.99896
250.23672	992.59790
247.67909	995.20306
245.12846	997.81512
242.58493	1000.43402
240.04869	1003.05988
237.51997	1005.69269
234.99821	1008.33313
232.48433	1010.98047
229.97769	1013.63550
227.48021	1016.29773
224.98973	1018.96832
222.50839	1021.64526
220.03439	1024.33069
217.56918	1027.02307
215.11168	1029.72388
212.66336	1032.43176
210.22368	1035.14746
207.79292	1037.87085
205.37112	1040.60205
202.95735	1043.34253
200.55351	1046.08984
198.15860	1048.84583
195.77380	1051.60962
193.39900	1054.38245
191.03362	1057.16382
188.67842	1059.95325
186.33301	1062.75122
183.99751	1065.55786
181.67278	1068.37256
179.35831	1071.19580
177.05429	1074.02783
174.76007	1076.86768
172.47777	1079.71753
170.20634	1082.57605
167.94669	1085.44263
165.69772	1088.31909
163.46092	1091.20422
161.23563	1094.09863
159.02216	1097.00208
156.82127	1099.91370
154.63139	1102.83557
152.45442	1105.76587
150.28937	1108.70605
148.13753	1111.65576
145.99854	1114.61438
143.87262	1117.58203
141.75935	1120.55994
139.65999	1123.54602
137.57364	1126.54199
135.50127	1129.54712
133.44252	1132.56287
131.39839	1135.58716
129.36743	1138.62231
127.35191	1141.66516
125.34997	1144.71899
123.36324	1147.78125
121.39093	1150.85461
119.43486	1153.93616
117.49352	1157.02820
115.56763	1160.12952
113.65733	1163.24048
111.76229	1166.36182
109.88369	1169.49182
108.02119	1172.63245
106.17567	1175.78210
104.34612	1178.94214
102.53414	1182.11035
100.73798	1185.29016
98.95975	1188.47778
97.19815	1191.67615
95.45518	1194.88342
93.72958	1198.10083
92.02201	1201.32739
90.33177	1204.56470
88.66077	1207.80945
87.00743	1211.06482
85.37300	1214.32922
83.75814	1217.60315
82.16184	1220.88708
80.58511	1224.17944
79.02723	1227.48206
77.48967	1230.79211
75.97115	1234.11255
74.47292	1237.44226
72.99526	1240.78113
71.53840	1244.12756
70.10130	1247.48450
68.68527	1250.84912
67.28963	1254.22327
65.91531	1257.60522
64.56279	1260.99670
63.23211	1264.39551
61.92243	1267.80383
60.63452	1271.22021
59.36856	1274.64441
58.12453	1278.07666
56.90310	1281.51794
55.70475	1284.96594
54.52906	1288.42102
53.37520	1291.88623
52.24483	1295.35657
51.13674	1298.83606
50.05321	1302.32117
48.99254	1305.81555
47.95567	1309.31531
46.94181	1312.82324
45.95188	1316.33679
44.98538	1319.85803
44.04415	1323.38550
43.12678	1326.91931
42.23358	1330.45898
41.36435	1334.00488
40.51937	1337.55664
39.69978	1341.11438
38.90515	1344.67700
38.13474	1348.24622
37.38913	1351.81946
36.66801	1355.39856
35.97283	1358.98267
35.30283	1362.57166
34.65773	1366.16492
34.03741	1369.76294
33.44207	1373.36536
32.87365	1376.97034
32.32987	1380.58142
31.81130	1384.19482
31.31766	1387.81274
30.85042	1391.43347
30.40895	1395.05725
29.99249	1398.68457
29.60110	1402.31458
29.23596	1405.94629
28.89671	1409.58191
28.58261	1413.21851
28.29434	1416.85864
28.03555	1420.49927
27.80627	1424.14331
27.60567	1427.78857
27.43385	1431.43518
27.29034	1435.08313
27.17496	1438.73193
27.08745	1442.38208
27.02761	1446.03235
26.99509	1449.68384
26.98995	1453.33350
27.01147	1456.98523
27.06022	1460.63489
27.13489	1464.28564
27.23680	1467.93494
27.36407	1471.58362
27.51813	1475.23145
27.69756	1478.87769
27.90274	1482.52222
28.13373	1486.16638
28.38937	1489.80811
28.67131	1493.44824
28.97761	1497.08594
29.30900	1500.72131
29.66558	1504.35547
30.04614	1507.98596
30.45205	1511.61401
30.88214	1515.23950
31.33617	1518.86206
31.81532	1522.48145
32.31814	1526.09802
32.84472	1529.70996
33.39609	1533.31958
33.97071	1536.92468
34.56913	1540.52625
35.19168	1544.12280
35.83770	1547.71704
36.50694	1551.30554
37.20049	1554.89063
37.91680	1558.46960
38.65634	1562.04492
39.42009	1565.61536
40.20653	1569.18005
41.01605	1572.74060
41.84888	1576.29407
42.70528	1579.84363
43.58415	1583.38684
44.48627	1586.92493
45.41153	1590.45569
46.35988	1593.98181
47.33071	1597.50134
48.32511	1601.01477
49.34192	1604.51990
50.38193	1608.02075
51.44387	1611.51270
52.53013	1614.99951
53.63826	1618.47717
54.76923	1621.94873
55.92264	1625.41223
57.09976	1628.86853
58.29897	1632.31616
59.52115	1635.75745
60.76542	1639.18872
62.03313	1642.61182
63.32356	1646.02734
64.63651	1649.43433
65.97191	1652.83240
67.33049	1656.22046
68.71197	1659.60071
70.11526	1662.96997
71.54147	1666.33105
72.99081	1669.68140
74.46347	1673.02344
75.95786	1676.35376
77.47509	1679.67493
79.01478	1682.98413
80.57841	1686.28455
82.16360	1689.57239
83.77208	1692.85071
85.40252	1696.11670
87.05680	1699.37158
88.73301	1702.61377
90.43203	1705.84485
92.15438	1709.06519
93.89879	1712.27173
95.66680	1715.46643
97.45667	1718.64734
99.26981	1721.81665
101.10532	1724.97253
102.96421	1728.11511
104.84572	1731.24365
106.75005	1734.35913
108.67615	1737.45935
110.62558	1740.54675
112.59808	1743.61865
114.59345	1746.67639
116.61104	1749.71887
118.65142	1752.74670
120.71405	1755.75891
122.80040	1758.75537
124.90831	1761.73499
127.03947	1764.69946
129.19286	1767.64746
131.36844	1770.57874
133.56781	1773.49377
135.78906	1776.39087
138.03310	1779.27124
140.29860	1782.13318
142.58682	1784.97791
144.89792	1787.80444
147.23116	1790.61194
149.58762	1793.40100
151.96504	1796.17163
154.36301	1798.92493
156.78159	1801.65967
159.22194	1804.37415
161.68251	1807.07214
164.16133	1809.75183
166.65964	1812.41455
169.17854	1815.05640
171.71671	1817.68213
174.27138	1820.28906
176.84416	1822.87927
179.43648	1825.45105
182.04585	1828.00317
184.67288	1830.53882
187.31584	1833.05640
189.97656	1835.55762
192.65424	1838.03857
195.34930	1840.50232
198.05890	1842.94751
200.78566	1845.37646
203.52716	1847.78735
206.28490	1850.17944
209.05881	1852.55298
211.84792	1854.90918
214.65120	1857.24731
217.46991	1859.56836
220.30229	1861.87122
223.15157	1864.15454
226.01413	1866.41943
228.89099	1868.66650
231.78270	1870.89636
234.68742	1873.10779
237.60570	1875.30103
240.53925	1877.47424
243.48672	1879.62952
246.44684	1881.76587
249.42038	1883.88403
252.40695	1885.98364
255.40639	1888.06482
258.41980	1890.12646
261.44690	1892.16846
264.48523	1894.19067
267.53790	1896.19495
270.60150	1898.17908
273.67892	1900.14514
276.76675	1902.09058
279.86963	1904.01611
282.98337	1905.92078
286.11017	1907.80627
289.24811	1909.67126
292.39786	1911.51636
295.55997	1913.34180
298.73346	1915.14673
301.91977	1916.92920
305.11707	1918.69043
308.32669	1920.43152
311.54681	1922.15125
314.77896	1923.85034
318.02124	1925.52734
321.27518	1927.18335
324.54074	1928.81494
327.81760	1930.42627
331.10486	1932.01233
334.40323	1933.57996
337.71167	1935.12195
341.03146	1936.64136
344.36102	1938.13757
347.70294	1939.60999
351.05392	1941.05835
354.41455	1942.48291
357.78680	1943.88342
361.16788	1945.25830
364.56073	1946.60962
367.96152	1947.93530
371.37357	1949.23535
374.79398	1950.50977
378.22552	1951.75916
381.66550	1952.98096
385.11533	1954.17664
388.57285	1955.34546
392.04144	1956.48743
395.51776	1957.60107
399.00394	1958.68799
402.49716	1959.74597
406.00082	1960.77563
409.51096	1961.77661
413.03018	1962.74841
416.55740	1963.69019
420.09326	1964.60266
423.63547	1965.48462
427.18506	1966.33545
430.74280	1967.15601
434.30676	1967.94470
437.87872	1968.70154
441.45715	1969.42676
445.04169	1970.11902
448.63205	1970.77795
452.22906	1971.40430
455.83200	1971.99622
459.44049	1972.55420
463.05298	1973.07800
466.67123	1973.56543
470.29364	1974.01819
473.92133	1974.43567
477.55170	1974.81543
481.18665	1975.15979
484.82419	1975.46631
488.46552	1975.73499