88.98816	63.11349
88.81007	63.11625
88.63216	63.12449
88.45458	63.13823
88.27751	63.15746
88.10113	63.18216
87.92560	63.21232
87.75109	63.24795
87.57777	63.28894
87.40578	63.33524
87.23530	63.38681
87.06649	63.44359
86.89947	63.50546
86.73440	63.57234
86.57143	63.64419
86.41066	63.72084
86.28343	63.60262
86.15749	63.47668
86.03154	63.35073
85.90559	63.22478
85.77965	63.09884
85.65370	62.97289
85.52776	62.84694
85.40181	62.72100
85.27586	62.59505
85.14992	62.46910
85.02397	62.34315
84.89803	62.21721
84.77208	62.09126
84.64613	61.96532
84.52019	61.83937
84.39424	61.71342
84.26830	61.58747
84.14235	61.46153
84.01640	61.33558
83.89046	61.20963
83.76451	61.08369
83.63857	60.95774
83.51262	60.83179
83.38667	60.70585
83.26073	60.57990
83.13478	60.45396
83.00883	60.32801
82.88289	60.20206
82.75694	60.07611
82.63099	59.95017
82.50504	59.82422
82.37910	59.69827
82.25315	59.57233
82.12720	59.44638
82.00126	59.32043
81.87531	59.19449
81.74937	59.06854
81.62342	58.94259
81.49747	58.81665
81.37153	58.69070
81.24558	58.56475
81.11964	58.43880
80.99369	58.31286
80.86774	58.18691
80.74180	58.06097
80.61585	57.93502
80.48991	57.80907
80.36396	57.68312
80.23801	57.55718
80.11207	57.43123
79.98612	57.30529
79.86018	57.17934
79.73423	57.05339
79.60828	56.92744
79.48234	56.80150
79.35639	56.67555
79.23045	56.54961
79.10450	56.42366
78.97855	56.29771
78.85260	56.17176
78.72665	56.04582
78.60071	55.91987
78.47476	55.79392
78.34882	55.66798
78.22287	55.54203
78.09692	55.41608
77.97098	55.29014
77.84503	55.16419
77.71909	55.03824
77.59314	54.91230
77.46719	54.78635
77.34125	54.66040
77.21530	54.53445
77.08936	54.40851
76.96341	54.28256
76.83746	54.15662
76.71152	54.03067
76.58557	53.90472
76.45963	53.77877
76.33368	53.65283
76.20773	53.52688
76.08179	53.40094
75.95584	53.27499
75.82990	53.14904
75.70395	53.02309
75.57800	52.89715
75.45206	52.77120
75.32611	52.64525
75.20016	52.51931
75.07422	52.39336
74.94827	52.26741
74.82233	52.14147
74.69638	52.01552
74.68320	51.87228
74.76194	51.71252
74.83576	51.55044
74.90460	51.38617
74.96838	51.21987
75.02702	51.05170
75.08047	50.88180
75.12865	50.71033
75.17153	50.53747
75.20905	50.36336
75.24119	50.18817
75.26792	50.01208
75.28923	49.83526
75.30511	49.65786
75.31557	49.48006
75.32063	49.30203
75.32032	49.12392
75.31454	48.94590
75.30334	48.76815
75.28671	48.59082
75.26460	48.41409
75.23703	48.23813
75.20406	48.06311
75.16572	47.88918
75.12199	47.71652
75.07293	47.54531
75.01864	47.37568
74.95917	47.20779
74.89458	47.04181
74.82496	46.87787
74.75037	46.71613
74.67089	46.55674
74.58662	46.39983
74.64205	46.26419
74.76800	46.13824
74.89394	46.01230
75.01989	45.88635
75.14584	45.76041
75.27178	45.63446
75.39773	45.50851
75.52367	45.38257
75.64963	45.25662
75.77557	45.13068
75.90152	45.00473
76.02747	44.87878
76.15341	44.75283
76.27936	44.62689
76.40530	44.50094
76.53125	44.37499
76.65720	44.24905
76.78314	44.12310
76.90909	43.99715
77.03503	43.87121
77.16098	43.74526
77.28693	43.61932
77.41287	43.49337
77.53882	43.36742
77.66476	43.24148
77.79072	43.11553
77.91666	42.98959
78.04261	42.86364
78.16856	42.73769
78.29450	42.61174
78.42045	42.48580
78.54639	42.35985
78.67234	42.23391
78.79829	42.10796
78.92423	41.98201
79.05018	41.85606
79.17612	41.73012
79.30207	41.60417
79.42802	41.47823
79.55396	41.35228
79.67992	41.22633
79.80586	41.10039
79.93181	40.97444
80.05775	40.84849
80.18370	40.72255
80.30965	40.59660
80.43559	40.47065
80.56154	40.34471
80.68748	40.21876
80.81343	40.09282
80.93938	39.96687
81.06532	39.84092
81.19127	39.71498
81.31721	39.58903
81.44316	39.46308
81.56911	39.33714
81.69506	39.21119
81.82101	39.08524
81.94695	38.95930
82.07290	38.83335
82.19884	38.70741
82.32479	38.58146
82.45074	38.45551
82.57668	38.32956
82.70263	38.20362
82.82858	38.07767
82.95452	37.95173
83.08047	37.82578
83.20642	37.69983
83.33237	37.57388
83.45831	37.44794
83.58426	37.32199
83.71021	37.19604
83.83615	37.07010
83.96210	36.94415
84.08804	36.81821
84.21399	36.69226
84.33994	36.56631
84.46588	36.44037
84.59183	36.31442
84.71777	36.18847
84.84372	36.06253
84.96967	35.93658
85.09562	35.81063
85.22157	35.68469
85.34750	35.55874
85.47346	35.43280
85.61791	35.39881
85.78423	35.46252
85.95243	35.52112
86.12234	35.57453
86.29382	35.62269
86.46668	35.66556
86.64079	35.70309
86.81597	35.73524
86.99206	35.76200
87.16888	35.78334
87.34628	35.79926
87.52407	35.80977
87.70211	35.81485
87.88021	35.81454
88.05823	35.80890
88.23600	35.79789
88.41335	35.78149
88.59012	35.75966
88.76613	35.73244
88.94122	35.69984
89.11524	35.66187
89.28800	35.61855
89.45935	35.56995
89.62911	35.51608
89.79713	35.45700
89.96326	35.39277
90.12733	35.32346
90.28918	35.24914
90.44868	35.16987
90.60567	35.08575
90.76002	34.99686
90.91157	34.90330
91.06019	34.80515
91.20575	34.70251
91.34811	34.59547
91.48714	34.48415
91.62271	34.36864
91.75471	34.24907
91.88302	34.12554
92.00750	33.99816
92.12807	33.86706
92.24459	33.73236
92.35698	33.59419
92.46509	33.45265
92.56885	33.30788
92.66814	33.16002
92.76285	33.00918
92.85291	32.85552
92.93822	32.69917
93.01869	32.54028
93.09426	32.37900
93.16482	32.21546
93.23032	32.04984
93.29068	31.88227
93.34586	31.71292
93.39578	31.54196
93.44042	31.36954
93.47972	31.19582
93.51367	31.02097
93.54223	30.84517
93.56537	30.66858
93.58312	30.49135
93.59548	30.31368
93.60248	30.13571
93.60412	29.95761
93.60039	29.77954
93.59129	29.60167
93.57683	29.42415
93.55698	29.24715
93.53172	29.07084
93.50104	28.89539
93.46499	28.72097
93.42360	28.54774
93.37689	28.37587
93.32491	28.20552
93.26771	28.03685
93.20532	27.87002
93.13784	27.70519
93.06532	27.54252
92.98782	27.38216
92.90544	27.22425
92.81826	27.06894
92.72637	26.91636
92.62987	26.76666
92.52882	26.61999
92.42335	26.47647
92.31356	26.33623
92.19954	26.19940
92.08142	26.06609
91.95931	25.93644
91.83331	25.81055
91.70355	25.68855
91.57014	25.57056
91.43320	25.45667
91.29286	25.34700
91.14923	25.24167
91.00246	25.14078
90.85268	25.04441
90.70002	24.95266
90.54462	24.86563
90.38663	24.78340
90.22620	24.70606
90.06346	24.63368
89.89857	24.56635
89.73168	24.50413
89.56296	24.44708
89.39256	24.39526
89.22064	24.34872
89.04737	24.30749
88.87291	24.27161
88.69743	24.24111
88.52110	24.21599
88.34409	24.19630
88.16656	24.18200
87.98868	24.17309
87.81060	24.16953
87.63251	24.17135
87.45454	24.17862
87.27689	24.19136
87.09972	24.20957
86.92319	24.23323
86.74747	24.26233
86.57274	24.29683
86.39915	24.33668
86.22686	24.38184
86.05603	24.43224
85.88682	24.48781
85.71937	24.54849
85.56116	24.57749
85.43521	24.45155
85.30927	24.32560
85.18333	24.19965
85.05737	24.07371
84.93143	23.94776
84.80548	23.82181
84.67953	23.69587
84.55359	23.56992
84.42764	23.44397
84.30170	23.31802
84.17575	23.19208
84.04980	23.06613
83.92385	22.94018
83.79790	22.81424
83.67197	22.68830
83.54602	22.56235
83.42007	22.43640
83.29413	22.31046
83.16818	22.18451
83.04223	22.05856
82.91628	21.93261
82.79034	21.80667
82.66439	21.68072
82.53844	21.55477
82.41250	21.42883
82.28655	21.30288
82.16061	21.17693
82.03465	21.05099
81.90871	20.92505
81.78277	20.79910
81.65682	20.67315
81.53088	20.54720
81.40493	20.42126
81.27898	20.29531
81.15303	20.16936
81.02708	20.04342
80.90114	19.91747
80.77519	19.79152
80.64925	19.66558
80.52330	19.53963
80.39735	19.41368
80.27141	19.28774
80.14546	19.16179
80.01952	19.03585
79.89357	18.90990
79.76762	18.78395
79.64168	18.65800
79.51573	18.53206
79.38978	18.40611
79.26383	18.28016
79.13789	18.15422
79.01194	18.02827
78.88599	17.90232
78.76005	17.77638
78.63410	17.65043
78.50816	17.52449
78.38221	17.39854
78.25626	17.27259
78.13032	17.14665
78.00437	17.02070
77.87843	16.89475
77.75248	16.76881
77.62653	16.64286
77.50058	16.51691
77.37463	16.39097
77.24869	16.26502
77.12274	16.13907
76.99680	16.01312
76.87086	15.88718
76.74490	15.76124
76.61896	15.63529
76.49301	15.50934
76.36707	15.38340
76.24112	15.25745
76.11517	15.13150
75.98923	15.00556
75.86328	14.87961
75.73734	14.75366
75.61138	14.62771
75.48544	14.50177
75.35949	14.37582
75.23354	14.24987
75.10760	14.12393
74.98166	13.99798
74.85571	13.87204
74.73260	13.74563
74.81031	13.58537
74.88322	13.42287
74.95121	13.25825
75.01414	13.09163
75.07198	12.92317
75.12464	12.75303
75.17208	12.58136
75.21416	12.40829
75.25086	12.23401
75.28218	12.05868
75.30804	11.88246
75.32843	11.70553
75.34336	11.52804
75.35275	11.35019
75.35667	11.17212
75.35517	10.99401
75.34830	10.81604
75.33608	10.63835
75.31846	10.46111
75.29543	10.28450
75.26700	10.10868
75.23318	9.93381
75.19401	9.76007
75.14950	9.58761
75.09970	9.41661
75.04465	9.24723
74.98441	9.07961
74.91904	8.91394
74.84859	8.75035
74.77315	8.58901
74.69279	8.43007
74.60758	8.27365
74.51764	8.11993
74.42303	7.96903
74.32386	7.82108
74.22022	7.67624
74.11221	7.53462
73.99992	7.39636
73.88349	7.26158
73.76302	7.13040
73.63863	7.00293
73.51041	6.87931
73.37849	6.75964
73.24300	6.64404
73.10405	6.53261
72.96178	6.42546
72.81630	6.32271
72.66775	6.22445
72.51626	6.13077
72.36198	6.04178
72.20506	5.95755
72.04562	5.87817
71.88382	5.80372
71.71980	5.73429
71.55373	5.66995
71.38574	5.61074
71.21601	5.55675
71.04471	5.50801
70.87197	5.46457
70.69799	5.42647
70.52291	5.39374
70.34692	5.36639
70.17017	5.34445
69.99284	5.32792
69.81508	5.31677
69.63707	5.31099
69.45895	5.31055
69.28091	5.31550
69.10310	5.32580
68.92569	5.34149
68.74883	5.36257
68.57270	5.38904
68.39747	5.42092
68.22330	5.45817
68.05036	5.50077
67.87882	5.54868
67.70883	5.60184
67.54057	5.66022
67.37418	5.72376
67.20983	5.79239
67.04767	5.86604
66.88784	5.94465
66.73050	6.02811
66.57579	6.11636
66.42385	6.20931
66.27484	6.30686
66.12887	6.40891
65.98608	6.51537
65.84659	6.62613
65.71055	6.74108
65.57806	6.86010
65.44924	6.98310
65.32423	7.10996
65.20313	7.24056
65.08604	7.37478
64.97311	7.51250
64.86442	7.65361
64.76009	7.79795
64.66019	7.94541
64.56485	8.09585
64.47416	8.24914
64.38820	8.40514
64.30706	8.56368
64.23083	8.72466
64.15959	8.88789
64.09341	9.05324
64.03235	9.22056
63.97648	9.38968
63.92584	9.56043
63.88050	9.73267
63.84048	9.90622
63.80581	10.08093
63.77652	10.25661
63.75262	10.43310
63.73413	10.61025
63.72105	10.78788
63.71336	10.96582
63.71101	11.14390
63.71399	11.32199
63.72237	11.49989
63.73615	11.67747
63.75531	11.85454
63.77988	12.03095
63.80984	12.20652
63.84517	12.38109
63.88587	12.55448
63.93189	12.72654
63.98319	12.89710
64.03971	13.06600
64.10143	13.23307
64.16824	13.39817
64.24010	13.56113
64.31694	13.72181
64.39867	13.88006
64.30550	14.01083
64.17955	14.13678
64.05360	14.26273
63.92766	14.38868
63.80171	14.51463
63.67577	14.64058
63.54982	14.76653
63.42388	14.89247
63.29793	15.01842
63.17199	15.14437
63.04605	15.27032
62.92010	15.39626
62.79416	15.52221
62.66821	15.64816
62.54227	15.77411
62.41632	15.90006
62.29037	16.02601
62.16443	16.15195
62.03849	16.27790
61.91254	16.40385
61.78660	16.52980
61.66065	16.65575
61.53471	16.78170
61.40876	16.90765
61.28282	17.03359
61.15688	17.15954
61.03093	17.28549
60.90498	17.41144
60.77904	17.53739
60.65310	17.66334
60.52715	17.78928
60.40121	17.91523
60.27526	18.04118
60.14931	18.16713
60.02337	18.29308
59.89742	18.41903
59.77148	18.54498
59.64554	18.67092
59.51959	18.79687
59.39365	18.92282
59.26770	19.04877
59.14176	19.17472
59.01582	19.30066
58.88987	19.42661
58.76392	19.55256
58.63798	19.67851
58.51203	19.80446
58.38609	19.93041
58.26014	20.05635
58.13420	20.18230
58.00826	20.30825
57.88231	20.43420
57.75637	20.56014
57.63042	20.68609
57.50448	20.81204
57.37853	20.93799
57.25259	21.06394
57.12664	21.18989
57.00070	21.31584
56.87475	21.44179
56.74881	21.56774
56.62286	21.69368
56.49692	21.81963
56.37097	21.94558
56.24503	22.07152
56.11909	22.19747
55.99314	22.32342
55.86720	22.44937
55.74125	22.57532
55.61531	22.70127
55.48936	22.82722
55.36341	22.95317
55.23747	23.07911
55.11153	23.20506
54.98558	23.33101
54.85963	23.45696
54.73369	23.58291
54.60775	23.70886
54.48180	23.83480
54.35586	23.96075
54.22992	24.08670
54.10397	24.21265
53.97802	24.33860
53.85208	24.46454
53.72614	24.59049
53.60019	24.71644
53.47424	24.84239
53.34830	24.96834
53.22235	25.09429
53.08165	25.12787
52.92103	25.05090
52.75817	24.97883
52.59319	24.91171
52.42625	24.84963
52.25750	24.79268
52.08707	24.74094
51.91512	24.69448
51.74183	24.65335
51.56735	24.61758
51.39185	24.58722
51.21550	24.56230
51.03846	24.54285
50.86089	24.52886
50.68299	24.52035
50.50491	24.51729
50.32683	24.51963
50.14889	24.52731
49.97126	24.54037
49.79411	24.55886
49.61761	24.58275
49.44193	24.61202
49.26722	24.64668
49.09367	24.68669
48.92142	24.73203
48.75067	24.78265
48.58155	24.83852
48.41423	24.89957
48.24887	24.96575
48.08564	25.03698
47.92466	25.11320
47.76611	25.19432
47.61011	25.28028
47.45681	25.37097
47.30637	25.46630
47.15891	25.56618
47.01455	25.67051
46.87344	25.77918
46.73571	25.89211
46.60148	26.00919
46.47088	26.13029
46.34402	26.25530
46.22101	26.38411
46.10198	26.51659
45.98703	26.65264
45.87627	26.79212
45.76981	26.93490
45.66774	27.08088
45.57019	27.22988
45.47723	27.38181
45.38897	27.53652
45.30550	27.69385
45.22689	27.85367
45.15324	28.01583
45.08459	28.18018
45.02105	28.34657
44.96265	28.51483
44.90948	28.68481
44.86157	28.85636
44.81896	29.02930
44.78170	29.20346
44.74982	29.37869
44.72333	29.55482
44.70224	29.73167
44.68655	29.90910
44.67624	30.08689
44.67128	30.26493
44.67172	30.44305
44.67749	30.62106
44.68863	30.79881
44.70515	30.97616
44.72708	31.15292
44.75443	31.32891
44.78715	31.50397
44.82524	31.67796
44.86867	31.85070
44.91740	32.02201
44.97138	32.19173
45.03058	32.35971
45.09491	32.52579
45.16434	32.68981
45.23877	32.85162
45.31815	33.01106
45.40237	33.16800
45.49136	33.32227
45.58503	33.47377
45.68328	33.62232
45.78602	33.76781
45.89317	33.91010
46.00459	34.04905
46.12018	34.18455
46.23985	34.31647
46.36346	34.44469
46.49092	34.56910
46.62210	34.68958
46.75687	34.80602
46.89513	34.91830
47.03675	35.02633
47.18159	35.12998
47.32953	35.22916
47.48042	35.32376
47.63414	35.41372
47.79055	35.49893
47.94949	35.57930
48.11082	35.65475
48.27439	35.72520
48.44006	35.79058
48.60768	35.85084
48.77706	35.90590
48.94806	35.95570
49.12051	36.00022
49.29426	36.03940
49.46912	36.07322
49.64494	36.10167
49.82155	36.12471
49.99879	36.14233
50.17648	36.15458
50.35445	36.16144
50.53257	36.16297
50.71063	36.15911
50.88849	36.14990
51.06601	36.13531
51.24299	36.11532
51.41928	36.08994
51.59470	36.05915
51.76911	36.02298
51.94231	35.98146
52.11415	35.93464
52.28446	35.88254
52.45310	35.82520
52.61988	35.76271
52.78465	35.69511
52.94726	35.62247
53.10758	35.54486
53.26543	35.46238
53.42068	35.37510
53.57319	35.28310
53.72281	35.18646
53.86941	35.08532
54.01286	34.97974
54.15303	34.86985
54.28979	34.75575
54.42302	34.63754
54.55257	34.51534
54.67838	34.38925
54.80029	34.25940
54.91820	34.12590
55.03198	33.98888
55.14153	33.84845
55.24676	33.70475
55.34755	33.55792
55.44382	33.40807
55.53547	33.25534
55.62240	33.09990
55.70452	32.94185
55.78175	32.78136
55.85401	32.61856
55.92123	32.45363
55.98333	32.28670
56.04026	32.11795
56.09196	31.94750
56.13837	31.77556
56.17948	31.60225
56.21523	31.42778
56.24561	31.25228
56.27060	31.07593
56.29020	30.89890
56.30436	30.72135
56.31314	30.54346
56.31657	30.36538
56.31461	30.18729
56.30721	30.00934
56.29435	29.83169
56.27601	29.65453
56.25220	29.47802
56.22297	29.30233
56.18830	29.12763
56.14826	28.95407
56.10288	28.78184
56.05220	28.61111
55.99630	28.44199
55.93528	28.27467
55.86919	28.10927
55.79813	27.94596
55.72213	27.78487
55.71415	27.63733
55.84010	27.51139
55.96605	27.38544
56.09200	27.25949
56.21795	27.13355
56.34389	27.00761
56.46984	26.88166
56.59579	26.75571
56.72174	26.62977
56.84769	26.50382
56.97364	26.37788
57.09958	26.25193
57.22553	26.12599
57.35148	26.00004
57.47743	25.87410
57.60338	25.74815
57.72932	25.62221
57.85527	25.49626
57.98122	25.37032
58.10717	25.24437
58.23312	25.11842
58.35907	24.99248
58.48502	24.86653
58.61097	24.74059
58.73691	24.61464
58.86286	24.48870
58.98881	24.36275
59.11475	24.23682
59.24070	24.11087
59.36665	23.98493
59.49259	23.85898
59.61854	23.73304
59.74449	23.60709
59.87044	23.48114
59.99639	23.35520
60.12233	23.22925
60.24828	23.10331
60.37423	22.97736
60.50018	22.85142
60.62613	22.72547
60.75208	22.59953
60.87803	22.47358
61.00397	22.34764
61.12992	22.22169
61.25587	22.09575
61.38182	21.96980
61.50777	21.84385
61.63372	21.71791
61.75966	21.59196
61.88561	21.46602
62.01156	21.34007
62.13751	21.21413
62.26346	21.08818
62.38940	20.96223
62.51534	20.83630
62.64129	20.71036
62.76724	20.58441
62.89319	20.45847
63.01914	20.33252
63.14508	20.20657
63.27103	20.08063
63.39698	19.95468
63.52293	19.82874
63.64888	19.70279
63.77483	19.57685
63.90078	19.45090
64.02673	19.32495
64.15267	19.19901
64.27863	19.07306
64.40457	18.94712
64.53052	18.82117
64.65646	18.69523
64.78242	18.56928
64.90836	18.44334
65.03431	18.31739
65.16026	18.19145
65.28621	18.06550
65.41216	17.93956
65.53811	17.81361
65.66405	17.68767
65.79000	17.56172
65.91594	17.43579
66.04189	17.30984
66.16784	17.18390
66.29379	17.05795
66.41973	16.93200
66.54568	16.80606
66.67163	16.68011
66.79758	16.55417
66.92353	16.42822
67.06643	16.40136
67.22874	16.47470
67.39317	16.54318
67.55959	16.60663
67.72784	16.66504
67.89780	16.71829
68.06932	16.76629
68.24223	16.80903
68.41637	16.84637
68.59160	16.87829
68.76772	16.90479
68.94457	16.92580
69.12202	16.94127
69.29984	16.95125
69.47790	16.95573
69.65601	16.95473
69.83399	16.94830
70.01171	16.93644
70.18896	16.91914
70.36561	16.89639
70.54146	16.86821
70.71638	16.83461
70.89017	16.79563
71.06267	16.75132
71.23373	16.70171
71.40318	16.64686
71.57087	16.58684
71.73664	16.52169
71.90034	16.45152
72.06183	16.37640
72.22097	16.29643
72.35004	16.40202
72.47599	16.52797
72.60194	16.65392
72.72789	16.77986
72.85384	16.90581
72.97978	17.03176
73.10573	17.15770
73.23167	17.28365
73.35762	17.40960
73.48357	17.53554
73.60952	17.66149
73.73547	17.78743
73.86141	17.91338
73.98736	18.03933
74.11330	18.16526
74.23924	18.29121
74.36519	18.41716
74.49113	18.54310
74.61708	18.66905
74.74303	18.79500
74.86898	18.92094
74.99493	19.04689
75.12087	19.17284
75.24682	19.29878
75.37277	19.42473
75.49872	19.55068
75.62466	19.67662
75.75061	19.80257
75.87656	19.92852
76.00250	20.05446
76.12845	20.18041
76.25440	20.30636
76.38035	20.43230
76.50629	20.55825
76.63224	20.68420
76.75819	20.81014
76.88413	20.93609
77.01009	21.06203
77.13603	21.18798
77.26198	21.31393
77.38792	21.43988
77.51386	21.56581
77.63981	21.69176
77.76575	21.81771
77.89170	21.94365
78.01765	22.06960
78.14360	22.19555
78.26955	22.32149
78.39549	22.44744
78.52144	22.57338
78.64738	22.69933
78.77333	22.82528
78.89928	22.95122
79.02523	23.07717
79.15118	23.20312
79.27712	23.32906
79.40307	23.45501
79.52901	23.58096
79.65496	23.70690
79.78091	23.83285
79.90686	23.95880
80.03281	24.08474
80.15875	24.21069
80.28470	24.33664
80.41064	24.46258
80.53659	24.58853
80.66254	24.71448
80.78849	24.84042
80.91443	24.96636
81.04037	25.09231
81.16632	25.21825
81.29227	25.34420
81.41821	25.47014
81.54416	25.59609
81.67010	25.72204
81.79606	25.84798
81.92200	25.97393
82.04795	26.09988
82.17390	26.22582
82.29984	26.35177
82.42579	26.47772
82.55174	26.60366
82.67769	26.72961
82.80363	26.85556
82.79375	26.99749
82.70415	27.15142
82.61926	27.30799
82.53907	27.46703
82.46383	27.62846
82.39346	27.79209
82.32820	27.95780
82.26801	28.12543
82.21304	28.29484
82.16328	28.46586
82.11887	28.63834
82.07981	28.81208
82.04617	28.98699
82.01791	29.16285
81.99517	29.33950
81.97781	29.51676
81.96604	29.69448
81.95966	29.87247
81.95869	30.05056
81.96322	30.22862
81.97313	30.40644
81.98861	30.58389
82.00948	30.76076
82.03588	30.93690
82.06766	31.11215
82.10493	31.28631
82.14750	31.45925
82.19550	31.63077
82.24870	31.80076
82.30714	31.96899
82.37071	32.13537
82.43932	32.29974
82.51297	32.46191
82.59145	32.62179
82.67474	32.77922
82.76275	32.93406
82.79169	33.07896
82.66574	33.20491
82.53980	33.33085
82.41386	33.45679
82.28791	33.58274
82.16196	33.70869
82.03602	33.83464
81.91007	33.96058
81.78413	34.08653
81.65817	34.21247
81.53223	34.33842
81.40628	34.46437
81.28033	34.59032
81.15439	34.71626
81.02844	34.84221
80.90250	34.96816
80.77655	35.09410
80.65060	35.22005
80.52465	35.34600
80.39870	35.47195
80.27276	35.59789
80.14681	35.72384
80.02087	35.84978
79.89492	35.97573
79.76897	36.10168
79.64303	36.22763
79.51707	36.35357
79.39113	36.47952
79.26518	36.60547
79.13925	36.73140
79.01330	36.85735
78.88735	36.98330
78.76141	37.10925
78.63546	37.23519
78.50951	37.36114
78.38357	37.48708
78.25762	37.61303
78.13168	37.73898
78.00572	37.86493
77.87978	37.99087
77.75383	38.11682
77.62788	38.24277
77.50194	38.36871
77.37599	38.49466
77.25005	38.62061
77.12410	38.74655
76.99815	38.87250
76.87220	38.99845
76.74625	39.12439
76.62031	39.25034
76.49436	39.37629
76.36842	39.50224
76.24247	39.62818
76.11652	39.75413
75.99058	39.88007
75.86462	40.00602
75.73869	40.13196
75.61275	40.25790
75.48679	40.38385
75.36085	40.50980
75.23490	40.63575
75.10896	40.76169
74.98301	40.88764
74.85706	41.01359
74.73112	41.13953
74.60517	41.26548
74.47923	41.39143
74.35327	41.51737
74.22733	41.64332
74.10138	41.76927
73.97543	41.89521
73.84949	42.02116
73.72354	42.14711
73.59760	42.27306
73.47165	42.39900
73.34570	42.52495
73.21975	42.65089
73.09380	42.77684
72.96786	42.90279
72.84191	43.02874
72.71597	43.15468
72.59002	43.28063
72.46407	43.40658
72.33813	43.53251
72.21219	43.65846
72.08624	43.78441
71.96030	43.91035
71.80605	43.88286
71.64161	43.81442
71.47519	43.75095
71.30692	43.69257
71.13696	43.63929
70.96546	43.59128
70.79256	43.54853
70.61842	43.51114
70.44321	43.47916
70.26708	43.45261
70.09023	43.43156
69.91280	43.41600
69.73498	43.40594
69.55693	43.40139
69.37882	43.40228
69.20082	43.40854
69.02310	43.42019
68.84581	43.43724
68.66912	43.45967
68.49320	43.48750
68.31821	43.52072
68.14434	43.55930
67.97173	43.60322
67.80057	43.65243
67.63100	43.70690
67.46317	43.76658
67.29729	43.83139
67.13346	43.90129
66.97187	43.97620
66.81265	44.05602
66.65597	44.14070
66.50194	44.23013
66.35072	44.32424
66.20245	44.42292
66.05726	44.52608
65.91528	44.63361
65.77664	44.74542
65.64146	44.86140
65.50987	44.98143
65.38199	45.10540
65.25794	45.23321
65.13784	45.36473
65.02179	45.49984
64.90991	45.63842
64.80230	45.78035
64.69906	45.92548
64.60030	46.07369
64.50610	46.22486
64.41658	46.37883
64.33181	46.53547
64.25190	46.69463
64.17690	46.85618
64.10693	47.01997
64.04201	47.18583
63.98224	47.35360
63.92767	47.52314
63.87835	47.69429
63.83434	47.86688
63.79566	48.04074
63.76235	48.21569
63.73441	48.39160
63.71187	48.56828
63.69473	48.74556
63.68297	48.92328
63.67663	49.10128
63.67562	49.27938
63.67995	49.45743
63.68963	49.63527
63.70475	49.81274
63.72525	49.98966
63.75115	50.16587
63.78244	50.34122
63.81909	50.51551
63.86110	50.68859
63.90842	50.86030
63.96100	51.03047
64.01881	51.19893
64.08179	51.36552
64.14986	51.53011
64.22297	51.69252
64.30103	51.85261
64.38398	52.01022
64.47172	52.16522
64.56415	52.31746
64.66119	52.46682
64.76276	52.61313
64.86872	52.75628
64.97900	52.89614
65.09348	53.03259
65.21207	53.16548
65.33464	53.29469
65.46110	53.42013
65.59129	53.54166
65.72513	53.65919
65.86247	53.77258
66.00320	53.88174
66.14719	53.98658
66.29432	54.08696
66.44444	54.18281
66.59741	54.27402
66.75311	54.36051
66.91141	54.44218
67.07211	54.51895
67.23510	54.59074
67.40022	54.65748
67.56733	54.71910
67.73627	54.77555
67.90685	54.82677
68.07892	54.87270
68.25235	54.91331
68.42693	54.94855
68.60252	54.97841
68.77893	55.00289
68.95601	55.02197
69.13361	55.03566
69.31152	55.04396
69.48959	55.04688
69.66769	55.04442
69.84562	55.03646
70.02321	55.02298
70.20030	55.00401
70.37672	54.97955
70.55231	54.94965
70.72687	54.91432
70.90025	54.87357
71.07230	54.82751
71.24287	54.77622
71.41177	54.71970
71.57887	54.65806
71.74405	54.59143
71.90713	54.51982
72.06799	54.44339
72.19685	54.55164
72.32280	54.67759
72.44875	54.80354
72.57469	54.92948
72.70064	55.05543
72.82658	55.18137
72.95254	55.30732
73.07848	55.43327
73.20443	55.55921
73.33038	55.68516
73.45632	55.81111
73.58227	55.93705
73.70822	56.06300
73.83417	56.18895
73.96011	56.31489
74.08606	56.44084
74.21201	56.56679
74.33795	56.69273
74.46390	56.81868
74.58985	56.94463
74.71580	57.07057
74.84174	57.19652
74.96769	57.32246
75.09364	57.44841
75.21958	57.57436
75.34554	57.70031
75.47147	57.82624
75.59741	57.95219
75.72337	58.07814
75.84931	58.20408
75.97526	58.33003
76.10120	58.45597
76.22715	58.58192
76.35310	58.70787
76.47905	58.83382
76.60500	58.95976
76.73094	59.08571
76.85689	59.21165
76.98283	59.33760
77.10878	59.46355
77.23473	59.58950
77.36068	59.71544
77.48663	59.84139
77.61257	59.96733
77.73852	60.09328
77.86446	60.21923
77.99041	60.34518
78.11636	60.47112
78.24231	60.59707
78.36826	60.72301
78.49420	60.84896
78.62015	60.97491
78.74609	61.10085
78.87203	61.22679
78.99798	61.35274
79.12392	61.47868
79.24987	61.60463
79.37582	61.73058
79.50177	61.85653
79.62772	61.98247
79.75366	62.10842
79.87961	62.23436
80.00555	62.36031
80.13151	62.48626
80.25745	62.61221
80.38340	62.73815
80.50935	62.86410
80.63529	62.99004
80.76124	63.11599
80.88718	63.24194
81.01314	63.36788
81.13908	63.49383
81.26503	63.61978
81.39098	63.74572
81.51692	63.87167
81.64287	63.99762
81.76881	64.12357
81.89477	64.24951
82.02071	64.37546
82.14666	64.50140
82.27260	64.62734
82.39854	64.75329
82.52449	64.87923
82.65044	65.00518
82.77638	65.13113
82.90233	65.25707
83.02828	65.38302
83.15423	65.50896
83.28017	65.63491
83.40612	65.76086
83.53207	65.88680
83.65801	66.01275
83.78397	66.13870
83.80727	66.28033
83.72830	66.43996
83.65421	66.60194
83.58512	66.76610
83.52108	66.93229
83.46218	67.10039
83.40848	67.27020
83.36004	67.44159
83.31690	67.61439
83.27910	67.78844
83.24670	67.96358
83.21970	68.13963
83.19811	68.31642
83.18196	68.49380
83.17123	68.67156
83.16589	68.84958
83.16594	69.02769
83.17142	69.20571
83.18229	69.38348
83.19858	69.56084
83.22029	69.73763
83.24743	69.91366
83.27997	70.08878
83.31789	70.26279
83.36116	70.43556
83.40974	70.60692
83.46356	70.77670
83.52258	70.94474
83.58675	71.11089
83.65595	71.27499
83.73014	71.43691
83.80926	71.59649
83.78091	71.73734
83.65497	71.86328
83.52901	71.98924
83.40308	72.11517
83.27711	72.24113
83.15118	72.36707
83.02522	72.49303
82.89928	72.61897
82.77333	72.74492
82.64739	72.87086
82.52144	72.99681
82.39550	73.12275
82.26954	73.24871
82.14361	73.37464
82.01765	73.50060
81.89171	73.62654
81.76575	73.75249
81.63982	73.87843
81.51386	74.00439
81.38792	74.13033
81.26196	74.25629
81.13603	74.38222
81.01007	74.50818
80.88414	74.63411
80.75820	74.76005
80.63224	74.88601
80.50631	75.01194
80.38035	75.13790
80.25441	75.26384
80.12846	75.38979
80.00252	75.51573
79.87656	75.64169
79.75063	75.76762
79.62466	75.89359
79.49873	76.01952
79.37277	76.14548
79.24683	76.27142
79.12088	76.39737
78.99494	76.52331
78.86899	76.64926
78.74305	76.77520
78.61710	76.90115
78.49116	77.02709
78.36520	77.15305
78.23927	77.27898
78.11330	77.40495
77.98737	77.53088
77.86141	77.65684
77.73547	77.78278
77.60952	77.90873
77.48358	78.03467
77.35764	78.16061
77.23169	78.28656
77.10575	78.41250
76.97979	78.53846
76.85386	78.66439
76.72790	78.79035
76.60196	78.91629
76.47601	79.04224
76.35007	79.16818
76.22411	79.29414
76.09818	79.42007
75.97221	79.54604
75.84628	79.67197
75.72032	79.79793
75.59439	79.92386
75.46843	80.04982
75.34249	80.17576
75.21654	80.30171
75.09060	80.42765
74.96465	80.55360
74.83871	80.67954
74.71275	80.80550
74.58681	80.93143
74.46085	81.05740
74.33492	81.18333
74.20896	81.30929
74.08302	81.43523
73.95708	81.56116
73.83113	81.68712
73.70519	81.81306
73.57924	81.93901
73.45330	82.06495
73.32734	82.19091
73.20141	82.31684
73.07545	82.44280
72.94952	82.56873
72.82355	82.69469
72.69762	82.82063
72.57166	82.94659
72.43883	83.02677
72.27984	82.94643
72.11852	82.87102
71.95493	82.80056
71.78927	82.73513
71.62168	82.67483
71.45233	82.61971
71.28133	82.56982
71.10890	82.52522
70.93518	82.48596
70.76034	82.45208
70.58449	82.42360
70.40791	82.40054
70.23065	82.38290
70.05299	82.37067
69.87504	82.36385
69.69691	82.36244
69.51887	82.36644
69.34098	82.37582
69.16351	82.39061
68.98654	82.41080
68.81030	82.43644
68.63491	82.46746
68.46058	82.50388
68.28741	82.54566
68.11566	82.59276
67.94543	82.64513
67.77689	82.70271
67.61018	82.76544
67.44550	82.83327
67.28296	82.90610
67.12275	82.98384
66.97165	83.02052
66.84572	82.89458
66.71976	82.76863
66.59382	82.64269
66.46786	82.51673
66.34193	82.39080
66.21597	82.26484
66.09003	82.13890
65.96407	82.01295
65.83813	81.88701
65.71220	81.76108
65.58624	81.63512
65.46030	81.50919
65.33435	81.38322
65.20841	81.25729
65.08246	81.13133
64.95652	81.00539
64.83056	80.87944
64.70462	80.75350
64.57867	80.62755
64.45273	80.50161
64.32677	80.37565
64.20084	80.24972
64.07487	80.12376
63.94894	79.99782
63.82298	79.87186
63.69704	79.74593
63.57109	79.61997
63.44515	79.49403
63.31919	79.36808
63.19326	79.24214
63.06730	79.11619
62.94136	78.99025
62.81541	78.86429
62.68947	78.73836
62.56351	78.61240
62.43757	78.48647
62.31164	78.36053
62.18568	78.23457
62.05974	78.10863
61.93378	77.98267
61.80785	77.85674
61.68189	77.73078
61.55595	77.60484
61.43000	77.47889
61.30406	77.35295
61.17810	77.22700
61.05217	77.10106
60.92621	76.97511
60.80027	76.84917
60.67431	76.72321
60.54838	76.59727
60.42242	76.47131
60.29648	76.34538
60.17052	76.21942
60.04459	76.09348
59.91863	75.96753
59.79269	75.84159
59.66674	75.71564
59.54080	75.58970
59.41484	75.46375
59.28891	75.33781
59.16295	75.21185
59.03701	75.08591
58.91108	74.95998
58.78512	74.83402
58.65918	74.70808
58.53322	74.58212
58.40728	74.45619
58.28133	74.33023
58.15539	74.20430
58.02943	74.07834
57.90350	73.95241
57.77754	73.82645
57.65160	73.70051
57.52564	73.57455
57.39971	73.44862
57.27375	73.32266
57.14781	73.19672
57.02185	73.07077
56.89592	72.94483
56.76996	72.81887
56.64402	72.69294
56.51807	72.56698
56.39213	72.44105
56.26617	72.31509
56.14024	72.18915
56.01428	72.06319
55.88834	71.93726
55.76238	71.81130
55.63645	71.68536
55.51051	71.55943
55.38455	71.43347
55.25862	71.30753
55.13266	71.18158
55.13248	71.03267
55.20179	70.86859
55.26619	70.70254
55.32552	70.53460
55.37972	70.36494
55.42875	70.19371
55.47244	70.02107
55.51085	69.84713
55.54380	69.67212
55.57137	69.49614
55.59341	69.31940
55.61001	69.14205
55.62103	68.96432
55.62659	68.78626
55.62667	68.60819
55.62139	68.43014
55.61073	68.25237
55.59465	68.07497
55.57319	67.89816
55.54634	67.72209
55.51410	67.54694
55.47649	67.37282
55.43354	67.20000
55.38528	67.02856
55.33176	66.85867
55.27302	66.69053
55.20913	66.52427
55.14016	66.36009
55.06615	66.19805
54.98721	66.03841
54.90340	65.88123
54.81484	65.72673
54.72157	65.57499
54.62371	65.42617
54.52135	65.28040
54.41461	65.13784
54.30357	64.99857
54.18835	64.86277
54.06905	64.73051
53.94579	64.60195
53.81864	64.47720
53.68779	64.35638
53.55333	64.23959
53.41537	64.12695
53.27403	64.01854
53.12949	63.91450
52.98181	63.81491
52.83118	63.71989
52.67770	63.62951
52.52155	63.54388
52.36282	63.46307
52.20167	63.38717
52.03831	63.31628
51.87280	63.25044
51.70538	63.18974
51.53612	63.13421
51.36527	63.08394
51.19291	63.03896
51.01931	62.99932
50.84451	62.96503
50.66877	62.93612
50.49223	62.91261
50.31505	62.89449
50.13739	62.88175
49.95943	62.87442
49.78130	62.87245
49.60323	62.87582
49.42533	62.88453
49.24780	62.89864
49.07075	62.91817
48.89440	62.94310
48.71888	62.97341
48.54441	63.00909
48.37109	63.05013
48.19913	63.09649
48.02865	63.14813
47.85987	63.20500
47.69293	63.26703
47.52797	63.33419
47.36516	63.40638
47.20462	63.48356
47.04655	63.56562
46.89106	63.65250
46.73832	63.74408
46.58841	63.84031
46.44157	63.94104
46.29782	64.04623
46.15735	64.15573
46.02026	64.26946
45.88676	64.38730
45.75686	64.50917
45.63072	64.63492
45.50846	64.76446
45.39022	64.89763
45.27606	65.03435
45.16612	65.17447
45.06049	65.31789
44.95929	65.46445
44.86261	65.61404
44.77056	65.76649
44.68321	65.92173
44.60067	66.07954
44.52300	66.23984
44.45031	66.40242
44.38264	66.56718
44.32008	66.73395
44.26270	66.90254
44.21052	67.07286
44.16364	67.24464
44.12205	67.41787
44.08582	67.59222
44.05498	67.76765
44.02954	67.94393
44.00948	68.12093
43.99482	68.29842
43.98554	68.47629
43.98163	68.65435
43.98309	68.83248
43.98995	69.01042
44.00222	69.18813
44.01991	69.36533
44.04302	69.54196
44.07156	69.71776
44.10549	69.89262
44.14478	70.06631
44.18943	70.23875
44.23936	70.40969
44.29453	70.57905
44.35487	70.74660
44.42034	70.91227
44.49083	71.07582
44.56629	71.23714
44.64666	71.39610
44.56447	71.52865
44.43851	71.65460
44.31258	71.78054
44.18662	71.90650
44.06068	72.03243
43.93473	72.15839
43.80879	72.28433
43.68283	72.41029
43.55690	72.53622
43.43094	72.66218
43.30500	72.78812
43.17905	72.91408
43.05311	73.04001
42.92715	73.16597
42.80122	73.29190
42.67526	73.41786
42.54932	73.54380
42.42336	73.66975
42.29743	73.79569
42.17147	73.92165
42.04553	74.04758
41.91957	74.17355
41.79364	74.29948
41.66768	74.42544
41.54175	74.55138
41.41581	74.67731
41.28985	74.80327
41.16392	74.92921
41.03796	75.05516
40.91202	75.18110
40.78606	75.30705
40.66013	75.43299
40.53417	75.55895
40.40823	75.68488
40.28228	75.81084
40.15634	75.93678
40.03038	76.06274
39.90445	76.18867
39.77849	76.31463
39.65255	76.44057
39.52660	76.56653
39.40066	76.69246
39.27470	76.81842
39.14877	76.94436
39.02281	77.07031
38.89687	77.19625
38.77092	77.32220
38.64498	77.44814
38.51902	77.57410
38.39309	77.70004
38.26713	77.82600
38.14119	77.95193
38.01525	78.07787
37.88930	78.20383
37.76336	78.32976
37.63741	78.45572
37.51147	78.58166
37.38551	78.70761
37.25957	78.83355
37.13362	78.95950
37.00768	79.08544
36.88172	79.21140
36.75579	79.33733
36.62983	79.46329
36.50389	79.58923
36.37793	79.71519
36.25200	79.84113
36.12604	79.96708
36.00010	80.09302
35.87415	80.21898
35.74821	80.34491
35.62225	80.47087
35.49632	80.59681
35.37036	80.72276
35.24442	80.84870
35.11847	80.97466
34.99253	81.10059
34.86657	81.22655
34.74063	81.35249
34.61470	81.47842
34.48874	81.60439
34.36280	81.73032
34.23685	81.85628
34.11091	81.98221
33.98495	82.10817
33.85902	82.23411
33.73306	82.36006
33.57922	82.30686
33.41870	82.22968
33.25591	82.15742
33.09098	82.09019
32.92406	82.02806
32.75530	81.97106
32.58491	81.91930
32.41296	81.87283
32.23968	81.83167
32.06519	81.79586
31.88971	81.76546
31.71334	81.74048
31.53632	81.72092
31.35877	81.70679
31.18088	81.69809
31.00279	81.69477
30.82471	81.69684
30.64673	81.70428
30.46912	81.71713
30.29195	81.73540
30.11543	81.75911
29.93973	81.78822
29.76497	81.82275
29.59141	81.86263
29.41911	81.90786
29.24833	81.95836
29.07916	82.01411
28.91183	82.07502
28.74639	82.14107
28.58309	82.21214
28.42201	82.28819
28.26337	82.36909
28.13309	82.27186
28.00716	82.14592
27.88120	82.01997
27.75526	81.89403
27.62931	81.76807
27.50337	81.64214
27.37741	81.51617
27.25148	81.39024
27.12552	81.26428
26.99958	81.13835
26.87363	81.01239
26.74769	80.88645
26.62173	80.76050
26.49580	80.63456
26.36986	80.50862
26.24390	80.38267
26.11797	80.25673
25.99201	80.13078
25.86607	80.00484
25.74012	79.87888
25.61418	79.75294
25.48822	79.62698
25.36229	79.50105
25.23633	79.37509
25.11039	79.24915
24.98443	79.12320
24.85850	78.99726
24.73254	78.87130
24.60660	78.74537
24.48065	78.61941
24.35471	78.49347
24.22875	78.36752
24.10282	78.24158
23.97686	78.11562
23.85092	77.98969
23.72496	77.86372
23.59903	77.73779
23.47307	77.61183
23.34713	77.48590
23.22118	77.35994
23.09524	77.23400
22.96930	77.10807
22.84335	76.98211
22.71741	76.85617
22.59145	76.73022
22.46552	76.60428
22.33956	76.47832
22.21362	76.35239
22.08767	76.22643
21.96173	76.10049
21.83577	75.97453
21.70984	75.84860
21.58388	75.72264
21.45794	75.59670
21.33198	75.47075
21.20605	75.34481
21.08009	75.21886
20.95415	75.09292
20.82820	74.96696
20.70226	74.84103
20.57630	74.71507
20.45037	74.58913
20.32441	74.46317
20.19847	74.33723
20.07251	74.21128
19.94658	74.08534
19.82062	73.95938
19.69468	73.83345
19.56875	73.70751
19.44279	73.58155
19.31685	73.45562
19.19090	73.32966
19.06496	73.20373
18.93900	73.07777
18.81307	72.95183
18.68711	72.82587
18.56117	72.69994
18.43521	72.57398
18.30928	72.44804
18.18332	72.32208
18.05738	72.19615
17.93143	72.07019
17.80549	71.94425
17.68922	71.81677
17.76831	71.65720
17.84258	71.49529
17.91191	71.33125
17.97623	71.16515
18.03539	70.99717
18.08940	70.82745
18.13818	70.65614
18.18165	70.48343
18.21978	70.30945
18.25251	70.13435
18.27981	69.95838
18.30166	69.78163
18.31804	69.60426
18.32894	69.42651
18.33440	69.24846
18.33441	69.07039
18.32898	68.89235
18.31809	68.71460
18.30174	68.53722
18.27990	68.36047
18.25261	68.18444
18.21989	68.00938
18.18176	67.83539
18.13830	67.66269
18.08953	67.49136
18.03555	67.32166
17.97635	67.15364
17.91204	66.98756
17.84274	66.82350
17.76851	66.66161
17.68942	66.50198
17.81319	66.37571
17.93915	66.24976
18.06509	66.12382
18.19105	65.99786
18.31698	65.87193
18.44294	65.74596
18.56888	65.62003
18.69481	65.49409
18.82077	65.36813
18.94671	65.24220
19.07267	65.11624
19.19860	64.99031
19.32456	64.86435
19.45050	64.73842
19.57646	64.61246
19.70239	64.48652
19.82835	64.36057
19.95429	64.23463
20.08025	64.10867
20.20618	63.98273
20.33214	63.85678
20.45808	63.73084
20.58403	63.60489
20.70997	63.47895
20.83593	63.35299
20.96186	63.22705
21.08782	63.10110
21.21376	62.97516
21.33972	62.84921
21.46565	62.72327
21.59161	62.59731
21.71755	62.47137
21.84351	62.34542
21.96944	62.21948
22.09538	62.09354
22.22134	61.96759
22.34727	61.84165
22.47323	61.71569
22.59917	61.58976
22.72512	61.46380
22.85106	61.33787
22.97702	61.21191
23.10296	61.08597
23.22891	60.96001
23.35485	60.83408
23.48081	60.70812
23.60674	60.58219
23.73270	60.45623
23.85864	60.33029
23.98460	60.20433
24.11053	60.07840
24.23649	59.95244
24.36243	59.82651
24.48839	59.70055
24.61432	59.57461
24.74028	59.44865
24.86622	59.32272
24.99218	59.19676
25.11811	59.07083
25.24407	58.94487
25.37001	58.81893
25.49594	58.69300
25.62190	58.56704
25.74784	58.44110
25.87379	58.31515
25.99973	58.18921
26.12569	58.06326
26.25163	57.93732
26.37758	57.81136
26.50352	57.68542
26.62948	57.55947
26.75541	57.43353
26.88137	57.30758
27.00731	57.18164
27.13327	57.05568
27.25920	56.92974
27.38516	56.80379
27.51110	56.67785
27.63706	56.55190
27.76299	56.42596
27.88895	56.30000
28.01489	56.17406
28.14084	56.04811
28.26678	55.92217
28.39274	55.79622
28.51867	55.67028
28.64463	55.54432
28.77057	55.41838
28.89651	55.29245
29.02246	55.16649
29.14840	55.04056
29.29477	55.04715
29.45474	55.12544
29.61705	55.19882
29.78149	55.26719
29.94800	55.33051
30.11633	55.38865
30.28638	55.44159
30.45800	55.48926
30.63101	55.53163
30.80521	55.56863
30.98048	55.60027
31.15666	55.62649
31.33356	55.64729
31.51097	55.66264
31.68883	55.67257
31.86685	55.67709
32.04501	55.67628
32.22298	55.67008
32.40073	55.65850
32.57801	55.64153
32.75473	55.61916
32.93065	55.59140
33.10564	55.55825
33.27953	55.51974
33.45216	55.47589
33.62333	55.42674
33.79292	55.37234
33.96079	55.31272
34.12668	55.24798
34.29056	55.17814
34.45216	55.10332
34.61142	55.02354
34.76813	54.93893
34.92222	54.84954
35.07343	54.75552
35.22178	54.65687
35.36699	54.55377
35.50901	54.44630
35.64770	54.33455
35.78294	54.21861
35.91455	54.09865
36.04248	53.97473
36.16659	53.84697
36.28676	53.71548
36.40285	53.58042
36.51478	53.44189
36.62244	53.30002
36.72575	53.15491
36.82456	53.00674
36.91882	52.85561
37.00839	52.70167
37.09322	52.54507
37.17321	52.38591
37.24825	52.22442
37.31832	52.06063
37.38329	51.89484
37.44313	51.72707
37.49776	51.55757
37.54715	51.38643
37.59122	51.21387
37.62998	51.04000
37.66336	50.86508
37.69137	50.68916
37.71398	50.51251
37.73120	50.33521
37.74301	50.15752
37.74943	49.97953
37.75050	49.80141
37.74625	49.62335
37.73662	49.44551
37.72158	49.26803
37.70115	49.09112
37.67533	48.91488
37.64411	48.73954
37.60752	48.56522
37.56559	48.39214
37.51833	48.22038
37.46581	48.05020
37.40808	47.88175
37.34516	47.71508
37.27715	47.55050
37.20410	47.38803
37.12611	47.22794
37.04322	47.07027
36.95555	46.91525
36.86316	46.76295
36.76619	46.61359
36.66467	46.46722
36.55877	46.32403
36.44853	46.18412
36.33412	46.04766
36.21558	45.91471
36.09306	45.78544
35.96666	45.65996
35.83651	45.53838
35.70271	45.42080
35.56543	45.30737
35.42471	45.19813
35.28077	45.09326
35.13369	44.99281
34.98361	44.89690
34.83066	44.80562
34.67501	44.71908
34.51674	44.63733
34.35607	44.56050
34.19312	44.48866
34.02801	44.42184
33.86093	44.36016
33.69201	44.30363
33.52147	44.25236
33.34937	44.20636
33.17598	44.16569
33.00140	44.13037
32.82584	44.10044
32.64943	44.07590
32.47237	44.05675
32.29478	44.04298
32.11688	44.03461
31.93877	44.03163
31.76070	44.03402
31.58275	44.04184
31.40514	44.05511
31.22801	44.07384
31.05158	44.09803
30.87592	44.12766
30.70133	44.16268
30.52783	44.20308
30.35572	44.24884
30.18507	44.29988
30.01608	44.35613
29.84889	44.41752
29.68365	44.48398
29.52052	44.55542
29.35959	44.63180
29.21001	44.65033
29.08177	44.52669
28.95356	44.40307
28.82532	44.27943
28.69711	44.15582
28.56887	44.03218
28.44066	43.90857
28.31242	43.78493
28.18421	43.66131
28.05597	43.53767
27.92776	43.41405
27.79952	43.29042
27.67131	43.16680
27.54308	43.04316
27.41486	42.91955
27.28662	42.79591
27.15841	42.67229
27.03017	42.54866
26.90196	42.42504
26.77373	42.30140
26.64551	42.17779
26.51728	42.05415
26.38906	41.93053
26.26083	41.80689
26.13261	41.68328
26.00440	41.55966
25.87616	41.43602
25.74795	41.31241
25.61971	41.18877
25.49150	41.06515
25.36326	40.94151
25.23505	40.81790
25.10682	40.69426
24.97860	40.57064
24.85036	40.44701
24.72215	40.32339
24.59392	40.19975
24.46570	40.07613
24.33747	39.95250
24.20925	39.82888
24.08102	39.70524
23.95280	39.58163
23.82457	39.45799
23.69635	39.33437
23.56812	39.21074
23.43990	39.08712
23.31167	38.96348
23.18345	38.83987
23.05522	38.71623
22.92700	38.59261
22.79877	38.46897
22.67056	38.34536
22.54234	38.22174
22.41410	38.09810
22.28589	37.97449
22.15766	37.85085
22.02944	37.72723
21.90121	37.60359
21.77299	37.47998
21.64476	37.35634
21.51654	37.23272
21.38831	37.10909
21.26009	36.98547
21.13186	36.86183
21.00364	36.73821
20.87541	36.61458
20.74719	36.49096
20.61896	36.36732
20.49074	36.24371
20.36251	36.12007
20.23429	35.99645
20.10606	35.87281
19.97784	35.74920
19.84961	35.62556
19.72140	35.50195
19.59316	35.37831
19.46495	35.25469
19.33671	35.13105
19.20850	35.00743
19.08028	34.88382
18.95205	34.76018
18.82383	34.63657
18.69560	34.51293
18.56738	34.38931
18.43915	34.26567
18.31093	34.14206
18.18270	34.01842
18.05448	33.89480
17.92625	33.77116
17.79803	33.64755
17.66980	33.52391
17.54158	33.40030
17.41335	33.27666
17.28514	33.15304
17.15690	33.02940
17.02869	32.90578
16.90045	32.78215
16.77224	32.65853
16.64400	32.53489
16.51579	32.41128
16.52868	32.26323
16.60389	32.10179
16.67419	31.93813
16.73954	31.77248
16.79980	31.60485
16.85490	31.43549
16.90477	31.26452
16.94937	31.09206
16.98860	30.91837
17.02245	30.74347
17.05087	30.56767
17.07384	30.39101
17.09131	30.21381
17.10332	30.03606
17.10984	29.85809
17.11091	29.67998
17.10653	29.50194
17.09668	29.32408
17.08135	29.14666
17.06054	28.96976
17.03427	28.79362
17.00254	28.61833
16.96542	28.44416
16.92292	28.27116
16.87512	28.09963
16.82207	27.92957
16.76383	27.76126
16.70048	27.59478
16.63213	27.43034
16.55882	27.26799
16.48068	27.10798
16.59148	26.97961
16.71742	26.85368
16.84335	26.72774
16.96931	26.60178
17.09525	26.47585
17.22120	26.34988
17.34714	26.22395
17.47309	26.09799
17.59903	25.97205
17.72498	25.84609
17.85092	25.72015
17.97688	25.59420
18.10281	25.46826
18.22877	25.34230
18.35470	25.21636
18.48066	25.09040
18.60659	24.96447
18.73255	24.83851
18.85848	24.71257
18.98444	24.58661
19.11037	24.46067
19.23633	24.33471
19.36227	24.20878
19.48822	24.08282
19.61416	23.95688
19.74011	23.83092
19.86605	23.70498
19.99201	23.57903
20.11794	23.45309
20.24388	23.32715
20.36983	23.20119
20.49577	23.07525
20.62172	22.94930
20.74766	22.82336
20.87362	22.69740
20.99955	22.57146
21.12551	22.44550
21.25144	22.31956
21.37740	22.19361
21.50333	22.06767
21.62929	21.94171
21.75522	21.81577
21.88118	21.68982
22.00711	21.56388
22.13307	21.43792
22.25901	21.31198
22.38496	21.18602
22.51090	21.06009
22.63685	20.93413
22.76279	20.80819
22.88875	20.68223
23.01468	20.55629
23.14064	20.43033
23.26657	20.30440
23.39253	20.17844
23.51846	20.05250
23.64440	19.92656
23.77036	19.80060
23.89629	19.67467
24.02225	19.54871
24.14818	19.42277
24.27414	19.29681
24.40007	19.17087
24.52603	19.04491
24.65196	18.91898
24.77792	18.79302
24.90385	18.66708
25.02981	18.54112
25.15575	18.41518
25.28170	18.28922
25.40764	18.16329
25.53359	18.03733
25.65953	17.91139
25.78549	17.78543
25.91142	17.65949
26.03738	17.53354
26.16331	17.40760
26.28927	17.28164
26.41520	17.15570
26.54116	17.02974
26.66710	16.90381
26.79305	16.77785
26.91899	16.65191
27.04492	16.52597
27.17088	16.40001
27.29681	16.27408
27.42277	16.14812
27.54870	16.02218
27.68267	15.94897
27.84184	16.02884
28.00339	16.10385
28.16713	16.17389
28.33299	16.23890
28.50072	16.29878
28.67023	16.35347
28.84132	16.40292
29.01389	16.44708
29.18769	16.48589
29.36265	16.51933
29.53853	16.54736
29.71520	16.56997
29.89247	16.58714
30.07020	16.59889
30.24818	16.60520
30.42631	16.60611
30.60434	16.60169
30.78219	16.59191
30.95964	16.57672
31.13656	16.55612
31.31274	16.53013
31.48805	16.49875
31.66233	16.46200
31.83541	16.41990
32.00710	16.37249
32.17722	16.31981
32.34568	16.26191
32.51223	16.19885
32.67678	16.13069
32.83916	16.05750
32.99920	15.97935
33.15676	15.89633
33.31173	15.80851
33.46392	15.71600
33.61322	15.61887
33.75948	15.51724
33.90260	15.41118
34.04238	15.30085
34.17876	15.18629
34.31157	15.06764
34.44075	14.94497
34.56610	14.81848
34.68758	14.68820
34.80503	14.55432
34.91835	14.41691
35.02744	14.27612
35.13221	14.13206
35.23251	13.98491
35.32826	13.83476
35.41941	13.68172
35.50580	13.52598
35.58739	13.36765
35.66407	13.20691
35.73578	13.04386
35.80243	12.87871
35.86397	12.71155
35.92033	12.54261
35.97146	12.37199
36.01730	12.19988
36.05783	12.02642
36.09298	11.85183
36.12275	11.67624
36.14713	11.49980
36.16612	11.32269
36.17971	11.14512
36.18793	10.96721
36.19077	10.78913
36.18825	10.61101
36.18040	10.43310
36.16715	10.25546
36.14853	10.07835
36.12446	9.90187
36.09502	9.72623
36.06020	9.55154
36.02002	9.37804
35.97453	9.20586
35.92373	9.03513
35.86770	8.86607
35.80649	8.69881
35.74016	8.53351
35.66876	8.37032
35.59240	8.20945
35.51111	8.05094
35.42502	7.89504
35.33418	7.74183
35.23873	7.59149
35.13869	7.44409
35.03423	7.29984
34.92540	7.15883
34.81234	7.02122
34.69514	6.88711
34.57393	6.75663
34.44880	6.62988
34.31987	6.50698
34.18728	6.38808
34.05112	6.27325
33.91153	6.16262
33.76866	6.05629
33.62259	5.95437
33.47348	5.85696
33.32145	5.76415
33.16668	5.67605
33.00927	5.59273
32.84937	5.51426
32.68715	5.44076
32.52272	5.37227
32.35628	5.30889
32.18794	5.25066
32.01792	5.19765
31.84634	5.14990
31.67338	5.10747
31.49915	5.07037
31.32391	5.03864
31.14773	5.01230
30.97087	4.99139
30.79343	4.97587
30.61564	4.96573
30.43756	4.96095
30.25948	4.96153
30.08144	4.96747
29.90372	4.97878
29.72637	4.99548
29.54965	5.01757
29.37368	5.04506
29.19864	5.07796
29.02466	5.11623
28.85198	5.15982
28.68073	5.20871
28.51107	5.26286
28.34314	5.32221
28.17712	5.38671
28.01316	5.45629
27.85142	5.53088
27.69206	5.61040
27.53519	5.69478
27.38100	5.78391
27.22959	5.87773
27.08114	5.97613
26.93574	6.07903
26.79360	6.18628
26.65473	6.29785
26.51934	6.41357
26.38753	6.53335
26.25944	6.65707
26.13512	6.78466
26.01478	6.91593
25.89845	7.05084
25.78632	7.18917
25.67843	7.33091
25.57493	7.47584
25.47587	7.62390
25.38141	7.77487
25.29159	7.92869
25.20654	8.08516
25.12631	8.24420
25.05103	8.40559
24.98074	8.56921
24.91550	8.73497
24.85542	8.90261
24.80052	9.07206
24.75088	9.24310
24.70652	9.41562
24.66750	9.58940
24.63385	9.76429
24.60558	9.94013
24.58269	10.11678
24.56523	10.29403
24.55316	10.47174
24.54647	10.64968
24.54511	10.82783
24.54922	11.00588
24.55881	11.18373
24.57389	11.36117
24.59448	11.53813
24.62055	11.71430
24.65206	11.88960
24.68900	12.06381
24.73129	12.23685
24.77891	12.40848
24.83176	12.57857
24.88979	12.74693
24.95291	12.91349
25.02104	13.07806
25.09408	13.24049
25.14045	13.39559
25.01451	13.52153
24.88855	13.64748
24.76262	13.77342
24.63666	13.89937
24.51072	14.02531
24.38476	14.15127
24.25882	14.27720
24.13286	14.40316
24.00692	14.52909
23.88096	14.65505
23.75503	14.78098
23.62907	14.90694
23.50313	15.03287
23.37717	15.15883
23.25123	15.28476
23.12527	15.41072
22.99933	15.53665
22.87337	15.66261
22.74744	15.78854
22.62148	15.91450
22.49554	16.04043
22.36958	16.16639
22.24364	16.29232
22.11768	16.41828
21.99174	16.54421
21.86581	16.67015
21.73985	16.79610
21.61391	16.92204
21.48795	17.04799
21.36201	17.17393
21.23605	17.29988
21.11011	17.42582
20.98415	17.55177
20.85822	17.67771
20.73226	17.80366
20.60632	17.92960
20.48036	18.05555
20.35442	18.18149
20.22846	18.30744
20.10252	18.43338
19.97656	18.55933
19.85063	18.68527
19.72467	18.81122
19.59873	18.93716
19.47277	19.06311
19.34683	19.18905
19.22087	19.31500
19.09493	19.44094
18.96897	19.56689
18.84304	19.69283
18.71708	19.81878
18.59114	19.94472
18.46520	20.07065
18.33924	20.19661
18.21330	20.32254
18.08734	20.44850
17.96140	20.57443
17.83545	20.70039
17.70951	20.82632
17.58355	20.95228
17.45761	21.07821
17.33165	21.20417
17.20571	21.33010
17.07975	21.45606
16.95382	21.58199
16.82786	21.70795
16.70192	21.83388
16.57596	21.95984
16.45002	22.08577
16.32406	22.21173
16.19812	22.33766
16.07216	22.46362
15.94623	22.58955
15.82027	22.71551
15.69433	22.84144
15.56837	22.96740
15.44243	23.09333
15.31647	23.21929
15.19053	23.34522
15.06459	23.47116
14.93863	23.59711
14.81270	23.72305
14.68674	23.84900
14.56080	23.97494
14.43484	24.10089
14.30890	24.22683
14.18294	24.35279
14.05700	24.47872
13.92153	24.54392
13.76159	24.46557
13.59933	24.39208
13.43495	24.32358
13.26852	24.26009
13.10025	24.20174
12.93027	24.14858
12.75874	24.10067
12.58577	24.05806
12.41161	24.02083
12.23635	23.98899
12.06023	23.96259
11.88334	23.94163
11.70594	23.92613
11.52809	23.91609
11.35005	23.91150
11.17191	23.91231
10.99394	23.91849
10.81623	23.93004
10.63891	23.94699
10.46221	23.96933
10.28626	23.99706
10.11129	24.03018
9.93736	24.06867
9.76476	24.11249
9.59355	24.16163
9.42394	24.21601
9.25608	24.27560
9.09019	24.34031
8.92629	24.41013
8.76468	24.48493
8.60540	24.56467
8.44868	24.64926
8.29459	24.73863
8.14333	24.83265
7.99499	24.93127
7.84978	25.03433
7.70773	25.14180
7.56903	25.25353
7.43377	25.36945
7.30214	25.48939
7.17419	25.61330
7.05007	25.74103
6.92990	25.87249
6.81379	26.00753
6.70184	26.14604
6.59414	26.28792
6.49083	26.43299
6.39197	26.58117
6.29772	26.73227
6.20810	26.88621
6.12326	27.04280
6.04325	27.20195
5.96818	27.36343
5.89810	27.52718
5.83310	27.69300
5.77324	27.86076
5.71858	28.03025
5.66917	28.20139
5.62506	28.37394
5.58628	28.54777
5.55287	28.72271
5.52484	28.89862
5.50221	29.07527
5.48496	29.25254
5.47313	29.43026
5.46668	29.60825
5.46558	29.78637
5.46981	29.96444
5.47942	30.14227
5.49443	30.31976
5.51484	30.49667
5.54064	30.67290
5.57183	30.84825
5.60839	31.02258
5.65030	31.19567
5.69752	31.36740
5.75002	31.53761
5.80774	31.70611
5.87063	31.87275
5.93861	32.03735
6.01163	32.19981
6.08961	32.35993
6.17248	32.51761
6.26012	32.67264
6.35249	32.82495
6.44945	32.97433
6.55094	33.12072
6.65683	33.26392
6.76704	33.40384
6.88144	33.54032
6.99996	33.67329
7.12246	33.80258
7.24884	33.92808
7.37897	34.04967
7.51275	34.16728
7.65002	34.28073
7.79072	34.38998
7.93464	34.49487
8.08169	34.59533
8.23179	34.69127
8.38470	34.78256
8.54036	34.86914
8.69860	34.95089
8.85927	35.02776
9.02221	35.09963
9.18732	35.16647
9.35439	35.22818
9.52330	35.28473
9.69383	35.33603
9.86592	35.38205
10.03928	35.42274
10.21389	35.45808
10.38944	35.48804
10.56585	35.51261
10.74291	35.53178
10.92050	35.54557
11.09839	35.55397
11.27650	35.55697
11.45457	35.55463
11.63253	35.54684
11.81014	35.53360
11.98727	35.51489
12.16371	35.49073
12.33937	35.46112
12.51397	35.42612
12.68744	35.38574
12.85959	35.34002
13.03024	35.28902
13.19925	35.23280
13.36645	35.17145
13.53170	35.10497
13.69484	35.03357
13.85579	34.95723
14.00568	34.93667
14.13392	35.06031
14.26213	35.18393
14.39034	35.30754
14.51860	35.43120
14.64682	35.55482
14.77503	35.67844
14.90324	35.80205
15.03150	35.92571
15.15971	36.04933
15.28793	36.17294
15.41614	36.29656
15.54440	36.42022
15.67261	36.54384
15.80083	36.66745
15.92904	36.79107
16.05730	36.91473
16.18551	37.03835
16.31372	37.16196
16.44194	37.28558
16.57015	37.40919
16.69841	37.53286
16.82662	37.65647
16.95484	37.78009
17.08305	37.90371
17.21131	38.02736
17.33952	38.15098
17.46774	38.27460
17.59595	38.39821
17.72421	38.52187
17.85242	38.64549
17.98063	38.76910
18.10885	38.89272
18.23711	39.01638
18.36532	39.14000
18.49353	39.26361
18.62175	39.38723
18.75000	39.51089
18.87822	39.63451
19.00643	39.75813
19.13465	39.88174
19.26290	40.00540
19.39112	40.12902
19.51933	40.25263
19.64754	40.37625
19.77580	40.49991
19.90402	40.62352
20.03223	40.74714
20.16044	40.87076
20.28866	40.99437
20.41691	41.11803
20.54513	41.24165
20.67334	41.36527
20.80156	41.48888
20.92981	41.61254
21.05803	41.73616
21.18624	41.85978
21.31445	41.98339
21.44271	42.10705
21.57092	42.23067
21.69914	42.35429
21.82735	42.47790
21.95561	42.60156
22.08382	42.72518
22.21204	42.84879
22.34025	42.97241
22.46851	43.09607
22.59672	43.21969
22.72494	43.34330
22.85315	43.46692
22.98141	43.59058
23.10962	43.71420
23.23783	43.83781
23.36605	43.96143
23.49426	44.08504
23.62252	44.20871
23.75073	44.33232
23.87895	44.45594
24.00716	44.57956
24.13542	44.70321
24.26363	44.82683
24.39185	44.95045
24.52006	45.07406
24.64832	45.19772
24.77653	45.32134
24.90475	45.44495
25.03296	45.56857
25.16121	45.69223
25.28943	45.81585
25.41764	45.93946
25.54586	46.06308
25.67411	46.18674
25.80233	46.31036
25.93054	46.43398
26.05876	46.55759
26.18701	46.68125
26.31523	46.80487
26.44344	46.92848
26.57165	47.05210
26.69991	47.17576
26.68821	47.32354
26.61296	47.48497
26.54263	47.64858
26.47726	47.81427
26.41693	47.98191
26.36177	48.15125
26.31187	48.32220
26.26724	48.49460
26.22793	48.66837
26.19402	48.84317
26.16553	49.01902
26.14250	49.19558
26.12495	49.37286
26.11290	49.55057
26.10631	49.72856
26.10518	49.90662
26.10954	50.08475
26.11938	50.26257
26.13471	50.44000
26.15553	50.61688
26.18184	50.79308
26.21362	50.96827
26.25082	51.14247
26.29334	51.31539
26.34121	51.48702
26.39432	51.65700
26.45257	51.82528
26.51590	51.99174
26.58426	52.15617
26.65755	52.31860
26.68317	52.47019
26.55723	52.59613
26.43129	52.72206
26.30532	52.84805
26.17938	52.97398
26.05344	53.09991
25.92751	53.22585
25.80153	53.35183
25.67559	53.47777
25.54966	53.60370
25.42372	53.72964
25.29774	53.85562
25.17180	53.98156
25.04587	54.10749
24.91993	54.23343
24.79395	54.35941
24.66802	54.48534
24.54208	54.61128
24.41615	54.73721
24.29016	54.86319
24.16423	54.98913
24.03829	55.11507
23.91236	55.24100
23.78638	55.36698
23.66044	55.49292
23.53450	55.61885
23.40857	55.74479
23.28263	55.87073
23.15665	55.99670
23.03072	56.12264
22.90478	56.24858
22.77884	56.37451
22.65287	56.50049
22.52693	56.62643
22.40099	56.75237
22.27506	56.87830
22.14908	57.00428
22.02314	57.13022
21.89721	57.25615
21.77127	57.38209
21.64529	57.50807
21.51935	57.63400
21.39342	57.75994
21.26748	57.88588
21.14150	58.01186
21.01557	58.13779
20.88963	58.26373
20.76369	58.38966
20.63771	58.51564
20.51178	58.64158
20.38584	58.76752
20.25991	58.89345
20.13397	59.01939
20.00799	59.14537
19.88206	59.27131
19.75612	59.39724
19.63018	59.52317
19.50420	59.64915
19.37827	59.77509
19.25233	59.90103
19.12639	60.02696
19.00042	60.15294
18.87448	60.27888
18.74854	60.40482
18.62261	60.53075
18.49663	60.65673
18.37069	60.78267
18.24475	60.90860
18.11882	61.03454
17.99284	61.16052
17.86691	61.28645
17.74097	61.41239
17.61503	61.53833
17.48905	61.66431
17.36312	61.79024
17.23718	61.91618
17.11124	62.04211
16.98527	62.16809
16.85933	62.29403
16.73339	62.41997
16.60746	62.54590
16.48152	62.67184
16.35554	62.79782
16.22960	62.92375
16.10367	63.04969
15.97773	63.17562
15.85175	63.30161
15.72582	63.42754
15.59988	63.55348
15.47394	63.67941
15.34797	63.80539
15.22203	63.93133
15.07638	63.93493
14.91545	63.85867
14.75225	63.78728
14.58697	63.72091
14.41978	63.65963
14.25078	63.60347
14.08007	63.55248
13.90793	63.50679
13.73445	63.46642
13.55981	63.43147
13.38417	63.40193
13.20771	63.37783
13.03059	63.35920
12.85295	63.34604
12.67504	63.33833
12.49690	63.33607
12.31885	63.33918
12.14094	63.34766
11.96338	63.36156
11.78628	63.38085
11.60990	63.40553
11.43440	63.43559
11.25986	63.47103
11.08644	63.51184
10.91442	63.55796
10.74390	63.60936
10.57505	63.66600
10.40796	63.72783
10.24293	63.79475
10.08006	63.86671
9.91945	63.94366
9.76121	64.02554
9.60562	64.11220
9.45273	64.20359
9.30276	64.29958
9.15570	64.40017
9.01186	64.50513
8.87125	64.61445
8.73401	64.72801
8.60031	64.84568
8.47023	64.96737
8.34396	65.09291
8.22153	65.22229
8.10310	65.35532
7.98875	65.49189
7.87863	65.63187
7.77280	65.77515
7.67144	65.92153
7.57452	66.07106
7.48228	66.22337
7.39473	66.37846
7.31196	66.53617
7.23406	66.69638
7.16115	66.85883
7.09325	67.02353
7.03049	67.19013
6.97285	67.35871
6.92046	67.52894
6.87334	67.70068
6.83154	67.87381
6.79507	68.04819
6.76399	68.22358
6.73831	68.39976
6.71801	68.57670
6.70310	68.75423
6.69358	68.93208
6.68946	69.11012
6.69067	69.28819
6.69722	69.46616
6.70915	69.64391
6.72650	69.82121
6.74924	69.99782
6.77737	70.17365
6.81090	70.34866
6.84977	70.52242
6.89399	70.69496
6.94348	70.86600
6.99826	71.03553
7.05823	71.20325
7.12332	71.36903
7.19347	71.53268
7.26868	71.69422
7.34878	71.85330
7.43372	72.00983
7.52338	72.16366
7.61776	72.31476
7.71670	72.46288
7.82008	72.60786
7.92784	72.74966
8.03991	72.88815
8.15611	73.02313
8.27634	73.15448
8.40054	73.28214
8.52861	73.40601
8.66031	73.52589
8.79561	73.64170
8.93434	73.75333
9.07645	73.86071
9.22180	73.96375
9.37012	74.06223
9.52147	74.15619
9.67557	74.24543
9.83241	74.32996
9.99169	74.40958
10.15337	74.48429
10.31727	74.55399
10.48325	74.61862
10.65113	74.67812
10.82075	74.73238
10.99195	74.78141
11.16468	74.82518
11.33858	74.86355
11.51356	74.89655
11.68954	74.92419
11.86630	74.94643
12.04358	74.96326
12.22129	74.97471
12.39929	74.98080
12.57741	74.98145
12.75541	74.97674
12.93324	74.96657
13.11062	74.95092
13.28747	74.92979
13.46363	74.90321
13.63884	74.87121
13.81294	74.83382
13.98581	74.79102
14.15735	74.74290
14.32725	74.68957
14.49547	74.63106
14.66185	74.56744
14.82621	74.49879
14.98837	74.42519
15.14826	74.34675
15.27750	74.45186
15.40348	74.57784
15.52942	74.70377
15.65536	74.82971
15.78129	74.95565
15.90727	75.08163
16.03321	75.20757
16.15914	75.33350
16.28508	75.45943
16.41106	75.58542
16.53699	75.71135
16.66293	75.83729
16.78887	75.96323
16.91485	76.08920
17.04078	76.21514
17.16672	76.34107
17.29266	76.46701
17.41859	76.59295
17.54457	76.71893
17.67051	76.84486
17.79644	76.97080
17.92238	77.09673
18.04836	77.22272
18.17429	77.34865
18.30023	77.47459
18.42617	77.60052
18.55215	77.72650
18.67808	77.85244
18.80402	77.97838
18.92995	78.10431
19.05593	78.23029
19.18187	78.35622
19.30780	78.48216
19.43374	78.60810
19.55972	78.73408
19.68566	78.86002
19.81159	78.98595
19.93753	79.11189
20.06351	79.23787
20.18944	79.36380
20.31538	79.48974
20.44132	79.61568
20.56725	79.74161
20.69323	79.86759
20.81917	79.99352
20.94510	80.11946
21.07104	80.24540
21.19702	80.37138
21.32296	80.49731
21.44889	80.62325
21.57483	80.74918
21.70081	80.87517
21.82674	81.00110
21.95268	81.12704
22.07862	81.25298
22.20460	81.37895
22.33053	81.50489
22.45647	81.63082
22.58240	81.75676
22.70838	81.88274
22.83432	82.00867
22.96025	82.13461
23.08619	82.26055
23.21217	82.38653
23.33811	82.51247
23.46404	82.63840
23.58998	82.76434
23.71596	82.89031
23.84189	83.01625
23.96783	83.14219
24.09377	83.26813
24.21970	83.39406
24.34568	83.52004
24.47162	83.64597
24.59755	83.77191
24.72349	83.89785
24.84947	84.02383
24.97540	84.14977
25.10134	84.27570
25.22728	84.40163
25.35326	84.52762
25.47919	84.65355
25.60513	84.77949
25.73107	84.90543
25.71051	85.05631
25.63738	85.21869
25.56912	85.38316
25.50588	85.54964
25.44769	85.71806
25.39467	85.88805
25.34691	86.05962
25.30446	86.23259
25.26734	86.40682
25.23563	86.58207
25.20942	86.75819
25.18868	86.93510
25.17343	87.11256
25.16367	87.29041
25.15940	87.46849
25.16060	87.64655
25.16714	87.82452
25.17906	88.00232
25.19640	88.17957
25.21913	88.35619
25.24725	88.53202
25.28078	88.70704
25.31964	88.88079
25.36385	89.05334
25.41333	89.22438
25.46810	89.39391
25.52806	89.56164
25.59314	89.72742
25.66329	89.89108
25.73848	90.05262
25.81858	90.21171
25.90350	90.36824
25.99316	90.52207
26.08753	90.67317
26.18646	90.82130
26.28983	90.96629
26.39759	91.10809
26.50965	91.24659
26.62584	91.38158
26.74607	91.51293
26.87026	91.64060
26.99828	91.76443
27.13002	91.88436
27.26531	92.00018
27.40403	92.11181
27.54614	92.21921
27.69148	92.32224
27.83985	92.42076
27.99115	92.51470
28.14524	92.60395
28.30208	92.68848
28.46136	92.76812
28.62302	92.84284
28.78693	92.91254
28.95290	92.97719
29.12078	93.03669
29.29039	93.09097
29.46159	93.14001
29.63432	93.18378
29.80822	93.22216
29.98320	93.25517
30.15917	93.28281
30.33593	93.30506
30.51321	93.32191
30.69092	93.33337
30.86893	93.33946
31.04698	93.34016
31.22504	93.33553
31.40291	93.32555
31.58032	93.31017
31.75722	93.28939
31.93342	93.26319
32.10867	93.23162
32.28291	93.19467
32.45588	93.15239
32.62754	93.10477
32.79761	93.05191
32.96597	92.99381
33.13248	92.93056
33.29701	92.86220
33.45925	92.78885
33.61923	92.71052
33.77665	92.62734
33.93155	92.53933
34.08366	92.44664
34.23283	92.34937
34.37896	92.24759
34.52198	92.14136
34.66167	92.03083
34.79790	91.91613
34.93058	91.79733
35.05960	91.67455
35.18484	91.54790
35.30614	91.41753
35.42345	91.28350
35.53661	91.14600
35.64561	91.00503
35.75019	90.86089
35.85031	90.71363
35.94590	90.56336
36.03688	90.41017
36.12311	90.25435
36.20451	90.09592
36.28100	89.93513
36.35255	89.77194
36.41900	89.60677
36.48036	89.43955
36.53652	89.27055
36.58747	89.09981
36.63311	88.92769
36.67343	88.75421
36.70840	88.57960
36.73801	88.40388
36.76218	88.22744
36.78095	88.05038
36.79434	87.87279
36.80235	87.69482
36.80502	87.51677
36.80224	87.33868
36.79397	87.16077
36.78021	86.98326
36.76094	86.80614
36.73621	86.62977
36.70602	86.45423
36.67037	86.27978
36.62933	86.10640
36.58301	85.93440
36.53142	85.76395
36.47462	85.59517
36.41272	85.42810
36.34582	85.26307
36.27396	85.10012
36.19731	84.93939
36.31648	84.81229
36.44242	84.68636
36.56836	84.56042
36.69429	84.43449
36.82027	84.30851
36.94621	84.18257
37.07214	84.05663
37.19808	83.93069
37.32406	83.80472
37.44999	83.67879
37.57593	83.55285
37.70187	83.42691
37.82785	83.30093
37.95378	83.17500
38.07972	83.04906
38.20565	82.92313
38.33159	82.79719
38.45757	82.67120
38.58350	82.54527
38.70944	82.41933
38.83538	82.29340
38.96136	82.16742
39.08729	82.04148
39.21323	81.91555
39.33916	81.78961
39.46515	81.66364
39.59108	81.53770
39.71702	81.41176
39.84295	81.28582
39.96893	81.15984
40.09487	81.03391
40.22080	80.90797
40.34674	80.78204
40.47272	80.65606
40.59866	80.53012
40.72459	80.40418
40.85053	80.27824
40.97651	80.15227
41.10244	80.02633
41.22838	79.90040
41.35432	79.77446
41.48025	79.64852
41.60623	79.52254
41.73217	79.39661
41.85810	79.27068
41.98404	79.14474
42.11002	79.01875
42.23595	78.89282
42.36189	78.76688
42.48783	78.64095
42.61381	78.51497
42.73974	78.38903
42.86568	78.26310
42.99162	78.13716
43.11759	78.01118
43.24353	77.88525
43.36946	77.75931
43.49540	77.63337
43.62138	77.50739
43.74732	77.38145
43.87325	77.25552
43.99919	77.12959
44.12517	77.00361
44.25111	76.87767
44.37704	76.75173
44.50298	76.62579
44.62896	76.49982
44.75489	76.37388
44.88083	76.24795
45.00676	76.12201
45.13270	75.99607
45.25868	75.87009
45.38462	75.74416
45.51055	75.61823
45.63649	75.49229
45.76247	75.36630
45.88840	75.24037
46.01434	75.11443
46.14027	74.98849
46.26625	74.86252
46.39219	74.73658
46.51813	74.61065
46.64406	74.48471
46.77004	74.35873
46.89598	74.23280
47.02192	74.10686
47.14785	73.98092
47.28817	73.94078
47.44977	74.01559
47.61358	74.08554
47.77938	74.15053
47.94715	74.21046
48.11660	74.26523
48.28762	74.31480
48.46016	74.35910
48.63391	74.39801
48.80891	74.43156
48.98479	74.45966
49.16142	74.48230
49.33868	74.49940
49.51645	74.51102
49.69445	74.51714
49.87252	74.51778
50.05053	74.51305
50.22843	74.50279
50.40578	74.48712
50.58267	74.46603
50.75875	74.43949
50.93399	74.40747
51.10815	74.37006
51.28102	74.32732
51.45248	74.27928
51.62249	74.22594
51.79066	74.16740
51.95700	74.10372
52.12128	74.03500
52.28349	73.96126
52.44331	73.88268
52.60067	73.79930
52.74052	73.82498
52.86650	73.95096
52.99244	74.07690
53.11837	74.20284
53.24431	74.32877
53.37024	74.45470
53.49622	74.58069
53.62216	74.70662
53.74810	74.83256
53.87403	74.95850
54.00001	75.08447
54.12595	75.21041
54.25188	75.33634
54.37782	75.46228
54.50380	75.58826
54.62973	75.71420
54.75567	75.84013
54.88161	75.96606
55.00759	76.09205
55.13352	76.21799
55.25946	76.34392
55.38540	76.46986
55.51138	76.59583
55.63731	76.72177
55.76324	76.84771
55.88918	76.97364
56.01516	77.09962
56.14110	77.22556
56.26704	77.35149
56.39297	77.47743
56.51891	77.60336
56.64489	77.72935
56.77082	77.85529
56.89676	77.98122
57.02269	78.10715
57.14867	78.23313
57.27461	78.35907
57.40055	78.48501
57.52648	78.61094
57.65246	78.73692
57.77840	78.86285
57.90434	78.98879
58.03027	79.11473
58.15625	79.24071
58.28218	79.36665
58.40812	79.49258
58.53406	79.61852
58.66004	79.74450
58.78597	79.87043
58.91191	79.99637
59.03785	80.12231
59.16383	80.24828
59.28976	80.37422
59.41570	80.50015
59.54163	80.62609
59.66761	80.75208
59.79355	80.87801
59.91948	81.00394
60.04542	81.12988
60.17136	81.25581
60.29734	81.38180
60.42327	81.50773
60.54921	81.63367
60.67514	81.75961
60.80112	81.88558
60.92706	82.01152
61.05300	82.13745
61.17893	82.26339
61.30491	82.38937
61.43085	82.51530
61.55679	82.64124
61.68272	82.76718
61.80870	82.89316
61.93464	83.01910
62.06057	83.14503
62.18651	83.27097
62.31249	83.39694
62.43842	83.52288
62.56436	83.64882
62.69030	83.77476
62.81628	83.90073
62.94221	84.02667
63.06815	84.15260
63.19408	84.27854
63.32002	84.40448
63.44600	84.53046
63.57193	84.65639
63.69787	84.78233
63.82381	84.90826
63.94979	85.03424
64.07572	85.16018
64.20166	85.28612
64.32760	85.41206
64.45358	85.53803
64.48904	85.67913
64.41455	85.84089
64.34491	86.00484
64.28020	86.17084
64.22063	86.33864
64.16617	86.50823
64.11691	86.67934
64.07298	86.85201
64.03439	87.02589
64.00117	87.20085
63.97341	87.37674
63.95115	87.55354
63.93438	87.73080
63.92310	87.90856
63.91732	88.08653
63.91698	88.26469
63.92205	88.44267
63.93250	88.62050
63.94832	88.79787
63.96954	88.97469
63.99615	89.15082
64.02816	89.32606
64.06554	89.50018
64.10825	89.67303
64.15630	89.84458
64.20959	90.01451
64.26811	90.18272
64.33179	90.34908
64.40056	90.51344
64.47431	90.67550
64.55304	90.83528
64.63663	90.99252
64.72504	91.14720
64.81808	91.29904
64.91575	91.44798
65.01791	91.59386
65.12449	91.73659
65.23535	91.87600
65.35039	92.01195
65.46951	92.14434
65.59261	92.27306
65.71956	92.39799
65.85023	92.51898
65.98454	92.63594
66.12234	92.74876
66.26356	92.85736
66.40800	92.96161
66.55550	93.06136
66.70601	93.15658
66.85941	93.24718
67.01546	93.33303
67.17403	93.41402
67.33508	93.49013
67.49842	93.56127
67.66383	93.62732
67.83115	93.68824
68.00029	93.74398
68.17115	93.79449
68.34340	93.83971
68.51698	93.87959
68.69167	93.91409
68.86741	93.94324
69.04394	93.96701
69.22110	93.98537
69.39870	93.99831
69.57668	94.00587
69.75475	94.00808
69.93280	94.00496
70.11070	93.99647
70.28831	93.98257
70.46536	93.96328
70.64174	93.93859
70.81725	93.90853
70.99178	93.87309
71.16521	93.83228
71.33722	93.78615
71.50774	93.73475
71.67660	93.67810
71.84368	93.61626
72.00871	93.54934
72.17158	93.47737
72.33224	93.40040
72.49043	93.31854
72.64602	93.23187
72.79890	93.14048
72.94888	93.04448
73.09594	92.94389
73.23977	92.83893
73.38038	92.72961
73.51760	92.61605
73.65131	92.49837
73.78138	92.37668
73.90765	92.25114
74.03008	92.12175
74.14851	91.98872
74.26285	91.85214
74.37297	91.71216
74.47875	91.56893
74.58015	91.42250
74.67707	91.27297
74.76930	91.12066
74.85686	90.96558
74.93962	90.80787
75.01752	90.64765
75.09042	90.48520
75.15829	90.32055
75.22108	90.15389
75.27872	89.98531
75.33110	89.81509
75.37822	89.64333
75.42003	89.47021
75.45647	89.29582
75.48755	89.12049
75.51324	88.94421
75.53353	88.76733
75.54844	88.58979
75.55796	88.41194
75.56207	88.23391
75.56084	88.05582
75.55410	87.87779
75.54186	87.70012
75.52413	87.52293
75.50092	87.34631
75.47224	87.17049
75.43813	86.99572
75.39860	86.82208
75.35374	86.64971
75.30363	86.47884
75.24824	86.30947
75.18776	86.14197
75.12225	85.97635
75.05176	85.81281
74.97639	85.65140
75.03889	85.51496
75.16483	85.38902
75.29076	85.26309
75.41674	85.13711
75.54268	85.01117
75.66861	84.88524
75.79455	84.75930
75.92052	84.63332
76.04646	84.50739
76.17240	84.38145
76.29834	84.25551
76.42432	84.12953
76.55025	84.00360
76.67619	83.87766
76.80212	83.75172
76.92810	83.62575
77.05404	83.49981
77.17998	83.37387
77.30591	83.24794
77.43185	83.12200
77.55783	82.99602
77.68376	82.87009
77.80970	82.74415
77.93564	82.61821
78.06161	82.49223
78.18755	82.36629
78.31348	82.24036
78.43942	82.11443
78.56540	81.98845
78.69134	81.86251
78.81728	81.73657
78.94321	81.61064
79.06919	81.48466
79.19513	81.35872
79.32106	81.23279
79.44700	81.10685
79.57298	80.98087
79.69891	80.85493
79.82485	80.72900
79.95078	80.60307
80.07677	80.47708
80.20270	80.35115
80.32864	80.22521
80.45457	80.09927
80.58055	79.97330
80.70649	79.84736
80.83243	79.72142
80.95836	79.59549
81.08430	79.46955
81.21027	79.34357
81.33621	79.21764
81.46215	79.09170
81.58808	78.96577
81.71407	78.83978
81.84000	78.71385
81.96593	78.58791
82.09187	78.46198
82.21785	78.33600
82.34379	78.21006
82.46973	78.08412
82.59566	77.95819
82.72164	77.83221
82.84757	77.70628
82.97351	77.58034
83.09945	77.45440
83.22543	77.32842
83.35136	77.20248
83.47730	77.07655
83.60323	76.95061
83.72922	76.82463
83.85515	76.69870
83.98109	76.57276
84.10703	76.44682
84.23296	76.32089
84.35894	76.19491
84.48488	76.06897
84.61081	75.94304
84.73675	75.81710
84.86272	75.69112
84.98866	75.56519
85.11460	75.43925
85.24053	75.31332
85.36652	75.18733
85.49245	75.06140
85.61839	74.93546
85.74432	74.80952
85.87030	74.68355
85.99624	74.55761
86.12218	74.43167
86.24811	74.30574
86.37409	74.17976
86.52613	74.20768
86.68849	74.28087
86.85294	74.34917
87.01949	74.41245
87.18777	74.47063
87.35778	74.52367
87.52935	74.57145
87.70237	74.61394
87.87657	74.65107
88.05182	74.68279
88.22798	74.70902
88.40485	74.72977
88.58234	74.74503
88.76012	74.75482
88.93817	74.75910
89.11625	74.75793
89.29427	74.75140
89.47200	74.73951
89.64927	74.72220
89.82587	74.69949
90.00179	74.67139
90.17673	74.63791
90.35056	74.59907
90.52307	74.55489
90.69417	74.50542
90.86369	74.45068
91.03139	74.39075
91.19717	74.32570
91.36089	74.25555
91.52238	74.18041
91.68149	74.10034
91.83800	74.01546
91.99194	73.92577
92.14301	73.83144
92.29115	73.73253
92.43615	73.62918
92.57796	73.52145
92.71648	73.40941
92.85149	73.29324
92.98286	73.17302
93.11055	73.04886
93.23444	72.92081
93.35435	72.78913
93.47018	72.65386
93.58183	72.51516
93.68929	72.37302
93.79230	72.22775
93.89082	72.07944
93.98481	71.92810
94.07410	71.77399
94.15865	71.61720
94.23830	71.45793
94.31305	71.29626
94.38280	71.13233
94.44744	70.96642
94.50697	70.79855
94.56128	70.62894
94.61035	70.45769
94.65412	70.28503
94.69253	70.11114
94.72557	69.93616
94.75323	69.76018
94.77551	69.58349
94.79237	69.40615
94.80386	69.22845
94.80997	69.05045
94.81071	68.87232
94.80611	68.69432
94.79614	68.51646
94.78081	68.33905
94.76003	68.16209
94.73387	67.98592
94.70233	67.81068
94.66540	67.63644
94.62314	67.46340
94.57555	67.29174
94.52271	67.12167
94.46465	66.95335
94.40140	66.78677
94.33309	66.62229
94.25977	66.46004
94.18145	66.30005
94.09824	66.14251
94.01031	65.98770
93.91765	65.83556
93.82040	65.68638
93.71861	65.54018
93.61243	65.39722
93.50193	65.25750
93.38725	65.12125
93.26846	64.98856
93.14570	64.85952
93.01907	64.73428
92.88867	64.61292
92.75470	64.49561
92.61717	64.38240
92.47626	64.27342
92.33214	64.16882
92.18489	64.06867
92.03458	63.97303
91.88147	63.88205
91.72564	63.79581
91.56728	63.71441
91.40639	63.63784
91.24329	63.56629
91.07806	63.49980
90.91089	63.43844
90.74184	63.38223
90.57118	63.33128
90.39906	63.28561
90.22558	63.24526
90.05093	63.21026
89.87529	63.18064
89.69888	63.15645
89.52176	63.13764
89.34412	63.12422
89.16622	63.11619
Alexander Skowalsky
https://thenounproject.com/icon/connected-dots-365633
