96.72300	78.72300
96.64519	78.61914
96.56756	78.51514
96.49055	78.41068
96.41432	78.30565
96.33929	78.19975
96.26577	78.09282
96.19424	77.98454
96.12538	77.87453
96.06007	77.76240
95.99963	77.64757
95.94607	77.52939
95.89995	77.40809
95.85468	77.28647
95.80969	77.16473
95.76513	77.04285
95.72106	76.92078
95.67748	76.79854
95.63437	76.67613
95.59196	76.55348
95.55031	76.43056
95.50935	76.30742
95.46929	76.18398
95.43002	76.06029
95.39178	75.93627
95.35444	75.81198
95.31826	75.68735
95.28308	75.56243
95.24919	75.43716
95.21642	75.31159
95.18504	75.18566
95.15491	75.05943
95.12625	74.93286
95.08828	74.80914
95.04285	74.68757
94.99876	74.56552
94.95601	74.44299
94.91454	74.32001
94.87435	74.19661
94.83540	74.07281
94.79768	73.94865
94.76112	73.82413
94.72572	73.69927
94.69144	73.57410
94.65825	73.44864
94.62612	73.32290
94.59501	73.19691
94.56490	73.07068
94.53574	72.94421
94.50751	72.81754
94.48016	72.69068
94.45368	72.56364
94.42801	72.43642
94.40315	72.30904
94.37903	72.18153
94.35564	72.05388
94.33293	71.92610
94.31098	71.79819
94.28947	71.67021
94.26865	71.54211
94.24842	71.41393
94.22864	71.28567
94.20928	71.15734
94.19046	71.02893
94.17207	70.90047
94.15401	70.77195
94.13626	70.64339
94.11888	70.51478
94.10178	70.38613
94.08490	70.25746
94.06822	70.12875
94.05181	70.00002
94.03541	69.87128
94.01910	69.74253
94.00291	69.61377
93.98672	69.48501
93.97047	69.35625
93.95422	69.22749
93.93797	69.09874
93.92160	68.96999
93.90517	68.84126
93.88873	68.71252
93.87216	68.58381
93.85532	68.45513
93.83817	68.32649
93.82088	68.19787
93.80305	68.06932
93.78497	67.94081
93.76649	67.81236
93.74557	67.68429
93.72311	67.55647
93.69988	67.42878
93.67584	67.30125
93.65112	67.17385
93.62568	67.04659
93.59963	66.91945
93.57293	66.79245
93.54572	66.66556
93.51806	66.53876
93.48998	66.41206
93.46138	66.28547
93.43244	66.15896
93.40321	66.03252
93.37372	65.90614
93.34391	65.77982
93.31388	65.65357
93.28374	65.52734
93.25361	65.40111
93.22330	65.27492
93.19299	65.14873
93.16256	65.02258
93.13196	64.89645
93.10136	64.77033
93.07087	64.64419
93.04050	64.51801
93.01041	64.39177
92.98050	64.26549
92.95078	64.13916
92.92152	64.01273
92.89254	63.88622
92.86385	63.75965
92.83578	63.63295
92.80799	63.50618
92.78077	63.37929
92.75414	63.25227
92.72810	63.12514
92.70265	62.99788
92.67790	62.87048
92.65388	62.74295
92.63057	62.61528
92.60806	62.48747
92.58643	62.35951
92.56562	62.23141
92.54570	62.10317
92.52578	61.97494
92.50360	61.84707
92.48196	61.71911
92.46094	61.59105
92.44043	61.46289
92.42045	61.33466
92.40109	61.20634
92.38224	61.07794
92.36393	60.94946
92.34621	60.82090
92.32900	60.69226
92.31234	60.56356
92.29625	60.43478
92.28065	60.30595
92.26563	60.17704
92.25114	60.04808
92.23716	59.91905
92.22382	59.78996
92.21093	59.66083
92.19847	59.53165
92.18662	59.40241
92.17533	59.27313
92.16446	59.14381
92.15407	59.01444
92.14433	58.88503
92.13500	58.75559
92.12609	58.62612
92.11783	58.49660
92.11002	58.36707
92.10262	58.23750
92.09570	58.10790
92.08936	57.97828
92.08342	57.84864
92.07787	57.71898
92.07291	57.58930
92.06838	57.45960
92.06424	57.32989
92.06051	57.20016
92.05734	57.07042
92.05454	56.94068
92.05211	56.81092
92.05014	56.68116
92.04864	56.55139
92.04748	56.42162
92.04667	56.29184
92.04633	56.16206
92.04639	56.03228
92.04678	55.90251
92.04748	55.77274
92.04866	55.64296
92.05017	55.51319
92.05198	55.38343
92.05410	55.25367
92.05666	55.12391
92.05950	54.99417
92.06262	54.86443
92.06604	54.73469
92.06985	54.60497
92.07391	54.47526
92.07821	54.34555
92.08279	54.21585
92.08769	54.08617
92.09283	53.95649
92.09821	53.82682
92.10378	53.69717
92.10966	53.56752
92.11575	53.43789
92.12208	53.30827
92.12865	53.17865
92.13522	53.04904
92.14217	52.91945
92.14922	52.78986
92.15633	52.66028
92.16380	52.53072
92.17126	52.40115
92.17892	52.27160
92.18674	52.14206
92.19456	52.01252
92.20263	51.88299
92.21072	51.75346
92.21889	51.62394
92.22719	51.49443
92.23550	51.36492
92.24393	51.23541
92.25241	51.10592
92.26089	50.97641
92.26937	50.84691
92.27785	50.71741
92.28629	50.58791
92.29471	50.45840
92.30312	50.32890
92.31152	50.19939
92.31993	50.06989
92.32817	49.94037
92.33633	49.81085
92.34451	49.68133
92.35268	49.55181
92.36084	49.42229
92.36869	49.29274
92.37650	49.16320
92.38416	49.03365
92.39165	48.90409
92.39909	48.77452
92.40618	48.64494
92.41328	48.51536
92.42003	48.38575
92.42666	48.25615
92.43309	48.12653
92.43919	47.99689
92.44527	47.86726
92.45093	47.73761
92.45631	47.60794
92.46142	47.47826
92.46623	47.34857
92.47075	47.21887
92.47495	47.08916
92.47883	46.95944
92.48228	46.82971
92.48540	46.69997
92.48814	46.57022
92.49049	46.44046
92.49246	46.31070
92.49402	46.18093
92.49516	46.05116
92.49577	45.92139
92.49593	45.79161
92.49563	45.66183
92.49484	45.53205
92.49357	45.40228
92.49178	45.27252
92.48949	45.14276
92.48660	45.01302
92.48311	44.88328
92.47906	44.75357
92.47444	44.62387
92.46922	44.49420
92.46340	44.36456
92.45697	44.23494
92.44991	44.10535
92.44211	43.97581
92.43363	43.84631
92.42448	43.71685
92.41464	43.58745
92.40411	43.45810
92.39293	43.32881
92.38093	43.19958
92.36820	43.07043
92.35467	42.94136
92.34036	42.81237
92.32530	42.68348
92.30945	42.55467
92.29272	42.42597
92.27521	42.29738
92.25687	42.16891
92.23771	42.04055
92.21764	41.91233
92.19673	41.78426
92.17496	41.65631
92.15232	41.52853
92.12874	41.40091
92.10427	41.27346
92.07892	41.14618
92.05265	41.01909
92.02551	40.89218
91.99747	40.76547
91.96847	40.63897
91.93851	40.51270
91.90765	40.38665
91.87578	40.26085
91.84296	40.13528
91.80923	40.00997
91.77444	39.88494
91.73873	39.76017
91.70207	39.63568
91.66438	39.51150
91.62574	39.38760
91.58616	39.26401
91.54553	39.14076
91.50397	39.01781
91.46146	38.89520
91.41792	38.77294
91.37344	38.65103
91.32800	38.52946
91.28155	38.40828
91.23417	38.28746
91.18586	38.16701
91.13653	38.04697
91.08628	37.92732
91.03513	37.80805
90.98298	37.68921
90.92993	37.57077
90.87598	37.45274
90.82107	37.33515
90.76527	37.21798
90.70860	37.10123
90.65099	36.98494
90.59254	36.86907
90.53323	36.75364
90.47301	36.63868
90.41197	36.52415
90.35009	36.41008
90.28730	36.29650
90.22363	36.18341
90.15907	36.07083
90.09373	35.95870
90.02757	35.84706
89.96060	35.73590
89.89283	35.62522
89.82426	35.51504
89.75494	35.40532
89.68479	35.29614
89.61395	35.18740
89.54225	35.07923
89.46988	34.97150
89.39673	34.86430
89.32286	34.75760
89.24829	34.65139
89.17296	34.54571
89.09698	34.44050
89.02026	34.33583
88.94289	34.23164
88.86483	34.12796
88.78609	34.02480
88.70676	33.92209
88.62670	33.81995
88.54605	33.71827
88.46479	33.61709
88.38287	33.51643
88.30040	33.41623
88.21729	33.31656
88.13361	33.21737
88.04938	33.11863
87.96454	33.02042
87.87916	32.92269
87.79327	32.82540
87.70679	32.72863
87.61980	32.63232
87.53233	32.53646
87.44431	32.44110
87.35579	32.34619
87.26681	32.25172
87.17732	32.15772
87.08736	32.06419
86.99695	31.97109
86.90611	31.87840
86.81477	31.78621
86.72301	31.69444
86.63084	31.60307
86.55890	31.49558
86.49002	31.38560
86.42083	31.27580
86.35165	31.16600
86.28246	31.05620
86.21327	30.94640
86.14408	30.83661
86.07478	30.72688
86.00543	30.61719
85.93609	30.50749
85.86658	30.39789
85.79706	30.28831
85.72752	30.17873
85.65777	30.06929
85.58799	29.95987
85.51821	29.85045
85.44813	29.74122
85.37804	29.63200
85.30795	29.52278
85.23758	29.41373
85.16711	29.30475
85.09653	29.19584
85.02575	29.08707
84.95483	28.97838
84.88378	28.86978
84.81252	28.76131
84.74110	28.65296
84.66953	28.54470
84.59772	28.43659
84.52573	28.32862
84.45357	28.22075
84.38117	28.11305
84.30853	28.00550
84.23572	27.89808
84.16266	27.79081
84.08932	27.68374
84.01578	27.57681
83.94200	27.47005
83.86788	27.36352
83.79356	27.25713
83.71900	27.15091
83.64405	27.04496
83.56888	26.93918
83.49347	26.83355
83.41761	26.72825
83.34151	26.62313
83.26517	26.51818
83.18838	26.41356
83.11128	26.30916
83.03392	26.20496
82.95613	26.10108
82.87807	25.99741
82.79956	25.89407
82.72070	25.79100
82.64146	25.68822
82.56182	25.58575
82.48181	25.48358
82.40137	25.38173
82.32052	25.28021
82.23928	25.17901
82.15756	25.07819
82.07543	24.97771
81.99286	24.87758
81.90982	24.77785
81.82636	24.67847
81.74237	24.57954
81.65795	24.48097
81.57303	24.38284
81.48759	24.28514
81.40170	24.18786
81.31525	24.09107
81.22831	23.99472
81.14082	23.89886
81.05280	23.80349
80.96426	23.70861
80.87514	23.61428
80.78549	23.52044
80.69522	23.42720
80.60442	23.33447
80.51302	23.24235
80.42102	23.15081
80.32844	23.05987
80.23522	22.96958
80.14143	22.87988
80.04696	22.79090
79.95192	22.70252
79.85618	22.61491
79.75984	22.52795
79.66282	22.44177
79.56516	22.35630
79.46683	22.27161
79.36783	22.18770
79.26815	22.10459
79.16779	22.02231
79.06675	21.94086
78.96500	21.86032
78.86257	21.78062
78.75941	21.70187
78.65560	21.62400
78.55103	21.54716
78.44578	21.47122
78.33978	21.39635
78.23311	21.32243
78.12567	21.24963
78.01757	21.17783
77.90870	21.10719
77.79916	21.03761
77.68885	20.96923
77.57787	20.90195
77.46615	20.83593
77.35374	20.77107
77.24061	20.70749
77.12680	20.64513
77.01227	20.58409
76.89708	20.52431
76.78119	20.46590
76.66463	20.40885
76.54739	20.35317
76.42951	20.29890
76.31099	20.24605
76.19183	20.19465
76.07204	20.14471
75.95164	20.09625
75.83067	20.04931
75.70909	20.00388
75.58696	19.96000
75.46429	19.91768
75.34107	19.87693
75.21734	19.83778
75.09312	19.80022
74.96841	19.76429
74.84325	19.72998
74.71765	19.69732
74.59164	19.66630
74.46523	19.63694
74.33843	19.60925
74.21129	19.58323
74.08382	19.55888
73.95604	19.53621
73.82797	19.51522
73.69964	19.49591
73.57108	19.47827
73.44228	19.46232
73.31329	19.44804
73.18413	19.43542
73.05481	19.42447
72.92538	19.41517
72.79581	19.40754
72.66618	19.40155
72.53647	19.39718
72.40673	19.39443
72.27695	19.39328
72.14717	19.39373
72.01742	19.39578
71.88769	19.39939
71.75801	19.40452
71.62840	19.41121
71.49889	19.41943
71.36948	19.42913
71.24019	19.44030
71.11102	19.45298
70.98201	19.46708
70.85316	19.48260
70.72450	19.49955
70.59602	19.51786
70.46775	19.53756
70.33969	19.55860
70.21185	19.58097
70.08426	19.60465
69.95691	19.62960
69.82980	19.65584
69.70296	19.68331
69.57641	19.71201
69.45013	19.74191
69.32412	19.77299
69.19842	19.80526
69.07301	19.83863
68.94791	19.87317
68.82312	19.90879
68.69864	19.94548
68.57449	19.98327
68.45065	20.02209
68.32713	20.06192
68.20396	20.10278
68.07775	20.13136
67.94964	20.15214
67.82138	20.17191
67.69296	20.19068
67.56440	20.20845
67.43572	20.22527
67.30693	20.24117
67.17802	20.25615
67.04900	20.27020
66.91989	20.28337
66.79070	20.29569
66.66143	20.30716
66.53209	20.31784
66.40269	20.32765
66.27323	20.33669
66.14371	20.34496
66.01415	20.35250
65.88456	20.35931
65.75492	20.36541
65.62525	20.37083
65.49557	20.37558
65.36585	20.37967
65.23611	20.38314
65.10638	20.38594
64.97662	20.38815
64.84685	20.38977
64.71707	20.39085
64.58730	20.39137
64.45752	20.39138
64.32774	20.39088
64.19797	20.38988
64.06820	20.38842
63.93844	20.38650
63.80867	20.38412
63.67893	20.38131
63.54919	20.37810
63.41946	20.37450
63.28975	20.37053
63.16004	20.36621
63.03035	20.36156
62.90067	20.35658
62.77100	20.35131
62.64134	20.34564
62.51169	20.33990
62.38206	20.33371
62.25244	20.32744
62.12283	20.32084
61.99322	20.31411
61.86363	20.30715
61.73405	20.30003
61.60447	20.29277
61.47491	20.28528
61.34536	20.27769
61.21580	20.27010
61.08624	20.26249
60.95670	20.25464
60.82716	20.24679
60.69762	20.23894
60.56809	20.23088
60.43858	20.22257
60.30906	20.21450
60.17951	20.20653
60.04997	20.19873
59.92042	20.19111
59.79087	20.18359
59.66129	20.17626
59.53171	20.16905
59.40213	20.16193
59.27254	20.15502
59.14294	20.14820
59.01333	20.14148
58.88448	20.12636
58.75551	20.11177
58.62640	20.09866
58.49716	20.08690
58.36781	20.07641
58.23836	20.06707
58.10885	20.05880
57.97928	20.05149
57.84966	20.04505
57.72001	20.03937
57.59032	20.03440
57.46063	20.02997
57.33091	20.02604
57.20118	20.02249
57.07144	20.01931
56.94170	20.01619
56.81197	20.01255
56.68224	20.00885
56.55253	20.00493
56.42282	20.00070
56.29313	19.99608
56.16345	19.99096
56.03379	19.98528
55.90417	19.97887
55.77460	19.97165
55.64508	19.96353
55.51561	19.95440
55.38625	19.94416
55.25698	19.93270
55.12784	19.91991
54.99883	19.90570
54.87002	19.88995
54.74165	19.87102
54.61361	19.84978
54.48576	19.82750
54.35808	19.80425
54.23059	19.78005
54.10325	19.75494
53.97611	19.72895
53.84914	19.70208
53.72235	19.67438
53.59573	19.64591
53.46930	19.61670
53.34301	19.58676
53.21690	19.55613
53.09096	19.52482
52.96517	19.49289
52.83953	19.46037
52.71404	19.42727
52.58870	19.39366
52.46350	19.35951
52.33842	19.32488
52.21347	19.28981
52.08864	19.25432
51.96392	19.21845
51.83929	19.18222
51.71477	19.14567
51.59034	19.10882
51.46598	19.07169
51.34170	19.03432
51.21749	18.99673
51.09336	18.95886
50.96923	18.92099
50.84517	18.88289
50.72113	18.84476
50.59710	18.80652
50.47309	18.76826
50.34900	18.73026
50.22498	18.69205
50.10104	18.65356
49.97710	18.61508
49.85306	18.57691
49.72888	18.53919
49.60546	18.49910
49.48310	18.45587
49.36183	18.40965
49.24168	18.36060
49.12268	18.30884
49.00482	18.25451
48.88811	18.19778
48.77251	18.13879
48.65805	18.07762
48.54465	18.01452
48.43228	17.94959
48.32095	17.88290
48.21057	17.81466
48.10109	17.74498
47.99249	17.67391
47.88470	17.60165
47.77764	17.52830
47.67129	17.45392
47.56555	17.37868
47.46036	17.30267
47.35569	17.22594
47.25144	17.14865
47.14753	17.07090
47.04390	16.99278
46.94048	16.91438
46.83723	16.83576
46.73397	16.75714
46.63063	16.67864
46.52728	16.60013
46.42373	16.52192
46.31997	16.44398
46.21589	16.36645
46.11140	16.28947
46.00647	16.21310
45.90104	16.13745
45.79501	16.06260
45.68829	15.98875
45.58090	15.91590
45.47269	15.84426
45.36364	15.77389
45.25368	15.70496
45.14279	15.63756
45.03086	15.57186
44.91792	15.50794
44.80387	15.44602
44.68872	15.38617
44.57241	15.32860
44.45496	15.27340
44.33634	15.22077
44.21656	15.17082
44.09563	15.12373
43.97359	15.07962
43.85045	15.03865
43.72627	15.00095
43.60112	14.96664
43.47505	14.93585
43.34816	14.90866
43.22053	14.88517
43.09227	14.86543
42.96348	14.84953
42.83426	14.83751
42.70474	14.82937
42.57504	14.82510
42.44531	14.82285
42.31580	14.81449
42.18628	14.80638
42.05674	14.79856
41.92717	14.79108
41.79759	14.78398
41.66799	14.77722
41.53836	14.77101
41.40870	14.76531
41.27903	14.76016
41.14933	14.75563
41.01960	14.75177
40.88987	14.74859
40.76012	14.74615
40.63035	14.74452
40.50057	14.74373
40.37080	14.74380
40.24102	14.74478
40.11127	14.74678
39.98151	14.74977
39.85180	14.75378
39.72213	14.75893
39.59250	14.76522
39.46294	14.77267
39.33345	14.78135
39.20406	14.79130
39.07477	14.80258
38.94561	14.81520
38.81659	14.82924
38.68774	14.84470
38.55907	14.86163
38.43062	14.88009
38.30239	14.90008
38.17441	14.92167
38.04674	14.94489
37.91936	14.96973
37.79233	14.99630
37.66567	15.02457
37.54222	15.06443
37.41896	15.10502
37.29552	15.14510
37.17192	15.18466
37.04815	15.22368
36.92422	15.26218
36.80012	15.30018
36.67588	15.33768
36.55148	15.37464
36.42692	15.41110
36.30223	15.44706
36.17739	15.48254
36.05242	15.51749
35.92730	15.55196
35.80205	15.58595
35.67667	15.61946
35.55115	15.65246
35.42553	15.68499
35.29977	15.71706
35.17390	15.74865
35.04790	15.77977
34.92180	15.81044
34.79559	15.84064
34.66926	15.87038
34.54284	15.89969
34.41631	15.92855
34.28968	15.95695
34.16295	15.98494
34.03613	16.01248
33.90922	16.03959
33.78222	16.06629
33.65512	16.09256
33.52795	16.11841
33.40069	16.14388
33.27335	16.16891
33.14593	16.19356
33.01844	16.21780
32.89087	16.24165
32.76323	16.26512
32.63552	16.28819
32.50775	16.31091
32.37989	16.33318
32.25200	16.35518
32.12403	16.37675
31.99601	16.39801
31.86790	16.41883
31.73976	16.43939
31.61157	16.45958
31.48331	16.47938
31.35500	16.49887
31.22665	16.51805
31.09825	16.53690
30.96979	16.55536
30.84129	16.57354
30.71276	16.59143
30.58417	16.60898
30.45553	16.62619
30.32687	16.64312
30.19817	16.65980
30.06941	16.67611
29.94063	16.69212
29.81181	16.70790
29.68296	16.72339
29.55407	16.73852
29.42515	16.75343
29.29621	16.76811
29.16722	16.78243
29.03821	16.79650
28.90917	16.81036
28.78011	16.82393
28.65101	16.83721
28.52189	16.85028
28.39275	16.86311
28.26357	16.87563
28.13438	16.88797
28.00517	16.90008
27.87594	16.91187
27.74668	16.92349
27.61740	16.93491
27.48810	16.94602
27.35879	16.95696
27.22945	16.96770
27.10023	16.97968
26.97081	16.98913
26.84120	16.99578
26.71148	16.99969
26.58171	17.00095
26.45195	16.99963
26.32222	16.99583
26.19260	16.98962
26.06310	16.98109
25.93376	16.97034
25.80463	16.95744
25.67573	16.94249
25.54705	16.92557
25.41864	16.90678
25.29051	16.88619
25.16266	16.86390
25.03510	16.83999
24.90785	16.81453
24.78090	16.78761
24.65425	16.75928
24.52789	16.72968
24.40183	16.69885
24.27605	16.66688
24.15056	16.63382
24.02533	16.59976
23.90036	16.56477
23.77563	16.52892
23.65113	16.49227
23.52685	16.45490
23.40277	16.41688
23.27887	16.37827
23.15514	16.33911
23.02942	16.30727
22.90261	16.27966
22.77545	16.25373
22.64796	16.22947
22.52016	16.20691
22.39207	16.18605
22.26371	16.16691
22.13511	16.14950
22.00628	16.13383
21.87725	16.11992
21.74804	16.10777
21.61868	16.09740
21.48919	16.08882
21.35959	16.08203
21.22991	16.07706
21.10018	16.07391
20.97040	16.07258
20.84063	16.07311
20.71087	16.07549
20.58116	16.07973
20.45152	16.08585
20.32200	16.09385
20.19261	16.10376
20.06337	16.11557
19.93431	16.12930
19.80549	16.14495
19.67691	16.16254
19.54860	16.18207
19.42062	16.20356
19.29299	16.22702
19.16573	16.25244
19.03887	16.27984
18.91246	16.30923
18.78655	16.34062
18.66113	16.37401
18.53627	16.40939
18.41201	16.44682
18.28837	16.48625
18.16538	16.52769
18.04312	16.57117
17.92158	16.61669
17.80083	16.66423
17.68089	16.71382
17.56183	16.76544
17.44367	16.81909
17.32645	16.87479
17.21022	16.93253
17.09502	16.99228
16.98091	17.05408
16.86790	17.11789
16.75605	17.18372
16.64543	17.25156
16.53604	17.32140
16.42796	17.39324
16.32122	17.46704
16.21586	17.54282
16.11194	17.62055
16.00948	17.70019
15.90855	17.78178
15.80918	17.86524
15.71141	17.95059
15.61656	18.03915
15.52281	18.12889
15.42979	18.21938
15.33750	18.31060
15.24584	18.40251
15.15482	18.49500
15.06445	18.58814
14.97467	18.68184
14.88543	18.77608
14.79679	18.87086
14.70864	18.96610
14.62103	19.06188
14.53391	19.15805
14.44729	19.25469
14.36111	19.35173
14.27542	19.44919
14.19014	19.54700
14.10531	19.64524
14.02087	19.74379
13.93687	19.84272
13.85326	19.94197
13.77002	20.04152
13.68718	20.14143
13.60468	20.24160
13.52256	20.34209
13.44078	20.44288
13.35934	20.54391
13.27825	20.64524
13.19749	20.74682
13.11703	20.84865
13.03691	20.95073
12.95710	21.05307
12.87757	21.15564
12.79834	21.25843
12.71943	21.36146
12.64080	21.46470
12.56245	21.56815
12.48436	21.67181
12.40657	21.77569
12.32905	21.87977
12.25179	21.98405
12.17478	22.08851
12.09803	22.19316
12.02156	22.29801
11.94533	22.40303
11.86934	22.50824
11.79358	22.61361
11.71806	22.71917
11.64281	22.82490
11.56779	22.93079
11.49300	23.03685
11.41843	23.14306
11.34409	23.24943
11.26996	23.35596
11.19607	23.46266
11.12240	23.56951
11.04896	23.67650
10.97572	23.78364
10.90270	23.89091
10.82989	23.99834
10.75728	24.10590
10.68487	24.21362
10.61269	24.32147
10.54072	24.42945
10.46894	24.53758
10.39737	24.64583
10.32600	24.75422
10.25481	24.86274
10.18383	24.97139
10.11304	25.08016
10.04244	25.18907
9.97205	25.29807
9.90184	25.40722
9.83182	25.51649
9.76200	25.62588
9.69235	25.73541
9.62291	25.84504
9.55365	25.95479
9.48458	26.06466
9.41569	26.17464
9.34698	26.28474
9.27846	26.39494
9.21011	26.50529
9.14195	26.61572
9.07397	26.72627
9.00617	26.83692
8.93855	26.94769
8.87111	27.05857
8.80385	27.16955
8.73675	27.28065
8.66984	27.39185
8.60310	27.50316
8.53655	27.61457
8.47018	27.72607
8.40396	27.83770
8.33794	27.94941
8.27208	28.06124
8.20639	28.17319
8.14088	28.28522
8.07556	28.39734
8.01040	28.50958
7.94541	28.62191
7.88059	28.73435
7.81596	28.84687
7.75148	28.95952
7.68711	29.07221
7.62291	29.18500
7.55889	29.29788
7.49504	29.41087
7.43137	29.52394
7.36787	29.63713
7.30455	29.75042
7.24141	29.86381
7.17845	29.97729
7.11568	30.09086
7.05308	30.20456
6.99068	30.31833
6.92845	30.43223
6.86640	30.54623
6.80455	30.66031
6.74289	30.77451
6.68141	30.88879
6.62013	31.00319
6.55904	31.11768
6.49813	31.23228
6.43742	31.34700
6.37691	31.46181
6.31659	31.57671
6.25647	31.69173
6.19656	31.80684
6.13685	31.92206
6.07733	32.03739
6.01802	32.15284
5.95892	32.26837
5.90003	32.38401
5.84134	32.49977
5.78288	32.61563
5.72464	32.73160
5.66662	32.84768
5.60882	32.96387
5.55123	33.08018
5.49386	33.19660
5.43673	33.31312
5.37982	33.42976
5.32314	33.54650
5.26670	33.66336
5.21051	33.78034
5.15456	33.89745
5.09886	34.01466
5.04339	34.13200
4.98818	34.24944
4.93322	34.36700
4.87851	34.48468
4.82409	34.60249
4.76992	34.72045
4.71603	34.83849
4.66240	34.95668
4.60905	35.07497
4.55599	35.19340
4.50323	35.31198
4.45076	35.43067
4.39857	35.54951
4.34669	35.66846
4.29512	35.78756
4.24389	35.90679
4.19297	36.02615
4.14236	36.14565
4.09209	36.26531
4.04219	36.38512
3.99262	36.50505
3.94340	36.62513
3.89456	36.74537
3.84611	36.86576
3.79801	36.98630
3.75032	37.10699
3.70304	37.22786
3.65615	37.34887
3.60971	37.47005
3.56371	37.59140
3.51813	37.71291
3.47305	37.83460
3.42843	37.95647
3.38429	38.07852
3.34068	38.20075
3.29755	38.32315
3.25502	38.44577
3.21300	38.56855
3.17161	38.69155
3.13077	38.81473
3.09060	38.93815
3.05103	39.06174
3.01221	39.18557
2.97404	39.30962
2.93663	39.43387
2.89999	39.55838
2.86412	39.68309
2.82915	39.80807
2.79505	39.93330
2.76187	40.05877
2.72969	40.18448
2.69859	40.31047
2.66857	40.43673
2.63973	40.56326
2.61214	40.69007
2.58587	40.81718
2.56107	40.94455
2.53765	41.07220
2.51447	41.19989
2.49130	41.32758
2.46823	41.45530
2.44528	41.58302
2.42249	41.71080
2.39986	41.83859
2.37741	41.96641
2.35514	42.09426
2.33321	42.22216
2.31154	42.35012
2.29017	42.47813
2.26912	42.60620
2.24854	42.73433
2.22841	42.86254
2.20876	42.99082
2.18969	43.11919
2.17122	43.24764
2.15339	43.37618
2.13627	43.50483
2.11994	43.63359
2.10443	43.76244
2.08978	43.89138
2.07605	44.02043
2.06333	44.14957
2.05166	44.27882
2.04106	44.40818
2.03158	44.53761
2.02325	44.66712
2.01611	44.79670
2.01019	44.92634
2.00551	45.05603
2.00210	45.18575
1.99993	45.31552
1.99901	45.44530
1.99932	45.57507
2.00084	45.70485
2.00358	45.83459
2.00754	45.96430
2.01262	46.09397
2.01880	46.22361
2.02607	46.35320
2.03441	46.48270
2.04372	46.61214
2.05399	46.74151
2.06521	46.87080
2.07725	47.00001
2.09018	47.12915
2.10387	47.25821
2.11833	47.38718
2.13348	47.51607
2.14933	47.64487
2.16578	47.77360
2.18288	47.90224
2.20050	48.03083
2.21870	48.15933
2.23739	48.28774
2.25653	48.41610
2.27617	48.54440
2.29621	48.67260
2.31664	48.80076
2.33744	48.92886
2.35863	49.05691
2.38014	49.18489
2.40196	49.31283
2.42406	49.44070
2.44645	49.56853
2.46913	49.69630
2.49211	49.82403
2.51521	49.95176
2.53860	50.07941
2.56215	50.20702
2.58592	50.33460
2.60988	50.46215
2.63399	50.58967
2.65829	50.71716
2.68273	50.84462
2.70732	50.97205
2.73205	51.09945
2.75690	51.22681
2.78189	51.35416
2.80697	51.48150
2.83220	51.60880
2.85747	51.73610
2.88292	51.86336
2.90837	51.99061
2.93400	52.11782
2.95964	52.24504
2.98539	52.37223
3.01122	52.49942
3.03712	52.62658
3.06380	52.75360
3.09155	52.88038
3.12035	53.00692
3.15021	53.13320
3.18111	53.25925
3.21306	53.38503
3.24605	53.51054
3.28007	53.63580
3.31512	53.76075
3.35119	53.88541
3.38829	54.00977
3.42640	54.13383
3.46553	54.25755
3.50567	54.38098
3.54681	54.50407
3.58895	54.62680
3.63210	54.74920
3.67624	54.87123
3.72138	54.99292
3.76750	55.11421
3.81461	55.23513
3.86270	55.35568
3.91178	55.47583
3.96184	55.59556
4.01287	55.71489
4.06487	55.83377
4.11784	55.95225
4.17179	56.07028
4.22670	56.18789
4.28258	56.30501
4.33941	56.42168
4.39721	56.53787
4.45598	56.65359
4.51569	56.76881
4.57636	56.88353
4.63799	56.99775
4.70057	57.11144
4.76411	57.22461
4.82859	57.33722
4.89404	57.44930
4.96042	57.56080
5.02776	57.67174
5.09604	57.78210
5.16527	57.89188
5.23544	58.00105
5.30656	58.10961
5.37861	58.21754
5.45161	58.32483
5.52555	58.43149
5.60043	58.53748
5.67626	58.64281
5.75302	58.74745
5.83072	58.85141
5.90935	58.95464
5.98892	59.05716
6.06943	59.15895
6.15088	59.25997
6.23329	59.36024
6.31662	59.45974
6.40088	59.55843
6.48607	59.65633
6.57220	59.75341
6.65923	59.84966
6.74719	59.94510
6.83609	60.03965
6.92594	60.13329
7.01673	60.22602
7.10847	60.31781
7.20115	60.40865
7.29480	60.49849
7.38941	60.58732
7.48498	60.67514
7.58149	60.76191
7.67894	60.84761
7.77734	60.93222
7.87668	61.01572
7.97697	61.09807
8.07824	61.17924
8.18045	61.25922
8.28359	61.33798
8.38767	61.41552
8.49266	61.49177
8.59863	61.56669
8.70553	61.64029
8.81333	61.71253
8.92205	61.78341
9.03170	61.85282
9.14226	61.92078
9.25370	61.98728
9.36605	62.05226
9.47928	62.11565
9.59338	62.17748
9.70835	62.23771
9.82417	62.29623
9.94082	62.35309
10.05831	62.40824
10.17661	62.46158
10.29569	62.51317
10.41556	62.56287
10.53619	62.61072
10.65757	62.65667
10.77969	62.70064
10.90246	62.74267
11.02594	62.78260
11.15005	62.82052
11.27479	62.85630
11.40011	62.88996
11.52603	62.92142
11.65246	62.95070
11.77940	62.97770
11.90679	63.00242
12.03463	63.02480
12.16284	63.04486
12.29142	63.06248
12.42030	63.07775
12.54944	63.09050
12.67880	63.10085
12.80835	63.10859
12.93796	63.11482
13.06772	63.11726
13.19749	63.11759
13.32728	63.11635
13.45700	63.11280
13.58665	63.10689
13.71615	63.09850
13.84546	63.08760
13.97454	63.07413
14.10330	63.05801
14.23171	63.03913
14.35967	63.01748
14.48710	62.99298
14.61395	62.96557
14.74012	62.93519
14.86552	62.90180
14.99006	62.86533
15.11366	62.82576
15.23622	62.78305
15.35760	62.73718
15.47774	62.68812
15.59653	62.63588
15.71386	62.58043
15.82963	62.52177
15.94373	62.45996
16.05609	62.39499
16.16658	62.32694
16.27514	62.25584
16.38167	62.18174
16.48609	62.10469
16.58835	62.02478
16.68837	61.94210
16.78611	61.85672
16.88152	61.76875
16.97454	61.67826
17.06509	61.58530
17.15309	61.48994
17.23855	61.39227
17.32135	61.29235
17.40157	61.19032
17.47908	61.08623
17.55396	60.98026
17.62611	60.87238
17.69560	60.76279
17.76238	60.65151
17.82645	60.53866
17.88783	60.42431
17.94649	60.30854
18.00240	60.19143
18.05557	60.07307
18.10601	59.95350
18.15369	59.83278
18.19857	59.71103
18.24063	59.58824
18.27982	59.46453
18.31611	59.33993
18.34936	59.21449
18.37955	59.08828
18.40651	58.96134
18.43010	58.83374
18.45011	58.70549
18.46623	58.57674
18.47809	58.44751
18.48509	58.31793
18.48636	58.18817
18.48129	58.05851
18.47440	57.92891
18.46650	57.79937
18.45760	57.66990
18.44763	57.54050
18.43655	57.41120
18.42431	57.28200
18.41084	57.15294
18.39607	57.02399
18.37992	56.89522
18.36232	56.76664
18.34320	56.63828
18.32250	56.51017
18.30009	56.38235
18.27592	56.25484
18.24986	56.12771
18.22185	56.00098
18.19180	55.87473
18.15961	55.74901
18.12523	55.62387
18.08857	55.49938
18.04957	55.37561
18.00824	55.25259
17.96450	55.13042
17.91849	55.00906
17.87020	54.88860
17.81981	54.76900
17.76743	54.65028
17.71334	54.53232
17.65779	54.41502
17.60106	54.29831
17.54358	54.18193
17.48586	54.06570
17.42803	53.94953
17.37110	53.83290
17.31578	53.71552
17.26222	53.59729
17.20603	53.48032
17.14700	53.36474
17.08501	53.25073
17.01984	53.13851
16.95131	53.02831
16.87920	52.92042
16.80324	52.81522
16.72314	52.71312
16.63853	52.61471
16.54907	52.52071
16.45433	52.43207
16.35388	52.34995
16.24731	52.27594
16.13438	52.21212
16.01516	52.16108
15.89036	52.12583
15.76185	52.10856
15.63221	52.11048
15.50428	52.13160
15.38056	52.17043
15.26272	52.22461
15.15160	52.29152
15.04732	52.36869
14.95226	52.45686
14.87187	52.55859
14.80617	52.67039
14.75394	52.78912
14.71350	52.91239
14.68314	53.03854
14.66136	53.16645
14.64687	53.29543
14.63865	53.42492
14.63605	53.55466
14.63833	53.68442
14.64490	53.81402
14.65527	53.94337
14.66907	54.07241
14.68595	54.20110
14.70564	54.32938
14.72795	54.45721
14.75264	54.58461
14.77959	54.71155
14.80869	54.83802
14.83981	54.96401
14.87298	55.08949
14.90812	55.21442
14.94527	55.33877
14.98454	55.46245
15.02623	55.58534
15.07094	55.70716
15.12082	55.82695
15.14594	55.95076
15.14202	56.08045
15.12985	56.20963
15.10890	56.33767
15.07866	56.46384
15.03871	56.58728
14.98878	56.70702
14.92875	56.82204
14.85874	56.93127
14.77912	57.03370
14.69050	57.12842
14.59366	57.21475
14.48959	57.29221
14.37930	57.36055
14.26383	57.41973
14.14417	57.46990
14.02129	57.51154
13.89594	57.54504
13.76874	57.57069
13.64026	57.58880
13.51095	57.59974
13.38124	57.60385
13.25150	57.60146
13.12202	57.59299
12.99304	57.57865
12.86480	57.55880
12.73748	57.53373
12.61125	57.50367
12.48624	57.46888
12.36256	57.42955
12.24034	57.38597
12.11954	57.33855
12.00042	57.28705
11.88304	57.23171
11.76757	57.17251
11.65401	57.10970
11.54251	57.04328
11.43310	56.97350
11.32591	56.90034
11.22094	56.82405
11.11831	56.74464
11.01802	56.66229
10.92012	56.57708
10.82472	56.48911
10.73178	56.39853
10.64142	56.30539
10.55363	56.20982
10.46843	56.11194
10.38588	56.01180
10.30617	55.90940
10.23028	55.80412
10.15829	55.69616
10.09000	55.58580
10.02535	55.47328
9.96414	55.35886
9.90625	55.24272
9.85154	55.12504
9.79983	55.00599
9.75105	54.88574
9.70500	54.76442
9.66158	54.64212
9.62068	54.51896
9.58214	54.39504
9.54591	54.27042
9.51183	54.14520
9.47982	54.01943
9.44979	53.89317
9.42167	53.76649
9.39535	53.63941
9.37075	53.51198
9.34781	53.38425
9.32646	53.25624
9.30664	53.12798
9.28829	52.99951
9.27135	52.87084
9.25576	52.74200
9.24148	52.61303
9.22844	52.48389
9.21666	52.35466
9.20599	52.22530
9.19648	52.09588
9.18803	51.96639
9.18067	51.83682
9.17429	51.70720
9.16895	51.57754
9.16451	51.44784
9.16107	51.31809
9.15846	51.18834
9.15681	51.05858
9.15594	50.92881
9.15598	50.79902
9.15676	50.66925
9.15838	50.53949
9.16074	50.40972
9.16386	50.27998
9.16773	50.15026
9.17228	50.02057
9.17759	49.89090
9.18355	49.76127
9.19020	49.63166
9.19752	49.50208
9.20546	49.37254
9.21407	49.24305
9.22331	49.11360
9.23314	48.98420
9.24360	48.85485
9.25467	48.72555
9.26633	48.59628
9.27858	48.46708
9.29147	48.33794
9.30488	48.20887
9.31886	48.07985
9.33342	47.95089
9.34856	47.82200
9.36426	47.69317
9.38054	47.56441
9.39738	47.43573
9.41485	47.30714
9.43293	47.17863
9.45160	47.05021
9.47093	46.92188
9.49092	46.79364
9.51232	46.66565
9.53621	46.53809
9.56242	46.41099
9.59080	46.28436
9.62119	46.15820
9.65348	46.03251
9.68760	45.90729
9.72342	45.78254
9.76087	45.65829
9.79989	45.53452
9.84043	45.41123
9.88244	45.28844
9.92588	45.16616
9.97071	45.04437
10.01690	44.92309
10.06444	44.80232
10.11329	44.68211
10.16347	44.56241
10.21494	44.44329
10.26772	44.32474
10.32182	44.20676
10.37724	44.08940
10.43398	43.97269
10.49208	43.85665
10.55157	43.74131
10.61247	43.62671
10.67481	43.51289
10.73864	43.39991
10.80406	43.28780
10.87109	43.17669
10.93980	43.06659
11.01034	42.95766
11.08275	42.84996
11.15723	42.74369
11.23387	42.63897
11.31288	42.53600
11.39446	42.43508
11.47889	42.33654
11.56700	42.24128
11.66711	42.15898
11.78074	42.09671
11.90420	42.05737
12.03272	42.04031
12.16240	42.04230
12.29100	42.05924
12.41762	42.08755
12.54203	42.12442
12.66434	42.16774
12.78482	42.21593
12.90379	42.26778
13.02156	42.32235
13.13836	42.37888
13.25451	42.43678
13.37026	42.49547
13.48599	42.55420
13.60186	42.61262
13.71801	42.67052
13.83463	42.72749
13.95192	42.78304
14.07005	42.83675
14.18928	42.88801
14.30972	42.93631
14.43157	42.98093
14.55498	43.02108
14.68001	43.05585
14.80664	43.08419
14.93472	43.10492
15.06392	43.11672
15.19366	43.11827
15.32300	43.10829
15.45074	43.08577
15.57577	43.05103
15.69847	43.00883
15.81861	42.95977
15.93553	42.90353
16.04865	42.83996
16.15734	42.76910
16.26109	42.69119
16.35959	42.60668
16.45264	42.51627
16.54043	42.42072
16.62341	42.32095
16.70224	42.21785
16.77785	42.11240
16.85145	42.00550
16.92465	41.89833
16.99897	41.79195
17.07595	41.68747
17.15725	41.58633
17.24432	41.49015
17.33839	41.40080
17.44017	41.32035
17.54960	41.25068
17.66584	41.19315
17.78759	41.14838
17.91326	41.11610
18.04051	41.09069
18.16848	41.06913
18.29683	41.04991
18.42541	41.03221
18.55408	41.01537
18.68282	40.99905
18.81160	40.98292
18.94039	40.96702
19.06922	40.95135
19.19802	40.93549
19.32679	40.91927
19.45549	40.90260
19.58413	40.88536
19.71267	40.86752
19.84111	40.84894
19.96942	40.82955
20.09762	40.80937
20.22565	40.78817
20.35353	40.76597
20.48120	40.74268
20.60865	40.71822
20.73585	40.69252
20.86279	40.66550
20.98941	40.63708
21.11570	40.60715
21.24161	40.57569
21.36708	40.54251
21.49206	40.50759
21.61652	40.47083
21.74035	40.43203
21.86353	40.39117
21.98595	40.34813
22.10754	40.30269
22.22814	40.25480
22.34768	40.20429
22.46600	40.15099
22.58296	40.09478
22.69839	40.03546
22.81209	39.97289
22.92384	39.90689
23.03336	39.83730
23.14041	39.76396
23.24468	39.68671
23.34581	39.60537
23.44344	39.51989
23.53717	39.43016
23.62661	39.33612
23.71130	39.23780
23.79082	39.13527
23.86477	39.02864
23.93277	38.91814
23.99450	38.80400
24.04967	38.68655
24.06141	38.81044
24.06904	38.94000
24.07399	39.06969
24.07673	39.19943
24.07768	39.32920
24.07718	39.45898
24.07569	39.58875
24.07337	39.71850
24.07056	39.84826
24.06745	39.97799
24.06399	40.10773
24.06053	40.23745
24.05734	40.36718
24.05479	40.49694
24.05303	40.62671
24.05226	40.75648
24.05271	40.88626
24.05463	41.01603
24.05821	41.14576
24.06374	41.27541
24.07143	41.40495
24.08157	41.53434
24.09445	41.66348
24.11034	41.79228
24.12959	41.92060
24.15254	42.04834
24.17947	42.17528
24.21082	42.30119
24.24694	42.42584
24.28819	42.54890
24.33489	42.66996
24.38738	42.78864
24.44594	42.90443
24.51074	43.01685
24.58188	43.12536
24.65936	43.22944
24.74307	43.32861
24.83275	43.42238
24.92804	43.51045
25.02853	43.59254
25.13371	43.66853
25.24305	43.73838
25.35604	43.80218
25.47220	43.86008
25.59100	43.91227
25.71182	43.95963
25.83383	44.00384
25.95691	44.04498
26.08097	44.08304
26.20594	44.11803
26.33174	44.14996
26.45826	44.17884
26.58543	44.20467
26.71318	44.22749
26.84143	44.24731
26.97010	44.26415
27.09914	44.27805
27.22843	44.28902
27.35797	44.29712
27.48765	44.30235
27.61739	44.30476
27.74716	44.30437
27.87690	44.30124
28.00653	44.29539
28.13603	44.28686
28.26535	44.27569
28.39439	44.26190
28.52312	44.24553
28.65150	44.22661
28.77949	44.20517
28.90704	44.18124
29.03410	44.15485
29.16065	44.12600
29.28660	44.09474
29.41193	44.06108
29.53659	44.02502
29.66054	43.98656
29.78373	43.94575
29.90611	43.90257
30.02764	43.85702
30.14824	43.80909
30.26786	43.75877
30.38645	43.70608
30.50393	43.65095
30.62024	43.59338
30.73529	43.53334
30.84900	43.47078
30.96125	43.40564
31.07193	43.33790
31.18092	43.26746
31.28807	43.19424
31.32880	43.19503
31.27248	43.31195
31.21782	43.42966
31.16482	43.54813
31.11350	43.66732
31.06384	43.78722
31.01583	43.90778
30.96948	44.02900
30.92476	44.15083
30.88165	44.27324
30.84013	44.39620
30.80017	44.51968
30.76176	44.64364
30.72484	44.76805
30.68938	44.89288
30.65536	45.01812
30.62276	45.14373
30.59142	45.26968
30.56145	45.39595
30.53265	45.52249
30.50506	45.64930
30.47864	45.77635
30.45324	45.90361
30.42890	46.03109
30.40552	46.15876
30.38302	46.28657
30.36139	46.41452
30.34054	46.54262
30.32038	46.67082
30.30093	46.79913
30.28205	46.92753
30.26378	47.05602
30.24590	47.18456
30.22842	47.31315
30.21132	47.44180
30.19454	47.57049
30.17797	47.69920
30.16158	47.82794
30.14532	47.95671
30.12905	48.08546
30.11266	48.21420
30.09211	48.34219
30.06068	48.46811
30.02618	48.59320
29.98896	48.71752
29.94936	48.84113
29.90772	48.96404
29.86434	49.08635
29.81952	49.20813
29.77351	49.32948
29.72667	49.45050
29.67919	49.57129
29.63177	49.69210
29.58468	49.81305
29.53811	49.93418
29.49230	50.05560
29.44750	50.17739
29.40406	50.29968
29.36226	50.42252
29.32240	50.54605
29.28481	50.67024
29.24983	50.79523
29.21781	50.92098
29.18928	51.04760
29.16224	51.17454
29.13630	51.30168
29.11139	51.42906
29.08743	51.55658
29.06436	51.68429
29.04210	51.81216
29.02060	51.94015
28.99981	52.06825
28.97960	52.19642
28.95992	52.32473
28.94074	52.45305
28.92196	52.58149
28.90352	52.70993
28.88544	52.83846
28.86744	52.96700
28.84943	53.09551
28.83133	53.22401
28.81304	53.35248
28.79448	53.48094
28.77548	53.60931
28.75616	53.73764
28.73622	53.86591
28.71573	53.99404
28.69453	54.12209
28.67259	54.24997
28.64982	54.37777
28.62612	54.50534
28.60148	54.63276
28.57569	54.75998
28.54885	54.88692
28.52068	55.01361
28.49131	55.14001
28.46051	55.26608
28.42824	55.39178
28.39444	55.51708
28.35777	55.64154
28.31605	55.76443
28.27382	55.88715
28.23114	56.00969
28.18798	56.13210
28.14441	56.25431
28.10040	56.37643
28.05598	56.49839
28.01119	56.62017
27.96602	56.74186
27.92052	56.86335
27.87467	56.98478
27.82852	57.10606
27.78206	57.22727
27.73532	57.34832
27.68832	57.46929
27.64106	57.59017
27.59357	57.71092
27.54585	57.83162
27.49788	57.95220
27.44975	58.07273
27.40147	58.19322
27.35299	58.31358
27.30441	58.43394
27.25565	58.55419
27.20681	58.67443
27.15782	58.79459
27.10879	58.91476
27.05961	59.03487
27.01044	59.15496
26.96115	59.27502
26.91186	59.39506
26.86257	59.51513
26.81328	59.63517
26.76401	59.75525
26.71475	59.87529
26.66548	59.99537
26.61621	60.11544
26.56695	60.23549
26.51781	60.35563
26.46881	60.47578
26.41979	60.59596
26.37103	60.71621
26.32233	60.83652
26.27365	60.95682
26.22525	61.07722
26.17700	61.19772
26.12893	61.31824
26.08102	61.43887
26.03339	61.55956
25.98594	61.68037
25.93870	61.80127
25.89174	61.92224
25.84509	62.04333
25.79867	62.16451
25.75249	62.28582
25.70672	62.40724
25.66126	62.52879
25.61609	62.65047
25.57124	62.77223
25.52686	62.89422
25.48282	63.01628
25.43912	63.13849
25.39587	63.26083
25.35302	63.38334
25.31065	63.50602
25.26872	63.62881
25.22729	63.75180
25.18630	63.87493
25.14586	63.99828
25.10590	64.12173
25.06652	64.24539
25.02765	64.36922
24.98938	64.49320
24.95166	64.61742
24.91457	64.74175
24.87808	64.86630
24.84221	64.99102
24.80700	65.11595
24.77243	65.24104
24.73860	65.36630
24.70539	65.49178
24.67298	65.61743
24.64122	65.74328
24.61028	65.86928
24.58004	65.99552
24.55062	66.12193
24.52199	66.24850
24.49417	66.37527
24.46720	66.50218
24.44105	66.62933
24.41581	66.75659
24.39139	66.88408
24.36794	67.01172
24.34533	67.13950
24.32374	67.26748
24.30301	67.39557
24.28334	67.52386
24.26458	67.65226
24.24687	67.78084
24.23013	67.90955
24.21445	68.03836
24.19980	68.16730
24.18620	68.29637
24.17371	68.42554
24.16226	68.55480
24.15197	68.68419
24.14271	68.81365
24.13471	68.94316
24.12773	69.07276
24.12201	69.20241
24.11738	69.33210
24.11398	69.46183
24.11175	69.59159
24.11071	69.72136
24.11093	69.85112
24.11228	69.98093
24.11498	70.11064
24.11881	70.24037
24.12393	70.37003
24.13032	70.49966
24.13701	70.62928
24.13497	70.75900
24.12605	70.88849
24.11070	71.01733
24.08948	71.14535
24.06297	71.27237
24.03183	71.39836
23.99667	71.52328
23.95814	71.64720
23.91682	71.77022
23.87344	71.89250
23.82843	72.01427
23.78254	72.13564
23.73616	72.25686
23.68948	72.37796
23.64360	72.49937
23.59908	72.62126
23.55642	72.74381
23.51633	72.86724
23.47936	72.99164
23.44613	73.11707
23.41664	73.24345
23.39174	73.37083
23.36725	73.49829
23.34263	73.62569
23.31789	73.75310
23.29310	73.88047
23.26803	74.00781
23.24268	74.13507
23.21704	74.26229
23.19107	74.38949
23.16476	74.51655
23.13807	74.64356
23.11094	74.77046
23.08325	74.89724
23.05504	75.02391
23.02639	75.15050
22.99703	75.27692
22.96706	75.40318
22.93643	75.52930
22.90502	75.65522
22.87288	75.78094
22.83998	75.90648
22.80618	76.03178
22.77152	76.15685
22.73600	76.28166
22.69945	76.40619
22.66193	76.53043
22.62343	76.65436
22.58378	76.77793
22.54305	76.90116
22.50122	77.02402
22.45814	77.14641
22.41385	77.26842
22.36836	77.38996
22.32150	77.51098
22.27334	77.63147
22.22386	77.75146
22.17291	77.87083
22.12057	77.98955
22.05859	78.10336
21.98948	78.21317
21.91761	78.32124
21.84312	78.42747
21.76598	78.53186
21.68641	78.63438
21.60452	78.73503
21.52043	78.83391
21.43435	78.93099
21.34640	79.02646
21.25684	79.12035
21.16584	79.21290
21.07363	79.30423
20.98046	79.39454
20.88650	79.48409
20.79207	79.57307
20.69741	79.66185
20.60305	79.75092
20.50888	79.84028
20.41530	79.93020
20.32264	80.02103
20.23108	80.11302
20.14104	80.20646
20.05268	80.30154
19.96644	80.39848
19.88256	80.49751
19.80133	80.59875
19.72308	80.70225
19.64802	80.80811
19.57643	80.91634
19.50843	81.02690
19.44423	81.13966
19.38391	81.25457
19.32756	81.37148
19.27520	81.49021
19.22679	81.61060
19.18233	81.73250
19.14167	81.85577
19.10474	81.98014
19.07140	82.10557
19.04148	82.23188
19.01495	82.35888
18.99153	82.48656
18.97113	82.61468
18.95355	82.74329
18.97310	82.86946
19.01429	82.99252
19.06244	83.11304
19.11765	83.23045
19.17999	83.34426
19.24932	83.45391
19.32544	83.55900
19.40800	83.65907
19.49660	83.75390
19.59072	83.84322
19.68981	83.92699
19.79338	84.00521
19.90082	84.07795
20.01170	84.14539
20.12547	84.20776
20.24181	84.26526
20.36027	84.31820
20.48059	84.36687
20.60244	84.41157
20.72556	84.45247
20.84983	84.48991
20.97501	84.52415
21.10095	84.55541
21.22754	84.58389
21.35471	84.60983
21.48234	84.63343
21.61031	84.65490
21.73862	84.67440
21.86719	84.69210
21.99599	84.70815
22.12492	84.72269
22.25402	84.73598
22.38325	84.74810
22.51254	84.75916
22.64193	84.76939
22.77135	84.77880
22.90083	84.78779
23.03030	84.79637
23.15983	84.80472
23.28932	84.81330
23.41883	84.82154
23.54846	84.82623
23.67819	84.82930
23.80791	84.83327
23.93761	84.83794
24.06730	84.84309
24.19699	84.84825
24.32664	84.85346
24.45633	84.85892
24.58597	84.86462
24.71563	84.87021
24.84528	84.87540
24.97499	84.88010
25.10472	84.88411
25.23445	84.88734
25.36421	84.88966
25.49397	84.89091
25.62374	84.89085
25.75349	84.88943
25.88326	84.88648
26.01295	84.88185
26.14256	84.87530
26.27205	84.86671
26.40137	84.85591
26.53048	84.84270
26.65929	84.82695
26.78775	84.80842
26.91574	84.78700
27.04317	84.76248
27.16996	84.73470
27.29590	84.70352
27.42094	84.66873
27.54486	84.63025
27.66755	84.58797
27.78880	84.54170
27.90843	84.49146
28.02633	84.43713
28.14217	84.37873
28.25594	84.31625
28.36732	84.24968
28.47627	84.17918
28.58256	84.10469
28.68609	84.02651
28.78679	83.94463
28.88734	83.86266
28.98662	83.77911
29.08011	83.68916
29.16696	83.59276
29.24631	83.49009
29.31738	83.38156
29.37961	83.26772
29.43266	83.14932
29.47652	83.02721
29.51144	82.90227
29.53779	82.77518
29.55626	82.64674
29.56753	82.51749
29.57230	82.38781
29.57135	82.25803
29.56537	82.12840
29.55500	81.99908
29.54086	81.87006
29.52345	81.74145
29.50336	81.61325
29.48101	81.48540
29.45681	81.35793
29.43112	81.23068
29.40449	81.10369
29.37708	80.97683
29.34951	80.85001
29.32193	80.72322
29.29472	80.59631
29.26818	80.46928
29.24284	80.34198
29.21916	80.21442
29.19776	80.08640
29.17920	79.95797
29.16413	79.82908
29.15716	79.69966
29.16135	79.56996
29.16809	79.44035
29.17733	79.31092
29.18891	79.18165
29.20266	79.05261
29.21857	78.92381
29.23641	78.79523
29.25610	78.66701
29.27753	78.53898
29.30053	78.41127
29.32507	78.28383
29.35096	78.15667
29.37814	78.02977
29.40653	77.90313
29.43587	77.77671
29.46624	77.65054
29.49745	77.52457
29.52936	77.39878
29.56193	77.27317
29.59509	77.14768
29.62867	77.02232
29.66265	76.89708
29.69678	76.77187
29.73111	76.64673
29.76553	76.52158
29.79974	76.39642
29.83357	76.27112
29.86692	76.14568
29.89984	76.02015
29.93970	75.89680
29.98484	75.77515
30.02960	75.65333
30.07390	75.53136
30.11787	75.40923
30.16149	75.28700
30.20481	75.16467
30.24783	75.04221
30.29046	74.91965
30.33283	74.79700
30.37536	74.67439
30.41821	74.55188
30.46116	74.42941
30.50421	74.30699
30.54742	74.18460
30.59090	74.06236
30.63468	73.94018
30.67879	73.81815
30.72331	73.69623
30.76828	73.57446
30.81372	73.45293
30.85972	73.33157
30.90631	73.21046
30.95355	73.08955
31.00140	72.96894
31.05008	72.84863
31.09953	72.72865
31.14984	72.60903
31.20104	72.48977
31.25318	72.37094
31.30632	72.25253
31.36049	72.13461
31.41575	72.01718
31.47215	71.90027
31.52971	71.78399
31.58852	71.66827
31.64858	71.55325
31.70996	71.43890
31.77270	71.32531
31.83685	71.21248
31.90244	71.10049
31.96949	70.98939
32.04219	70.88217
32.12419	70.78160
32.20630	70.68111
32.28862	70.58080
32.37101	70.48050
32.45347	70.38027
32.53592	70.28007
32.61838	70.17984
32.70094	70.07972
32.78378	69.97980
32.86660	69.87991
32.94936	69.77995
33.03195	69.67982
33.11430	69.57954
33.19651	69.47910
33.27839	69.37843
33.36003	69.27752
33.44123	69.17632
33.52204	69.07477
33.60243	68.97289
33.68234	68.87061
33.76167	68.76789
33.84042	68.66477
33.91860	68.56118
33.99604	68.45702
34.07277	68.35235
34.14875	68.24716
34.22389	68.14136
34.29813	68.03490
34.37151	67.92787
34.44389	67.82014
34.51520	67.71173
34.58545	67.60258
34.66202	67.49798
34.74015	67.39433
34.81681	67.28960
34.89204	67.18388
34.96594	67.07719
35.03859	66.96968
35.11013	66.86138
35.18062	66.75243
35.25018	66.64286
35.31889	66.53275
35.38683	66.42219
35.45412	66.31122
35.52086	66.19994
35.58716	66.08833
35.65308	65.97656
35.71872	65.86462
35.78434	65.75264
35.84995	65.64069
35.91565	65.52875
35.98171	65.41706
36.04818	65.30558
36.11509	65.19440
36.18254	65.08353
36.25069	64.97305
36.31949	64.86304
36.38901	64.75344
36.45943	64.64445
36.53077	64.53603
36.60313	64.42831
36.67656	64.32128
36.75493	64.21796
36.83858	64.11878
36.92349	64.02061
37.00945	63.92340
37.09640	63.82702
37.18418	63.73148
37.27270	63.63654
37.36185	63.54222
37.45153	63.44844
37.54164	63.35501
37.63206	63.26196
37.72271	63.16907
37.81307	63.07594
37.90334	62.98269
37.99336	62.88918
38.08305	62.79539
38.17231	62.70118
38.26095	62.60642
38.34902	62.51109
38.43624	62.41503
38.52263	62.31815
38.60798	62.22038
38.69225	62.12168
38.77525	62.02191
38.85695	61.92111
38.93719	61.81907
39.01587	61.71590
39.09290	61.61146
39.16817	61.50571
39.24158	61.39873
39.31297	61.29034
39.38235	61.18068
39.44958	61.06966
39.51452	60.95733
39.57721	60.84369
39.63755	60.72876
39.69538	60.61260
39.75076	60.49522
39.80340	60.37662
39.85290	60.25666
39.89941	60.13550
39.94289	60.01324
39.98355	59.88997
40.02131	59.76583
40.05632	59.64087
40.08871	59.51519
40.11849	59.38887
40.14590	59.26204
40.17096	59.13470
40.19387	59.00695
40.21478	58.87889
40.23378	58.75049
40.25110	58.62188
40.26681	58.49307
40.28112	58.36410
40.29417	58.23496
40.30605	58.10571
40.31707	57.97643
40.32719	57.84703
40.33667	57.71761
40.34556	57.58814
40.35424	57.45866
40.36254	57.32914
40.37088	57.19965
40.37928	57.07013
40.38780	56.94063
40.39670	56.81117
40.40602	56.68169
40.41585	56.55231
40.42636	56.42294
40.43760	56.29366
40.44964	56.16444
40.46257	56.03529
40.47645	55.90629
40.49143	55.77737
40.50751	55.64859
40.52473	55.51996
40.54316	55.39152
40.56293	55.26324
40.58397	55.13518
40.60631	55.00734
40.64334	54.96823
40.70369	55.08308
40.76363	55.19821
40.82312	55.31352
40.88220	55.42910
40.94084	55.54489
40.99901	55.66088
41.05671	55.77713
41.11395	55.89358
41.17078	56.01030
41.22712	56.12718
41.28302	56.24430
41.33847	56.36166
41.39343	56.47919
41.44791	56.59701
41.50191	56.71500
41.55545	56.83322
41.60852	56.95163
41.66114	57.07030
41.71325	57.18917
41.76484	57.30824
41.81598	57.42753
41.86662	57.54699
41.91681	57.66668
41.96647	57.78657
42.01564	57.90669
42.06431	58.02700
42.11252	58.14748
42.16026	58.26818
42.20742	58.38905
42.25412	58.51015
42.30035	58.63142
42.34609	58.75285
42.39129	58.87452
42.43601	58.99635
42.48026	59.11835
42.52402	59.24053
42.56725	59.36290
42.61000	59.48541
42.65230	59.60812
42.69409	59.73101
42.73537	59.85401
42.77620	59.97722
42.81656	60.10054
42.85640	60.22408
42.89579	60.34771
42.93474	60.47152
42.97317	60.59547
43.01116	60.71955
43.04872	60.84379
43.08577	60.96814
43.12241	61.09267
43.15861	61.21729
43.19434	61.34205
43.22965	61.46694
43.26456	61.59193
43.29900	61.71704
43.33297	61.84229
43.36671	61.96762
43.39985	62.09307
43.43269	62.21865
43.46522	62.34430
43.49722	62.47005
43.52890	62.59590
43.56030	62.72183
43.59124	62.84788
43.62183	62.97397
43.65217	63.10017
43.68212	63.22646
43.71171	63.35279
43.74106	63.47924
43.77009	63.60571
43.79877	63.73228
43.82721	63.85887
43.85542	63.98556
43.88326	64.11231
43.91090	64.23911
43.93834	64.36598
43.96545	64.49287
43.99238	64.61983
44.01913	64.74682
44.04564	64.87387
44.07195	65.00093
44.09812	65.12808
44.12411	65.25524
44.14981	65.38242
44.17547	65.50966
44.20112	65.63686
44.22643	65.76414
44.25172	65.89142
44.27700	66.01874
44.30203	66.14610
44.32705	66.27342
44.35204	66.40076
44.37683	66.52813
44.40164	66.65553
44.42645	66.78290
44.45125	66.91029
44.47606	67.03770
44.50080	67.16508
44.52542	67.29253
44.55003	67.41993
44.57465	67.54736
44.59938	67.67474
44.62415	67.80214
44.64893	67.92954
44.67374	68.05692
44.69878	68.18427
44.72382	68.31159
44.74887	68.43894
44.77406	68.56623
44.79939	68.69353
44.82487	68.82080
44.85041	68.94802
44.87618	69.07521
44.90199	69.20238
44.92807	69.32953
44.95421	69.45663
44.98059	69.58372
45.00710	69.71078
45.03381	69.83776
45.06070	69.96474
45.08778	70.09164
45.11509	70.21851
45.14254	70.34533
45.17030	70.47212
45.19816	70.59888
45.22638	70.72555
45.25468	70.85221
45.28339	70.97877
45.31214	71.10533
45.34135	71.23175
45.37061	71.35821
45.40032	71.48455
45.43009	71.61086
45.46032	71.73708
45.49063	71.86324
45.52140	71.98933
45.55223	72.11539
45.58345	72.24136
45.61499	72.36726
45.64686	72.49304
45.67882	72.61882
45.71118	72.74449
45.74384	72.87012
45.77679	72.99564
45.81004	73.12109
45.84358	73.24645
45.87743	73.37174
45.91158	73.49696
45.94601	73.62207
45.98078	73.74712
46.01584	73.87203
46.05123	73.99692
46.08692	74.12170
46.12291	74.24636
46.15922	74.37099
46.19583	74.49546
46.23276	74.61989
46.26999	74.74419
46.30753	74.86843
46.33733	74.99426
46.35222	75.12317
46.36646	75.25217
46.38012	75.38122
46.39333	75.51033
46.40576	75.63949
46.41755	75.76875
46.42862	75.89808
46.43888	76.02744
46.44833	76.15688
46.45691	76.28635
46.46456	76.41590
46.47120	76.54552
46.47676	76.67516
46.48117	76.80489
46.48434	76.93462
46.48619	77.06438
46.48658	77.19414
46.48541	77.32393
46.48259	77.45364
46.47792	77.58337
46.47133	77.71295
46.46257	77.84244
46.45153	77.97176
46.43803	78.10081
46.42184	78.22961
46.40277	78.35794
46.38060	78.48582
46.35514	78.61307
46.32622	78.73959
46.29358	78.86518
46.25718	78.98975
46.21682	79.11311
46.17254	79.23506
46.12436	79.35557
46.07238	79.47446
46.01678	79.59171
45.95783	79.70733
45.89585	79.82134
45.83122	79.93389
45.76434	80.04509
45.69561	80.15517
45.62544	80.26433
45.55420	80.37284
45.48227	80.48086
45.41001	80.58866
45.33794	80.69662
45.26617	80.80471
45.19465	80.91303
45.12379	81.02174
45.05362	81.13092
44.98438	81.24068
44.91606	81.35101
44.84883	81.46204
44.78267	81.57365
44.71775	81.68605
44.65393	81.79901
44.59137	81.91274
44.53004	82.02714
44.46998	82.14216
44.41113	82.25782
44.35350	82.37408
44.29710	82.49097
44.24188	82.60842
44.18783	82.72641
44.13493	82.84494
44.08320	82.96394
44.03256	83.08343
43.98301	83.20337
43.93451	83.32376
43.90197	83.44863
43.88907	83.57773
43.88789	83.70747
43.89987	83.83660
43.92615	83.96364
43.96739	84.08657
44.02359	84.20346
44.09380	84.31249
44.17622	84.41270
44.26861	84.50374
44.36921	84.58564
44.47626	84.65898
44.58825	84.72448
44.70407	84.78298
44.82282	84.83528
44.94387	84.88205
45.06673	84.92390
45.19096	84.96136
45.31631	84.99493
45.44256	85.02502
45.56950	85.05201
45.69698	85.07613
45.82497	85.09770
45.95333	85.11699
46.08194	85.13408
46.21083	85.14930
46.33990	85.16279
46.46913	85.17467
46.59850	85.18503
46.72795	85.19408
46.85751	85.20191
46.98711	85.20859
47.11677	85.21423
47.24645	85.21896
47.37617	85.22287
47.50592	85.22592
47.63568	85.22844
47.76545	85.23040
47.89519	85.23189
48.02499	85.23300
48.15475	85.23383
48.28452	85.23467
48.41427	85.23586
48.54406	85.23705
48.67382	85.23833
48.80360	85.24007
48.93336	85.24261
49.06307	85.24651
49.19272	85.25277
49.32228	85.24832
49.45190	85.24164
49.58152	85.23537
49.71116	85.22919
49.84081	85.22329
49.97044	85.21752
50.10011	85.21174
50.22974	85.20597
50.35941	85.20021
50.48905	85.19448
50.61871	85.18875
50.74836	85.18296
50.87798	85.17690
51.00761	85.17066
51.13721	85.16422
51.26683	85.15733
51.39639	85.15029
51.52598	85.14270
51.65551	85.13465
51.78500	85.12611
51.91445	85.11700
52.04383	85.10717
52.17320	85.09664
52.30248	85.08536
52.43171	85.07324
52.56082	85.06013
52.68983	85.04597
52.81872	85.03076
52.94743	85.01438
53.07601	84.99658
53.20433	84.97737
53.33244	84.95660
53.46028	84.93408
53.58771	84.90970
53.71479	84.88326
53.84134	84.85462
53.96733	84.82352
54.09262	84.78975
54.21710	84.75301
54.34057	84.71302
54.46280	84.66947
54.58360	84.62199
54.70258	84.57023
54.81938	84.51369
54.93348	84.45193
55.04434	84.38445
55.15120	84.31083
55.25315	84.23058
55.34927	84.14342
55.43841	84.04915
55.51941	83.94778
55.59118	83.83974
55.65281	83.72559
55.70393	83.60634
55.74407	83.48301
55.77339	83.35660
55.79236	83.22828
55.80159	83.09885
55.80199	82.96912
55.79438	82.83955
55.77957	82.71063
55.75833	82.58264
55.73140	82.45567
55.69944	82.32993
55.66292	82.20538
55.62239	82.08212
55.57823	81.96009
55.53082	81.83926
55.48050	81.71965
55.42751	81.60118
55.37210	81.48384
55.31451	81.36752
55.25489	81.25229
55.19343	81.13797
55.13027	81.02457
55.06549	80.91214
54.99936	80.80048
54.93180	80.68970
54.86305	80.57959
54.79306	80.47032
54.72208	80.36168
54.64994	80.25378
54.57694	80.14651
54.50303	80.03983
54.44681	79.92632
54.42867	79.79778
54.41229	79.66906
54.39756	79.54013
54.38429	79.41102
54.37236	79.28181
54.36163	79.15246
54.35198	79.02306
54.34330	78.89353
54.33541	78.76403
54.32825	78.63444
54.32167	78.50481
54.31552	78.37518
54.30968	78.24554
54.30403	78.11590
54.29837	77.98623
54.29271	77.85659
54.28688	77.72692
54.28095	77.59730
54.27461	77.46768
54.26772	77.33807
54.26010	77.20853
54.25167	77.07900
54.24225	76.94960
54.23172	76.82024
54.21992	76.69101
54.20673	76.56189
54.19194	76.43296
54.17544	76.30423
54.15709	76.17574
54.13223	76.04842
54.10520	75.92148
54.07767	75.79469
54.05000	75.66788
54.02222	75.54109
53.99442	75.41434
53.96680	75.28751
53.93958	75.16065
53.91173	75.03389
53.88369	74.90720
53.85565	74.78047
53.82782	74.65370
53.80014	74.52692
53.77275	74.40005
53.74563	74.27314
53.71872	74.14619
53.69231	74.01915
53.66614	73.89201
53.64046	73.76480
53.61531	73.63747
53.59066	73.51006
53.56654	73.38257
53.54307	73.25492
53.52022	73.12717
53.49800	72.99929
53.47655	72.87131
53.45584	72.74319
53.43587	72.61496
53.41672	72.48663
53.39845	72.35812
53.38101	72.22954
53.36440	72.10081
53.34935	71.97192
53.33699	71.84274
53.32391	71.71361
53.31017	71.58458
53.29571	71.45561
53.28070	71.32671
53.26511	71.19788
53.24894	71.06908
53.23222	70.94040
53.21486	70.81178
53.19699	70.68327
53.17863	70.55477
53.15980	70.42637
53.14051	70.29805
53.12078	70.16975
53.10061	70.04157
53.07998	69.91344
53.05898	69.78539
53.03761	69.65736
53.01590	69.52941
52.99387	69.40151
52.97152	69.27368
52.94885	69.14591
52.92588	69.01815
52.90266	68.89048
52.87921	68.76283
52.85549	68.63525
52.83156	68.50768
52.80760	68.38014
52.78328	68.25269
52.75896	68.12519
52.73441	67.99775
52.70979	67.87032
52.68507	67.74295
52.66022	67.61556
52.63537	67.48817
52.61053	67.36081
52.58567	67.23342
52.56089	67.10604
52.53611	66.97864
52.51134	66.85126
52.48656	66.72386
52.46178	66.59646
52.43721	66.46905
52.41274	66.34158
52.38830	66.21416
52.36421	66.08662
52.34013	65.95911
52.31620	65.83154
52.29251	65.70396
52.26908	65.57631
52.24589	65.44859
52.22295	65.32088
52.20024	65.19309
52.17787	65.06528
52.15583	64.93737
52.13410	64.80945
52.11267	64.68143
52.09164	64.55336
52.07105	64.42523
52.05082	64.29704
52.03098	64.16880
52.01158	64.04047
51.99274	63.91208
51.97432	63.78359
51.95630	63.65507
51.93887	63.52649
51.92201	63.39779
51.90567	63.26906
51.88994	63.14024
51.87476	63.01136
51.86024	62.88239
51.84629	62.75334
51.83307	62.62428
51.82044	62.49510
51.80858	62.36586
51.79735	62.23655
51.78694	62.10723
51.77720	61.97780
51.76830	61.84832
51.76864	61.71869
51.77542	61.58908
51.78515	61.45970
51.79777	61.33051
51.81317	61.20169
51.83131	61.07316
51.85204	60.94505
51.87527	60.81739
51.90091	60.69015
51.92883	60.56343
51.95896	60.43717
51.99122	60.31151
52.02541	60.18629
52.06147	60.06161
52.09929	59.93750
52.13878	59.81387
52.17983	59.69076
52.22235	59.56812
52.26623	59.44602
52.31141	59.32435
52.35775	59.20311
52.40516	59.08233
52.45358	58.96189
52.50288	58.84187
52.55300	58.72214
52.60388	58.60278
52.65537	58.48362
52.70739	58.36475
52.75990	58.24606
52.81279	58.12753
52.86596	58.00919
52.91941	57.89089
52.97297	57.77270
53.02662	57.65451
53.08043	57.53640
53.13401	57.41822
53.18750	57.29997
53.24059	57.18156
53.29330	57.06296
53.34555	56.94418
53.39728	56.82513
53.44834	56.70582
53.49867	56.58623
53.54826	56.46627
53.59697	56.34602
53.64479	56.22533
53.69148	56.10428
53.73708	55.98278
53.78145	55.86079
53.82449	55.73838
53.86616	55.61545
53.90628	55.49206
53.94487	55.36814
53.98168	55.24372
54.01676	55.11875
54.04989	54.99326
54.08102	54.86729
54.11004	54.74080
54.13682	54.61383
54.16586	54.49514
54.28368	54.54951
54.40177	54.60342
54.52010	54.65675
54.63865	54.70949
54.75748	54.76167
54.87659	54.81321
54.99594	54.86414
55.11560	54.91441
55.23553	54.96400
55.35574	55.01290
55.47624	55.06105
55.59705	55.10850
55.71817	55.15510
55.83958	55.20092
55.96128	55.24593
56.08335	55.29003
56.20573	55.33324
56.32841	55.37553
56.45146	55.41687
56.57478	55.45718
56.69852	55.49645
56.82251	55.53463
56.94689	55.57171
57.07158	55.60763
57.19665	55.64238
57.32204	55.67589
57.44772	55.70811
57.57377	55.73905
57.70013	55.76863
57.82681	55.79680
57.95381	55.82354
58.08109	55.84883
58.20869	55.87264
58.33651	55.89489
58.46464	55.91560
58.59298	55.93476
58.72159	55.95228
58.85036	55.96823
58.97935	55.98254
59.10852	55.99527
59.23780	56.00635
59.36726	56.01590
59.49678	56.02383
59.62638	56.03027
59.75606	56.03524
59.88579	56.03875
60.01558	56.04091
60.14533	56.04173
60.27512	56.04145
60.40488	56.03995
60.53465	56.03748
60.66435	56.03411
60.79409	56.02986
60.92377	56.02496
61.05342	56.01942
61.18307	56.01342
61.31268	56.00708
61.44229	56.00055
61.57188	55.99385
61.70149	55.98717
61.83111	55.98048
61.96074	55.97414
62.09037	55.96785
62.21999	55.96207
62.34966	55.95679
62.47935	55.95208
62.60907	55.94803
62.73882	55.94471
62.86857	55.94213
62.99833	55.94047
63.12809	55.93975
63.25789	55.93999
63.38766	55.94125
63.51741	55.94355
63.64716	55.94694
63.77683	55.95141
63.90651	55.95700
64.03609	55.96373
64.16565	55.97162
64.29510	55.98062
64.42449	55.99075
64.55381	56.00202
64.68295	56.01444
64.81206	56.02794
64.94099	56.04254
65.06981	56.05827
65.19849	56.07498
65.32706	56.09285
65.45546	56.11166
65.58369	56.13155
65.71181	56.15237
65.83970	56.17421
65.96748	56.19692
66.09506	56.22066
66.21049	56.27372
66.31539	56.35016
66.41793	56.42967
66.51816	56.51210
66.61606	56.59727
66.71168	56.68504
66.80503	56.77518
66.89619	56.86755
66.98524	56.96195
67.07230	57.05819
67.15733	57.15621
67.24057	57.25578
67.32206	57.35680
67.40184	57.45910
67.48018	57.56260
67.55702	57.66718
67.63259	57.77270
67.70696	57.87904
67.78023	57.98615
67.85252	58.09395
67.92400	58.20225
67.99478	58.31104
68.06496	58.42017
68.13463	58.52969
68.20389	58.63946
68.27300	58.74929
68.34197	58.85923
68.41062	58.96935
68.47918	59.07956
68.54800	59.18956
68.61721	59.29936
68.68693	59.40886
68.75720	59.51793
68.82822	59.62657
68.90006	59.73462
68.97289	59.84204
69.04678	59.94872
69.12188	60.05456
69.19831	60.15946
69.27616	60.26329
69.35558	60.36595
69.43666	60.46724
69.51707	60.56902
69.59265	60.67451
69.66946	60.77913
69.74739	60.88292
69.82626	60.98593
69.90600	61.08838
69.98640	61.19021
70.06753	61.29153
70.14916	61.39238
70.23125	61.49291
70.31374	61.59313
70.39634	61.69318
70.47919	61.79309
70.56197	61.89301
70.64474	61.99298
70.72723	62.09314
70.80960	62.19344
70.89156	62.29410
70.97301	62.39510
71.05386	62.49663
71.13402	62.59867
71.21344	62.70133
71.29194	62.80465
71.36939	62.90882
71.44571	63.01377
71.52073	63.11966
71.59441	63.22652
71.66653	63.33440
71.73707	63.44335
71.80574	63.55342
71.87257	63.66467
71.93729	63.77718
71.99986	63.89086
72.06004	64.00587
72.11776	64.12206
72.17281	64.23962
72.22515	64.35835
72.27451	64.47839
72.32098	64.59953
72.37033	64.71953
72.41826	64.84016
72.46480	64.96129
72.51004	65.08295
72.55399	65.20502
72.59679	65.32757
72.63837	65.45052
72.67885	65.57380
72.71825	65.69745
72.75657	65.82144
72.79385	65.94574
72.83013	66.07034
72.86536	66.19525
72.89980	66.32040
72.93319	66.44579
72.96554	66.57149
72.99715	66.69731
73.02769	66.82349
73.05742	66.94980
73.08633	67.07632
73.11429	67.20304
73.14137	67.32996
73.16758	67.45708
73.19292	67.58433
73.21741	67.71179
73.24104	67.83938
73.26381	67.96717
73.28571	68.09508
73.30678	68.22312
73.32696	68.35135
73.34628	68.47965
73.36475	68.60812
73.38235	68.73669
73.39908	68.86540
73.41495	68.99422
73.42993	69.12311
73.44405	69.25213
73.45728	69.38121
73.46958	69.51043
73.48098	69.63966
73.49148	69.76904
73.50105	69.89846
73.50970	70.02795
73.51742	70.15750
73.52419	70.28709
73.52997	70.41676
73.53477	70.54642
73.53860	70.67617
73.54144	70.80589
73.54326	70.93567
73.54407	71.06545
73.54379	71.19522
73.54247	71.32501
73.54006	71.45474
73.53658	71.58447
73.53198	71.71417
73.52628	71.84383
73.51939	71.97343
73.51131	72.10294
73.50206	72.23240
73.49161	72.36175
73.47993	72.49099
73.46698	72.62012
73.45276	72.74912
73.43686	72.87794
73.41930	73.00649
73.40002	73.13484
73.37913	73.26291
73.35661	73.39074
73.33253	73.51823
73.30691	73.64546
73.27974	73.77241
73.25115	73.89895
73.22107	74.02522
73.18960	74.15110
73.15667	74.27665
73.12252	74.40182
73.08697	74.52664
73.05012	74.65110
73.01211	74.77516
72.97272	74.89884
72.93223	75.02211
72.89053	75.14502
72.84766	75.26749
72.80372	75.38965
72.75858	75.51131
72.71248	75.63261
72.66521	75.75349
72.61703	75.87398
72.56776	75.99403
72.51759	76.11371
72.46639	76.23299
72.41431	76.35187
72.36138	76.47035
72.30751	76.58842
72.25282	76.70609
72.19732	76.82343
72.14108	76.94036
72.08398	77.05691
72.02628	77.17317
71.96794	77.28909
71.90903	77.40473
71.84964	77.52011
71.78980	77.63529
71.72900	77.74990
71.66795	77.86443
71.60703	77.97904
71.54585	78.09348
71.48440	78.20779
71.42271	78.32197
71.36079	78.43604
71.29866	78.54993
71.23626	78.66374
71.17359	78.77742
71.11112	78.89114
71.04871	79.00494
70.98631	79.11871
70.92409	79.23264
70.86203	79.34660
70.80018	79.46072
70.73869	79.57498
70.67745	79.68939
70.61652	79.80399
70.55611	79.91885
70.49617	80.03397
70.43678	80.14932
70.37804	80.26507
70.31993	80.38114
70.26268	80.49757
70.20621	80.61445
70.15075	80.73174
70.09631	80.84956
70.04306	80.96790
69.99110	81.08683
69.94057	81.20634
69.89167	81.32658
69.84458	81.44751
69.79956	81.56921
69.75679	81.69176
69.71660	81.81512
69.67937	81.93945
69.64543	82.06471
69.61538	82.19096
69.58976	82.31819
69.56930	82.44632
69.55487	82.57528
69.54747	82.70482
69.54841	82.83456
69.55910	82.96384
69.58119	83.09170
69.61618	83.21661
69.66534	83.33661
69.72822	83.45010
69.79975	83.55834
69.87954	83.66065
69.96781	83.75571
70.06433	83.84239
70.16846	83.91982
70.27910	83.98753
70.39510	84.04564
70.51524	84.09461
70.63848	84.13525
70.76389	84.16853
70.89086	84.19540
71.01884	84.21678
71.14751	84.23355
71.27667	84.24638
71.40606	84.25605
71.53568	84.26294
71.66534	84.26765
71.79510	84.27055
71.92487	84.27197
72.05464	84.27222
72.18443	84.27149
72.31419	84.27012
72.44398	84.26823
72.57372	84.26597
72.70348	84.26355
72.83324	84.26109
72.96297	84.25855
73.09274	84.25606
73.22248	84.25392
73.35226	84.25216
73.48202	84.25079
73.61182	84.24982
73.74162	84.24931
73.87138	84.24929
74.00115	84.24998
74.13092	84.25061
74.26071	84.25119
74.39046	84.25124
74.52025	84.25108
74.65004	84.25052
74.77981	84.24950
74.90958	84.24820
75.03932	84.24637
75.16911	84.24403
75.29884	84.24131
75.42859	84.23808
75.55831	84.23417
75.68799	84.22975
75.81768	84.22478
75.94732	84.21921
76.07696	84.21284
76.20655	84.20580
76.33611	84.19807
76.46561	84.18961
76.59505	84.18040
76.72446	84.17043
76.85377	84.15965
76.98302	84.14807
77.11219	84.13570
77.24132	84.12253
77.37035	84.10857
77.49928	84.09389
77.62817	84.07850
77.75694	84.06247
77.88567	84.04584
78.01427	84.02867
78.14285	84.01104
78.27139	83.99298
78.39983	83.97461
78.52827	83.95588
78.65667	83.93710
78.78508	83.91811
78.91344	83.89907
79.03985	83.87079
79.16393	83.83270
79.28672	83.79082
79.40811	83.74493
79.52779	83.69479
79.64552	83.64022
79.76100	83.58103
79.87392	83.51705
79.98386	83.44810
80.09048	83.37413
80.19336	83.29507
80.29214	83.21095
80.38645	83.12177
80.47587	83.02776
80.56012	82.92908
80.63896	82.82604
80.71221	82.71889
80.77972	82.60805
80.84143	82.49393
80.89740	82.37684
80.94771	82.25726
80.99258	82.13548
81.03207	82.01187
81.06647	81.88675
81.09602	81.76036
81.12097	81.63303
81.14153	81.50490
81.15798	81.37618
81.17046	81.24700
81.17939	81.11755
81.18503	80.98788
81.18768	80.85813
81.18755	80.72837
81.18472	80.59861
81.17947	80.46896
81.17198	80.33939
81.16240	80.20999
81.15087	80.08070
81.13755	79.95161
81.12255	79.82271
81.10600	79.69398
81.08803	79.56547
81.06875	79.43713
81.04826	79.30898
81.02667	79.18101
81.00403	79.05321
80.98049	78.92561
80.95611	78.79811
80.93097	78.67081
80.90515	78.54362
80.87872	78.41658
80.85176	78.28963
80.82433	78.16277
80.79651	78.03603
80.76833	77.90932
80.73985	77.78272
80.71132	77.65610
80.68256	77.52956
80.65382	77.40300
80.62531	77.27637
80.59682	77.14978
80.56831	77.02316
80.54018	76.89647
80.51224	76.76974
80.48466	76.64294
80.45747	76.51601
80.43091	76.38898
80.40496	76.26183
80.37970	76.13453
80.35535	76.00706
80.33194	75.87943
80.30956	75.75161
80.28854	75.62354
80.26883	75.49522
80.25069	75.36674
80.23434	75.23800
80.21998	75.10905
80.20784	74.97982
80.19822	74.85040
80.19141	74.72083
80.18774	74.59108
80.18760	74.46133
80.18339	74.33161
80.18004	74.20190
80.17754	74.07212
80.17599	73.94237
80.17530	73.81259
80.17541	73.68279
80.17632	73.55305
80.17812	73.42326
80.18065	73.29351
80.18390	73.16377
80.18796	73.03409
80.19273	72.90438
80.19817	72.77469
80.20428	72.64507
80.21111	72.51547
80.21855	72.38593
80.22658	72.25639
80.23529	72.12690
80.24454	71.99744
80.25434	71.86803
80.26470	71.73867
80.27561	71.60934
80.28700	71.48008
80.29900	71.35085
80.31128	71.22167
80.32410	71.09251
80.33736	70.96345
80.35094	70.83437
80.36504	70.70535
80.37946	70.57639
80.39416	70.44744
80.40935	70.31857
80.42478	70.18970
80.44044	70.06089
80.45654	69.93208
80.47280	69.80334
80.48930	69.67463
80.50610	69.54591
80.52306	69.41727
80.54021	69.28862
80.55765	69.16002
80.57516	69.03142
80.59269	68.90281
80.61045	68.77428
80.62832	68.64573
80.64618	68.51720
80.66415	68.38866
80.68217	68.26016
80.70020	68.13163
80.71822	68.00309
80.73624	67.87459
80.75425	67.74606
80.77225	67.61755
80.79027	67.48901
80.80825	67.36050
80.82594	67.23192
80.84361	67.10334
80.86115	66.97476
80.87841	66.84612
80.89566	66.71751
80.91271	66.58884
80.92951	66.46021
80.94604	66.33147
80.96232	66.20267
80.97836	66.07392
80.99415	65.94509
81.00954	65.81626
81.02465	65.68734
81.03947	65.55844
81.05386	65.42945
81.06787	65.30040
81.08154	65.17139
81.09481	65.04227
81.10753	64.91312
81.11986	64.78393
81.13181	64.65471
81.14313	64.52541
81.15407	64.39609
81.16438	64.26674
81.17419	64.13731
81.18338	64.00788
81.19201	63.87839
81.20004	63.74887
81.20741	63.61929
81.21418	63.48969
81.22021	63.36005
81.22562	63.23038
81.23028	63.10070
81.23423	62.97095
81.23743	62.84125
81.23984	62.71148
81.24152	62.58170
81.24229	62.45193
81.24231	62.32215
81.34039	62.37157
81.44967	62.44164
81.55862	62.51211
81.66734	62.58301
81.77570	62.65445
81.88369	62.72636
81.99136	62.79886
82.09853	62.87201
82.20525	62.94585
82.31149	63.02040
82.41719	63.09573
82.52221	63.17195
82.62662	63.24901
82.73040	63.32698
82.83334	63.40596
82.93552	63.48600
83.03680	63.56712
83.13718	63.64939
83.23658	63.73285
83.33488	63.81754
83.43211	63.90351
83.52811	63.99081
83.62286	64.07951
83.71627	64.16960
83.80822	64.26119
83.89866	64.35426
83.98753	64.44884
84.07465	64.54502
84.15999	64.64276
84.24349	64.74213
84.32492	64.84314
84.40434	64.94583
84.48157	65.05012
84.55643	65.15609
84.62897	65.26374
84.69901	65.37294
84.76644	65.48386
84.83119	65.59631
84.89322	65.71030
84.95232	65.82582
85.00854	65.94279
85.06178	66.06116
85.11187	66.18085
85.15892	66.30182
85.20277	66.42395
85.24342	66.54718
85.28087	66.67142
85.31506	66.79662
85.34607	66.92267
85.38303	67.04704
85.42043	67.17133
85.45782	67.29558
85.49522	67.41987
85.53265	67.54411
85.57023	67.66834
85.60780	67.79258
85.64537	67.91678
85.68295	68.04102
85.72060	68.16521
85.75835	68.28939
85.79608	68.41354
85.83382	68.53773
85.87157	68.66191
85.90931	68.78606
85.94705	68.91024
85.98479	69.03439
86.02253	69.15858
86.06026	69.28272
86.09806	69.40688
86.13586	69.53105
86.17365	69.65519
86.21145	69.77935
86.24924	69.90349
86.28703	70.02766
86.32482	70.15179
86.36249	70.27600
86.40012	70.40022
86.43773	70.52441
86.47536	70.64863
86.51298	70.77281
86.55061	70.89703
86.58822	71.02122
86.62574	71.14548
86.66312	71.26977
86.70049	71.39403
86.73788	71.51833
86.77507	71.64263
86.81222	71.76700
86.84936	71.89133
86.88649	72.01570
86.92336	72.14015
86.96023	72.26456
86.99710	72.38901
87.03384	72.51346
87.07038	72.63799
87.10692	72.76250
87.14347	72.88705
87.17976	73.01164
87.21592	73.13626
87.25209	73.26091
87.28825	73.38553
87.32401	73.51032
87.35976	73.63506
87.39551	73.75983
87.43115	73.88461
87.46655	74.00945
87.50184	74.13435
87.53698	74.25927
87.57198	74.38425
87.60687	74.50923
87.64156	74.63431
87.67619	74.75940
87.71054	74.88453
87.74486	75.00968
87.77888	75.13490
87.81286	75.26017
87.84657	75.38548
87.88020	75.51086
87.91359	75.63628
87.94682	75.76171
87.97987	75.88722
88.01270	76.01277
88.04539	76.13837
88.07780	76.26400
88.11014	76.38970
88.14213	76.51549
88.17403	76.64126
88.20532	76.76722
88.23615	76.89328
88.26658	77.01945
88.29657	77.14570
88.32602	77.27211
88.35501	77.39856
88.38362	77.52519
88.41182	77.65186
88.43964	77.77863
88.46702	77.90549
88.49405	78.03241
88.52077	78.15942
88.54715	78.28647
88.57325	78.41360
88.59934	78.54075
88.62498	78.66793
88.65061	78.79517
88.67610	78.92242
88.70149	79.04971
88.72699	79.17693
88.75313	79.30406
88.77927	79.43119
88.80508	79.55836
88.83076	79.68559
88.85627	79.81281
88.87648	79.94099
88.88941	80.07011
88.89584	80.19973
88.89647	80.32948
88.89206	80.45916
88.88330	80.58865
88.87074	80.71780
88.85503	80.84664
88.83661	80.97509
88.81601	81.10322
88.79369	81.23109
88.77005	81.35867
88.74554	81.48613
88.72057	81.61344
88.69597	81.74088
88.67195	81.86841
88.64896	81.99615
88.62762	82.12418
88.60853	82.25252
88.59262	82.38132
88.58081	82.51053
88.57430	82.64017
88.57452	82.76990
88.58340	82.89934
88.60333	83.02756
88.63685	83.15283
88.68659	83.27258
88.75419	83.38318
88.83901	83.48122
88.93501	83.56845
89.03891	83.64616
89.14888	83.71504
89.26351	83.77580
89.38174	83.82928
89.50274	83.87611
89.62588	83.91709
89.75066	83.95264
89.87677	83.98337
90.00387	84.00967
90.13168	84.03187
90.26015	84.05033
90.38904	84.06532
90.51830	84.07712
90.64775	84.08595
90.77740	84.09196
90.90715	84.09532
91.03690	84.09625
91.16669	84.09477
91.29639	84.09113
91.42606	84.08533
91.55559	84.07753
91.68500	84.06783
91.81429	84.05615
91.94333	84.04270
92.07224	84.02751
92.20087	84.01055
92.32934	83.99194
92.45750	83.97173
92.58545	83.94990
92.71312	83.92650
92.84044	83.90161
92.96752	83.87522
93.09428	83.84738
93.22072	83.81808
93.34679	83.78734
93.47254	83.75520
93.59791	83.72169
93.72290	83.68681
93.84754	83.65057
93.97174	83.61298
94.09553	83.57403
94.21889	83.53375
94.34181	83.49216
94.46430	83.44923
94.58630	83.40501
94.70785	83.35945
94.82887	83.31271
94.95595	83.28626
95.08316	83.26077
95.21053	83.23588
95.33802	83.21133
95.46545	83.18685
95.59288	83.16237
95.72028	83.13724
95.84735	83.11127
95.97424	83.08407
96.10078	83.05521
96.22686	83.02436
96.35229	82.99110
96.47689	82.95485
96.60050	82.91524
96.72270	82.87158
96.84315	82.82334
96.96138	82.76990
97.07684	82.71058
97.18866	82.64481
97.29607	82.57207
97.39817	82.49187
97.49376	82.40418
97.58193	82.30910
97.66183	82.20690
97.73289	82.09827
97.79469	81.98426
97.84727	81.86562
97.89089	81.74336
97.92601	81.61851
97.95470	81.49197
97.97380	81.36365
97.98076	81.23406
97.97639	81.10443
97.96177	80.97553
97.93801	80.84792
97.90630	80.72210
97.86765	80.59828
97.82303	80.47646
97.77318	80.35657
97.71892	80.23870
97.66078	80.12271
97.59934	80.00833
97.53502	79.89562
97.46826	79.78439
97.39931	79.67449
97.32848	79.56568
97.25611	79.45799
97.18232	79.35120
97.10743	79.24522
97.03159	79.13993
96.95496	79.03516
96.87784	78.93084
96.80022	78.82675
Rachel Fredericks
https://thenounproject.com/icon/elephant-6868375/