207.50000	663.99664
207.50546	663.70020
207.52173	663.40411
207.54886	663.10883
207.58688	662.81476
207.63579	662.52234
207.69553	662.23193
207.76608	661.94391
207.84732	661.65875
207.93918	661.37683
208.04149	661.09851
208.15414	660.82422
208.27692	660.55432
208.40968	660.28925
208.55214	660.02917
208.70419	659.77460
208.86555	659.52582
209.03610	659.28326
209.21548	659.04718
209.40341	658.81781
209.59969	658.59558
209.80405	658.38074
210.01614	658.17352
210.23575	657.97430
210.46248	657.78326
210.69615	657.60071
210.93639	657.42688
211.18291	657.26215
211.43529	657.10651
211.69342	656.96057
211.95676	656.82428
212.22496	656.69788
212.49768	656.58148
212.77457	656.47540
213.05521	656.37970
213.33922	656.29456
213.62622	656.22003
213.91582	656.15637
214.20758	656.10352
214.50110	656.06152
214.79597	656.03033
215.09180	656.01007
215.38817	656.00079
215.68468	656.00220
215.98093	656.01453
216.27654	656.03766
216.57108	656.07178
216.86417	656.11670
217.15540	656.17242
217.44434	656.23901
217.73058	656.31635
218.01372	656.40436
218.29340	656.50287
218.56918	656.61176
218.84073	656.73083
219.10765	656.85992
219.36961	656.99884
219.62622	657.14740
219.87712	657.30542
220.12201	657.47266
220.36053	657.64874
220.59235	657.83368
220.81720	658.02698
221.03481	658.22839
221.24484	658.43768
221.44701	658.65454
221.64108	658.87872
221.82674	659.10992
222.00372	659.34784
222.17188	659.59204
222.33080	659.84241
222.48036	660.09839
222.62027	660.35986
222.75038	660.62628
222.87041	660.89740
222.98029	661.17279
223.07980	661.45215
223.16881	661.73499
223.24719	662.02094
223.31487	662.30963
223.37170	662.60065
223.41771	662.89355
223.45282	663.18799
223.47707	663.48352
223.49033	663.77972
223.49327	664.07623
223.49327	664.37274
223.49327	664.66931
223.49327	664.96582
223.49327	665.26239
223.49327	665.55890
223.49327	665.85541
223.49327	666.15198
223.49327	666.44849
223.49327	666.74506
223.49327	667.04156
223.49327	667.33813
223.49327	667.63464
223.49327	667.93115
223.49327	668.22772
223.49327	668.52423
223.49327	668.82080
223.49327	669.11731
223.49327	669.41388
223.49327	669.71039
223.49327	670.00690
223.49327	670.30347
223.49327	670.59998
223.49327	670.89655
223.49327	671.19305
223.49327	671.48962
223.49327	671.78613
223.49327	672.08264
223.49327	672.37921
223.49327	672.67572
223.49327	672.97229
223.49327	673.26880
223.49327	673.56537
223.49327	673.86188
223.49327	674.15839
223.49327	674.45496
223.49327	674.75146
223.49327	675.04803
223.49327	675.34454
223.49327	675.64111
223.49327	675.93762
223.49327	676.23413
223.49327	676.53070
223.49327	676.82721
223.49327	677.12378
223.49327	677.42029
223.49327	677.71686
223.49327	678.01337
223.49327	678.30988
223.49327	678.60645
223.49327	678.90295
223.49327	679.19952
223.49327	679.49603
223.65140	679.51868
223.90820	679.37042
224.16501	679.22217
224.42181	679.07391
224.67862	678.92560
224.93544	678.77734
225.19225	678.62909
225.44905	678.48083
225.70586	678.33258
225.96266	678.18427
226.21947	678.03601
226.47627	677.88776
226.73308	677.73950
226.98988	677.59119
227.24669	677.44293
227.50349	677.29468
227.76031	677.14642
228.01712	676.99817
228.27393	676.84985
228.53073	676.70160
228.78754	676.55334
229.04434	676.40509
229.30115	676.25684
229.55795	676.10852
229.81476	675.96027
230.07158	675.81201
230.32837	675.66376
230.58519	675.51550
230.84200	675.36719
231.09915	675.21954
231.36035	675.07922
231.62654	674.94861
231.89732	674.82776
232.17242	674.71716
232.45143	674.61682
232.73396	674.52686
233.01968	674.44757
233.30815	674.37897
233.59898	674.32123
233.89177	674.27441
234.18610	674.23853
234.48157	674.21362
234.77776	674.19971
235.07426	674.19684
235.37065	674.20490
235.66655	674.22412
235.96153	674.25415
236.25520	674.29517
236.54716	674.34692
236.83701	674.40948
237.12436	674.48254
237.40883	674.56622
237.69003	674.66028
237.96756	674.76465
238.24109	674.87909
238.51018	675.00366
238.77448	675.13806
239.03360	675.28223
239.28719	675.43591
239.53485	675.59894
239.77631	675.77106
240.01117	675.95203
240.23912	676.14166
240.45984	676.33966
240.67296	676.54578
240.87828	676.75970
241.07549	676.98114
241.26425	677.20978
241.44447	677.44525
241.61586	677.68719
241.77820	677.93530
241.93135	678.18921
242.07512	678.44855
242.20932	678.71295
242.33374	678.98212
242.44814	679.25568
242.55229	679.53326
242.64606	679.81458
242.72925	680.09918
242.80174	680.38666
242.86346	680.67670
242.91429	680.96881
242.95419	681.26263
242.98309	681.55774
243.00101	681.85370
243.00790	682.15015
243.00380	682.44659
242.98871	682.74274
242.96269	683.03815
242.92569	683.33234
242.87788	683.62494
242.81927	683.91559
242.75006	684.20392
242.67023	684.48950
242.57996	684.77191
242.47935	685.05084
242.36853	685.32587
242.24762	685.59662
242.11681	685.86273
241.97621	686.12378
241.82605	686.37946
241.66641	686.62933
241.49759	686.87311
241.31984	687.11041
241.13335	687.34094
240.93837	687.56433
240.73517	687.78027
240.52409	687.98853
240.30534	688.18866
240.07932	688.38062
239.84628	688.56390
239.60667	688.73859
239.36076	688.90430
239.10887	689.06073
238.85252	689.20978
238.59572	689.35803
238.33891	689.50629
238.08211	689.65454
237.82530	689.80286
237.56850	689.95111
237.31169	690.09937
237.05489	690.24762
236.79808	690.39594
236.54126	690.54419
236.28447	690.69244
236.02766	690.84070
235.77084	690.98895
235.51404	691.13727
235.25723	691.28552
235.00043	691.43378
234.74362	691.58203
234.48682	691.73035
234.23001	691.87860
233.97321	692.02686
233.71640	692.17511
233.45959	692.32336
233.20279	692.47168
232.94598	692.61993
232.68918	692.76819
232.43237	692.91644
232.17555	693.06476
231.91875	693.21301
231.66196	693.36127
231.40514	693.50952
231.14833	693.65778
230.89153	693.80609
230.63472	693.95435
230.37791	694.10260
230.12111	694.25085
229.86430	694.39911
229.60750	694.54742
229.35069	694.69568
229.09387	694.84393
228.83708	694.99219
228.58028	695.14050
228.32346	695.28876
228.06665	695.43701
227.80984	695.58527
227.55304	695.73352
227.29623	695.88184
227.03943	696.03009
226.78262	696.17834
226.52582	696.32660
226.26901	696.47491
226.01221	696.62317
225.75540	696.77142
225.49860	696.91968
225.72922	697.06793
225.98602	697.21625
226.24284	697.36450
226.49965	697.51276
226.75645	697.66101
227.01326	697.80927
227.27007	697.95758
227.52687	698.10583
227.78368	698.25409
228.04050	698.40234
228.29730	698.55060
228.55411	698.69891
228.81091	698.84717
229.06772	698.99542
229.32452	699.14368
229.58133	699.29193
229.83815	699.44025
230.09494	699.58850
230.35175	699.73676
230.60857	699.88501
230.86537	700.03326
231.12218	700.18158
231.37898	700.32983
231.63579	700.47809
231.89259	700.62634
232.14940	700.77460
232.40622	700.92291
232.66302	701.07117
232.91983	701.21942
233.17549	701.36963
233.42584	701.52850
233.67024	701.69641
233.90823	701.87329
234.13954	702.05878
234.36380	702.25275
234.58067	702.45496
234.78984	702.66510
234.99100	702.88293
235.18387	703.10815
235.36821	703.34039
235.54373	703.57935
235.71028	703.82471
235.86757	704.07605
236.01544	704.33307
236.15366	704.59540
236.28210	704.86261
236.40050	705.13446
236.50876	705.41052
236.60680	705.69037
236.69444	705.97363
236.77162	706.25995
236.83818	706.54889
236.89407	706.84009
236.93918	707.13312
236.97345	707.42761
236.99684	707.72321
237.00925	708.01947
237.01068	708.31598
237.00102	708.61237
236.98036	708.90814
236.94870	709.20294
236.90607	709.49640
236.85252	709.78802
236.78810	710.07745
236.71294	710.36432
236.62711	710.64813
236.53076	710.92853
236.42406	711.20520
236.30716	711.47766
236.18031	711.74567
236.04362	712.00885
235.89743	712.26678
235.74194	712.51929
235.57738	712.76593
235.40378	713.00629
235.22141	713.24005
235.03053	713.46698
234.83128	713.68658
234.62402	713.89862
234.40895	714.10272
234.18640	714.29865
233.95671	714.48615
233.72014	714.66492
233.47713	714.83484
233.22794	714.99548
232.97293	715.14679
232.71248	715.28851
232.44699	715.42059
232.17680	715.54266
231.90225	715.65472
231.62376	715.75653
231.34171	715.84796
231.05647	715.92896
230.76845	715.99939
230.47804	716.05927
230.18561	716.10828
229.89159	716.14655
229.59633	716.17389
229.30026	716.19031
229.00380	716.19574
228.70735	716.19025
228.41129	716.17365
228.11607	716.14600
227.82208	716.10736
227.52974	716.05780
227.23946	715.99731
226.95164	715.92609
226.66667	715.84418
226.38499	715.75153
226.10692	715.64862
225.83287	715.53540
225.56317	715.41217
225.29823	715.27905
225.03835	715.13629
224.78145	714.98816
224.52464	714.83990
224.26784	714.69165
224.01103	714.54340
223.75423	714.39508
223.49742	714.24683
223.24062	714.09857
222.98381	713.95032
222.72699	713.80200
222.47018	713.65375
222.21338	713.50549
221.95657	713.35724
221.69977	713.20898
221.44296	713.06067
221.18616	712.91241
220.92935	712.76416
220.67255	712.61591
220.41573	712.46765
220.15894	712.31934
219.90213	712.17108
219.64531	712.02283
219.38850	711.87457
219.13170	711.72632
218.87489	711.57800
218.61809	711.42975
218.36128	711.28149
218.10448	711.13324
217.84767	710.98492
217.59087	710.83667
217.33406	710.68842
217.07724	710.54016
216.82043	710.39191
216.56364	710.24359
216.30682	710.09534
216.05002	709.94708
215.79321	709.79883
215.53641	709.65057
215.27960	709.50226
215.02278	709.35400
214.76599	709.20575
214.50919	709.05750
214.25237	708.90918
213.99557	708.76093
213.73875	708.61267
213.48195	708.46442
213.22514	708.31616
212.96834	708.16785
212.71153	708.01959
212.45473	707.87134
212.19792	707.72308
211.94112	707.57483
211.68430	707.42651
211.50000	707.40381
211.50000	707.70038
211.50000	707.99695
211.50000	708.29346
211.50000	708.58997
211.50000	708.88654
211.50000	709.18304
211.50000	709.47961
211.50000	709.77612
211.50000	710.07263
211.50000	710.36920
211.50000	710.66571
211.50000	710.96228
211.50000	711.25879
211.50000	711.55530
211.50000	711.85187
211.50000	712.14844
211.50000	712.44495
211.50000	712.74146
211.50000	713.03802
211.50000	713.33453
211.50000	713.63110
211.50000	713.92761
211.50000	714.22412
211.50000	714.52069
211.50000	714.81720
211.50000	715.11377
211.50000	715.41028
211.50000	715.70679
211.50000	716.00336
211.49454	716.29980
211.47827	716.59589
211.45114	716.89117
211.41312	717.18524
211.36421	717.47766
211.30447	717.76813
211.23392	718.05609
211.15266	718.34125
211.06082	718.62317
210.95851	718.90149
210.84586	719.17578
210.72308	719.44568
210.59032	719.71075
210.44786	719.97083
210.29579	720.22540
210.13445	720.47412
209.96391	720.71674
209.78452	720.95282
209.59659	721.18213
209.40031	721.40442
209.19595	721.61926
208.98386	721.82648
208.76424	722.02570
208.53752	722.21674
208.30383	722.39929
208.06363	722.57312
207.81709	722.73785
207.56471	722.89349
207.30658	723.03943
207.04324	723.17572
206.77502	723.30212
206.50232	723.41852
206.22545	723.52460
205.94481	723.62030
205.66077	723.70544
205.37378	723.77997
205.08418	723.84363
204.79242	723.89648
204.49889	723.93848
204.20403	723.96967
203.90820	723.98993
203.61183	723.99921
203.31534	723.99780
203.01909	723.98547
202.72346	723.96234
202.42891	723.92822
202.13585	723.88330
201.84462	723.82758
201.55566	723.76099
201.26944	723.68365
200.98630	723.59564
200.70662	723.49713
200.43082	723.38824
200.15929	723.26917
199.89235	723.14008
199.63039	723.00116
199.37379	722.85260
199.12289	722.69458
198.87799	722.52734
198.63948	722.35126
198.40767	722.16632
198.18282	721.97308
197.96519	721.77161
197.75516	721.56238
197.55299	721.34546
197.35892	721.12128
197.17326	720.89008
196.99628	720.65216
196.82813	720.40796
196.66920	720.15759
196.51964	719.90161
196.37973	719.64020
196.24962	719.37372
196.12959	719.10260
196.01971	718.82721
195.92020	718.54785
195.83119	718.26501
195.75281	717.97906
195.68513	717.69037
195.62830	717.39935
195.58229	717.10645
195.54718	716.81201
195.52293	716.51648
195.50967	716.22028
195.50673	715.92377
195.50673	715.62726
195.50673	715.33069
195.50673	715.03418
195.50673	714.73767
195.50673	714.44110
195.50673	714.14459
195.50673	713.84802
195.50673	713.55151
195.50673	713.25494
195.50673	712.95844
195.50673	712.66187
195.50673	712.36536
195.50673	712.06885
195.50673	711.77228
195.50673	711.47577
195.50673	711.17920
195.50673	710.88269
195.50673	710.58618
195.50673	710.28961
195.50673	709.99310
195.50673	709.69653
195.50673	709.40002
195.50673	709.10352
195.50673	708.80695
195.50673	708.51038
195.50673	708.21387
195.50673	707.91736
195.50673	707.62079
195.50673	707.32428
195.50673	707.02771
195.50673	706.73120
195.50673	706.43469
195.50673	706.13812
195.50673	705.84161
195.50673	705.54504
195.50673	705.24854
195.50673	704.95203
195.50673	704.65546
195.50673	704.35889
195.50673	704.06238
195.50673	703.76587
195.50673	703.46930
195.50673	703.17279
195.50673	702.87622
195.50673	702.57971
195.50673	702.28320
195.50673	701.98663
195.50673	701.69012
195.50673	701.39355
195.50673	701.09705
195.50673	700.80054
195.50673	700.50397
195.34860	700.48132
195.09181	700.62958
194.83499	700.77783
194.57819	700.92609
194.32138	701.07440
194.06458	701.22266
193.80777	701.37091
193.55095	701.51917
193.29416	701.66742
193.03735	701.81573
192.78053	701.96399
192.52374	702.11224
192.26692	702.26050
192.01012	702.40875
191.75331	702.55707
191.49651	702.70532
191.23970	702.85358
190.98289	703.00183
190.72609	703.15009
190.46928	703.29840
190.21246	703.44666
189.95566	703.59491
189.69887	703.74316
189.44205	703.89148
189.18524	704.03973
188.92844	704.18799
188.67163	704.33624
188.41483	704.48450
188.15800	704.63281
187.90086	704.78046
187.63965	704.92078
187.37346	705.05139
187.10269	705.17218
186.82758	705.28284
186.54857	705.38318
186.26605	705.47314
185.98032	705.55243
185.69186	705.62103
185.40102	705.67877
185.10825	705.72559
184.81390	705.76147
184.51843	705.78638
184.22226	705.80029
183.92575	705.80316
183.62935	705.79510
183.33345	705.77588
183.03848	705.74585
182.74480	705.70483
182.45284	705.65308
182.16302	705.59052
181.87566	705.51746
181.59119	705.43378
181.30997	705.33978
181.03246	705.23535
180.75891	705.12091
180.48982	704.99634
180.22554	704.86194
179.96642	704.71777
179.71283	704.56409
179.46516	704.40112
179.22371	704.22894
178.98883	704.04797
178.76088	703.85834
178.54018	703.66034
178.32704	703.45422
178.12173	703.24030
177.92453	703.01886
177.73575	702.79022
177.55553	702.55475
177.38416	702.31281
177.22180	702.06470
177.06865	701.81079
176.92488	701.55145
176.79068	701.28705
176.66626	701.01788
176.55186	700.74432
176.44771	700.46674
176.35394	700.18542
176.27075	699.90082
176.19826	699.61334
176.13654	699.32330
176.08571	699.03119
176.04581	698.73737
176.01691	698.44226
175.99899	698.14630
175.99210	697.84985
175.99620	697.55341
176.01129	697.25726
176.03731	696.96191
176.07431	696.66766
176.12212	696.37506
176.18073	696.08441
176.24994	695.79608
176.32977	695.51050
176.42004	695.22809
176.52065	694.94916
176.63147	694.67413
176.75237	694.40338
176.88318	694.13727
177.02379	693.87622
177.17397	693.62054
177.33359	693.37067
177.50241	693.12689
177.68016	692.88959
177.86665	692.65906
178.06163	692.43567
178.26482	692.21973
178.47591	692.01147
178.69466	691.81134
178.92067	691.61945
179.15372	691.43610
179.39331	691.26141
179.63924	691.09570
179.89113	690.93927
180.14746	690.79022
180.40427	690.64197
180.66109	690.49371
180.91789	690.34546
181.17468	690.19714
181.43150	690.04889
181.68831	689.90063
181.94510	689.75238
182.20192	689.60413
182.45872	689.45581
182.71553	689.30756
182.97234	689.15930
183.22914	689.01105
183.48596	688.86273
183.74275	688.71448
183.99956	688.56622
184.25638	688.41797
184.51317	688.26971
184.76997	688.12140
185.02679	687.97314
185.28360	687.82489
185.54041	687.67664
185.79721	687.52832
186.05402	687.38007
186.31082	687.23181
186.56763	687.08356
186.82443	686.93530
187.08125	686.78699
187.33804	686.63873
187.59485	686.49048
187.85167	686.34222
188.10846	686.19397
188.36526	686.04565
188.62209	685.89740
188.87888	685.74915
189.13570	685.60089
189.39250	685.45258
189.64931	685.30432
189.90611	685.15607
190.16292	685.00781
190.41972	684.85950
190.67653	684.71124
190.93333	684.56299
191.19014	684.41473
191.44696	684.26648
191.70375	684.11816
191.96057	683.96991
192.21738	683.82166
192.47417	683.67340
192.73099	683.52515
192.98779	683.37683
193.24460	683.22858
193.50140	683.08032
193.27078	682.93207
193.01398	682.78375
192.75717	682.63550
192.50037	682.48724
192.24355	682.33899
191.98676	682.19073
191.72993	682.04248
191.47313	681.89417
191.21632	681.74591
190.95952	681.59766
190.70271	681.44940
190.44589	681.30109
190.18910	681.15283
189.93230	681.00458
189.67548	680.85632
189.41867	680.70807
189.16187	680.55981
188.90506	680.41150
188.64825	680.26324
188.39145	680.11499
188.13464	679.96674
187.87782	679.81848
187.62102	679.67017
187.36421	679.52191
187.10741	679.37366
186.85060	679.22540
186.59380	679.07715
186.33699	678.92883
186.08017	678.78058
185.82454	678.63037
185.57417	678.47150
185.32977	678.30359
185.09177	678.12671
184.86047	677.94122
184.63620	677.74725
184.41933	677.54504
184.21017	677.33490
184.00900	677.11707
183.81613	676.89185
183.63179	676.65961
183.45627	676.42065
183.28972	676.17529
183.13243	675.92395
182.98457	675.66693
182.84634	675.40460
182.71790	675.13739
182.59950	674.86548
182.49124	674.58948
182.39320	674.30963
182.30557	674.02637
182.22838	673.74011
182.16182	673.45117
182.10593	673.15991
182.06082	672.86688
182.02655	672.57239
182.00316	672.27679
181.99075	671.98053
181.98932	671.68402
181.99898	671.38763
182.01964	671.09186
182.05130	670.79700
182.09393	670.50360
182.14748	670.21198
182.21190	669.92255
182.28706	669.63574
182.37289	669.35187
182.46924	669.07147
182.57596	668.79480
182.69284	668.52234
182.81967	668.25433
182.95636	667.99121
183.10257	667.73322
183.25804	667.48077
183.42262	667.23407
183.59622	666.99371
183.77861	666.75995
183.96947	666.53302
184.16870	666.31348
184.37598	666.10138
184.59105	665.89728
184.81360	665.70135
185.04330	665.51385
185.27982	665.33508
185.52284	665.16522
185.77205	665.00452
186.02705	664.85321
186.28752	664.71149
186.55299	664.57941
186.82320	664.45734
187.09772	664.34528
187.37622	664.24347
187.65828	664.15204
187.94351	664.07104
188.23154	664.00061
188.52196	663.94073
188.81441	663.89172
189.10840	663.85345
189.40366	663.82611
189.69971	663.80969
189.99619	663.80426
190.29265	663.80975
190.58870	663.82635
190.88393	663.85400
191.17789	663.89264
191.47023	663.94220
191.76050	664.00269
192.04836	664.07391
192.33331	664.15582
192.61501	664.24841
192.89310	664.35138
193.16710	664.46460
193.43681	664.58783
193.70175	664.72095
193.96165	664.86371
194.21855	665.01184
194.47536	665.16010
194.73218	665.30835
194.98895	665.45660
195.24577	665.60492
195.50258	665.75317
195.75938	665.90143
196.01620	666.04968
196.27301	666.19800
196.52982	666.34625
196.78661	666.49451
197.04341	666.64276
197.30023	666.79102
197.55704	666.93933
197.81384	667.08759
198.07066	667.23584
198.32744	667.38409
198.58426	667.53235
198.84106	667.68066
199.09787	667.82892
199.35469	667.97717
199.61150	668.12543
199.86830	668.27374
200.12509	668.42200
200.38190	668.57025
200.63872	668.71851
200.89552	668.86676
201.15233	669.01508
201.40915	669.16333
201.66595	669.31158
201.92274	669.45984
202.17955	669.60809
202.43636	669.75641
202.69318	669.90466
202.94998	670.05292
203.20679	670.20117
203.46361	670.34949
203.72038	670.49774
203.97720	670.64600
204.23401	670.79425
204.49081	670.94250
204.74763	671.09082
205.00444	671.23907
205.26125	671.38733
205.51804	671.53558
205.77484	671.68384
206.03166	671.83215
206.28847	671.98041
206.54527	672.12866
206.80209	672.27692
207.05890	672.42523
207.31569	672.57349
207.50000	672.59619
207.50000	672.29962
207.50000	672.00305
207.50000	671.70654
207.50000	671.41003
207.50000	671.11346
207.50000	670.81696
207.50000	670.52039
207.50000	670.22388
207.50000	669.92737
207.50000	669.63080
207.50000	669.33423
207.50000	669.03772
207.50000	668.74121
207.50000	668.44470
207.50000	668.14813
207.50000	667.85156
207.50000	667.55505
207.50000	667.25854
207.50000	666.96204
207.50000	666.66547
207.50000	666.36890
207.50000	666.07239
207.50000	665.77588
207.50000	665.47931
207.50000	665.18274
207.50000	664.88623
207.50000	664.58972
207.50000	664.29321
Andrejs Kirma
https://thenounproject.com/icon/flower-2320553/
