38.89500	27.87900
38.74870	27.97460
38.60001	28.06646
38.44924	28.15485
38.29660	28.23999
38.14231	28.32208
37.98650	28.40126
37.82935	28.47774
37.67094	28.55156
37.51139	28.62292
37.35081	28.69192
37.18928	28.75865
37.02686	28.82319
36.86362	28.88563
36.69964	28.94609
36.53494	29.00458
36.36961	29.06125
36.20365	29.11605
36.03713	29.16916
35.87010	29.22060
35.70256	29.27036
35.53456	29.31855
35.36613	29.36522
35.19730	29.41041
35.02808	29.45415
34.85852	29.49650
34.68862	29.53749
34.51841	29.57716
34.34790	29.61555
34.17711	29.65269
34.00606	29.68857
33.83476	29.72326
33.66324	29.75682
33.49150	29.78927
33.31955	29.82054
33.14740	29.85077
32.97509	29.87998
32.80259	29.90809
32.62994	29.93527
32.45713	29.96140
32.28418	29.98661
32.11109	30.01085
31.93788	30.03419
31.76455	30.05661
31.59111	30.07818
31.41756	30.09883
31.24392	30.11870
31.07017	30.13766
30.89635	30.15585
30.72244	30.17325
30.54845	30.18982
30.37439	30.20566
30.20027	30.22075
30.02608	30.23504
29.85184	30.24865
29.67754	30.26157
29.50318	30.27373
29.32878	30.28520
29.15434	30.29602
28.97986	30.30619
28.80535	30.31567
28.63079	30.32449
28.45621	30.33269
28.28160	30.34022
28.10694	30.34674
27.93226	30.35237
27.75754	30.35704
27.58281	30.36068
27.40805	30.36334
27.23328	30.36499
27.05851	30.36551
26.88373	30.36494
26.70897	30.36325
26.53421	30.36041
26.35948	30.35637
26.18479	30.35109
26.01014	30.34452
25.83554	30.33665
25.66101	30.32743
25.48655	30.31683
25.31219	30.30479
25.13794	30.29128
24.96381	30.27625
24.78983	30.25965
24.61601	30.24140
24.44238	30.22145
24.26895	30.19979
24.09575	30.17634
23.92282	30.15107
23.75018	30.12380
23.57786	30.09460
23.40590	30.06336
23.23435	30.02995
23.06322	29.99442
22.89260	29.95654
22.72251	29.91638
22.55301	29.87375
22.38417	29.82860
22.21604	29.78089
22.04869	29.73050
21.88220	29.67731
21.71666	29.62127
21.55216	29.56223
21.38876	29.50022
21.22659	29.43503
21.06577	29.36663
20.90639	29.29489
20.74858	29.21978
20.59248	29.14118
20.43822	29.05903
20.28594	28.97326
20.13579	28.88381
19.98793	28.79064
19.84250	28.69372
19.69969	28.59297
19.55950	28.48861
19.42212	28.38057
19.28776	28.26880
19.15655	28.15335
19.02863	28.03427
18.90412	27.91163
18.78313	27.78551
18.66573	27.65605
18.55197	27.52337
18.44193	27.38759
18.33561	27.24888
18.23299	27.10741
18.13406	26.96333
18.03873	26.81685
17.94692	26.66813
17.85854	26.51735
17.77341	26.36472
17.69135	26.21041
17.61218	26.05459
17.53568	25.89746
17.46158	25.73916
17.38962	25.57989
17.31949	25.41980
17.25082	25.25908
17.18326	25.09789
17.11642	24.93640
17.04980	24.77482
16.98299	24.61332
16.92044	24.45015
16.86828	24.28337
16.82853	24.11322
16.80368	23.94029
16.79655	23.76575
16.81009	23.59161
16.84687	23.42090
16.90831	23.25746
16.99372	23.10516
17.10164	22.96791
17.22936	22.84884
17.37248	22.74876
17.52690	22.66710
17.68922	22.60250
17.85687	22.55332
18.02800	22.51799
18.20125	22.49524
18.37557	22.48288
18.55029	22.47898
18.72503	22.48212
18.89956	22.49119
19.07375	22.50539
19.24752	22.52407
19.42082	22.54673
19.59361	22.57296
19.76588	22.60245
19.88529	22.57346
19.88217	22.39872
19.88309	22.22395
19.88830	22.04925
19.89797	21.87475
19.91237	21.70057
19.93181	21.52689
19.95666	21.35390
19.98730	21.18183
20.02426	21.01102
20.06816	20.84187
20.11925	20.67474
20.17793	20.51012
20.24462	20.34859
20.31972	20.19080
20.40363	20.03751
20.49668	19.88960
20.59911	19.74803
20.71101	19.61382
20.83228	19.48802
20.96262	19.37164
21.10150	19.26560
21.24818	19.17065
21.40173	19.08726
21.56149	19.01659
21.73019	18.97175
21.90392	18.95404
22.07850	18.95936
22.25151	18.98363
22.42163	19.02345
22.58857	19.07511
22.75225	19.13633
22.91309	19.20471
23.07150	19.27852
23.22786	19.35661
23.38247	19.43809
23.53561	19.52234
23.68745	19.60888
23.83818	19.69735
23.98796	19.78741
24.13691	19.87886
24.28510	19.97150
24.43270	20.06512
24.57973	20.15961
24.72630	20.25481
24.87244	20.35068
25.01823	20.44707
25.16383	20.54374
25.30924	20.64071
25.45448	20.73794
25.59958	20.83536
25.74460	20.93292
25.88955	21.03058
26.03450	21.12823
26.17948	21.22583
26.32447	21.32343
26.46952	21.42094
26.61467	21.51829
26.75995	21.61545
26.90539	21.71237
27.05099	21.80906
27.19675	21.90550
27.34270	22.00164
27.48890	22.09741
27.63533	22.19283
27.78203	22.28784
27.92899	22.38244
28.07625	22.47658
28.22379	22.57026
28.37166	22.66345
28.51986	22.75608
28.66838	22.84822
28.81729	22.93972
28.96654	23.03066
29.11618	23.12096
29.26622	23.21061
29.41662	23.29963
29.56749	23.38786
29.71875	23.47542
29.87045	23.56223
30.02260	23.64822
30.17518	23.73346
30.32826	23.81782
30.48177	23.90137
30.63578	23.98400
30.79029	24.06569
30.94529	24.14644
31.10079	24.22623
31.25681	24.30499
31.41335	24.38271
31.57039	24.45944
31.72791	24.53515
31.88596	24.60977
32.04454	24.68325
32.20367	24.75552
32.36335	24.82658
32.52357	24.89639
32.68435	24.96492
32.84569	25.03213
33.00760	25.09794
33.17010	25.16230
33.33316	25.22520
33.49678	25.28665
33.66099	25.34649
33.82578	25.40473
33.99114	25.46131
34.15708	25.51617
34.32359	25.56929
34.49066	25.62060
34.65830	25.67003
34.82649	25.71756
34.99522	25.76312
35.16449	25.80663
35.33429	25.84806
35.50459	25.88736
35.67538	25.92443
35.84665	25.95925
36.01838	25.99176
36.19054	26.02187
36.36311	26.04953
36.53606	26.07470
36.70937	26.09732
36.88300	26.11728
37.05692	26.13457
37.21539	26.14471
37.06000	26.06470
36.90480	25.98434
36.74973	25.90372
36.59487	25.82271
36.44020	25.74131
36.28571	25.65958
36.13140	25.57751
35.97729	25.49507
35.82335	25.41230
35.66961	25.32919
35.51607	25.24569
35.36272	25.16184
35.20956	25.07765
35.05659	24.99311
34.90384	24.90817
34.75129	24.82287
34.59895	24.73720
34.44682	24.65116
34.29490	24.56475
34.14320	24.47796
33.99173	24.39076
33.84049	24.30316
33.68949	24.21515
33.53871	24.12675
33.38819	24.03794
33.23791	23.94871
33.08788	23.85906
32.93810	23.76898
32.78859	23.67846
32.63935	23.58749
32.49040	23.49607
32.34174	23.40416
32.19337	23.31178
32.04531	23.21892
31.89755	23.12557
31.75011	23.03171
31.60300	22.93735
31.45623	22.84245
31.30980	22.74703
31.16373	22.65106
31.01804	22.55453
30.87269	22.45746
30.72777	22.35977
30.58326	22.26147
30.43917	22.16255
30.29551	22.06300
30.15231	21.96280
30.00959	21.86192
29.86736	21.76035
29.72564	21.65807
29.58444	21.55506
29.44380	21.45130
29.30372	21.34678
29.16425	21.24145
29.02542	21.13528
28.88714	21.02838
28.74955	20.92061
28.61271	20.81188
28.47666	20.70217
28.34144	20.59143
28.20709	20.47965
28.07364	20.36680
27.94112	20.25283
27.80961	20.13772
27.67913	20.02143
27.54978	19.90391
27.42156	19.78513
27.29460	19.66502
27.16891	19.54357
27.04463	19.42069
26.92181	19.29634
26.80056	19.17047
26.68101	19.04298
26.56324	18.91384
26.44741	18.78297
26.33366	18.65028
26.22216	18.51569
26.11312	18.37910
26.00673	18.24044
25.90325	18.09961
25.80293	17.95649
25.70607	17.81101
25.61310	17.66302
25.52434	17.51248
25.44032	17.35921
25.36153	17.20323
25.28861	17.04440
25.22225	16.88273
25.16286	16.71836
25.10767	16.55253
25.05626	16.38549
25.00919	16.21718
24.96707	16.04756
24.93076	15.87661
24.90127	15.70436
24.87998	15.53090
24.86864	15.35652
24.86964	15.18180
24.88656	15.00793
24.92136	14.83674
24.97594	14.67083
25.05211	14.51369
25.14998	14.36907
25.26774	14.24013
25.40354	14.13037
25.55389	14.04155
25.71462	13.97320
25.88211	13.92356
26.05355	13.88984
26.22720	13.87037
26.40176	13.86235
26.57652	13.86336
26.75110	13.87158
26.92529	13.88566
27.09904	13.90456
27.27237	13.92702
27.44531	13.95228
27.61794	13.97955
27.79036	14.00811
27.96268	14.03739
28.13496	14.06676
28.30731	14.09578
28.47980	14.12390
28.65254	14.15059
28.82553	14.17547
28.99886	14.19791
29.17254	14.21739
29.34660	14.23322
29.52098	14.24488
29.69560	14.25198
29.87036	14.25313
30.04500	14.24672
30.21903	14.23087
30.39159	14.20342
30.56134	14.16203
30.72624	14.10437
30.88359	14.02852
31.03055	13.93409
31.17120	13.83037
31.30738	13.72083
31.43890	13.60575
31.56565	13.48543
31.68753	13.36019
31.80458	13.23040
31.91689	13.09650
32.02459	12.95887
32.12793	12.81791
32.22719	12.67407
32.32276	12.52775
32.41505	12.37933
32.50459	12.22923
32.59193	12.07784
32.67773	11.92557
32.76278	11.77290
32.84792	11.62025
32.93409	11.46820
33.02258	11.31749
33.11476	11.16901
33.21210	11.02385
33.31519	10.88274
33.42508	10.74686
33.54287	10.61778
33.66963	10.49751
33.80612	10.38845
33.95260	10.29326
34.10854	10.21455
34.27248	10.15424
34.44228	10.11326
34.61557	10.09121
34.79023	10.08668
34.96461	10.09765
35.13754	10.12253
35.30447	10.17349
35.46095	10.25097
35.60575	10.34867
35.73898	10.46166
35.86114	10.58657
35.97318	10.72068
36.07765	10.86077
36.17598	11.00525
36.26917	11.15310
36.35794	11.30366
36.44287	11.45640
36.52438	11.61100
36.60284	11.76717
36.67820	11.92487
36.75102	12.08375
36.82167	12.24360
36.89039	12.40430
36.95734	12.56575
37.02265	12.72786
37.08647	12.89057
37.14890	13.05381
37.21005	13.21755
37.26997	13.38173
37.32875	13.54632
37.38647	13.71129
37.44313	13.87663
37.49892	14.04226
37.55371	14.20822
37.60764	14.37446
37.66078	14.54097
37.71308	14.70774
37.76457	14.87476
37.81536	15.04199
37.86544	15.20944
37.91478	15.37710
37.96343	15.54497
38.01144	15.71303
38.05882	15.88125
38.10559	16.04966
38.15168	16.21824
38.19719	16.38700
38.24212	16.55590
38.28648	16.72495
38.33028	16.89414
38.37352	17.06350
38.41616	17.23298
38.45827	17.40261
38.49985	17.57237
38.54090	17.74226
38.58142	17.91227
38.62144	18.08240
38.66091	18.25266
38.69984	18.42305
38.73825	18.59355
38.77615	18.76417
38.81354	18.93490
38.85042	19.10574
38.88678	19.27669
38.92264	19.44774
38.95792	19.61892
38.99269	19.79021
39.02694	19.96160
39.06065	20.13309
39.07720	20.09971
39.08209	19.92499
39.08675	19.75028
39.09126	19.57556
39.09553	19.40084
39.09966	19.22611
39.10352	19.05137
39.10724	18.87664
39.11067	18.70189
39.11396	18.52715
39.11696	18.35240
39.11980	18.17765
39.12241	18.00289
39.12474	17.82813
39.12683	17.65337
39.12866	17.47860
39.13023	17.30383
39.13153	17.12906
39.13256	16.95429
39.13330	16.77952
39.13375	16.60473
39.13389	16.42996
39.13372	16.25519
39.13324	16.08041
39.13241	15.90563
39.13125	15.73086
39.12973	15.55610
39.12783	15.38134
39.12555	15.20657
39.12287	15.03181
39.11978	14.85707
39.11625	14.68233
39.11227	14.50759
39.10783	14.33287
39.10287	14.15817
39.09739	13.98347
39.09137	13.80880
39.08477	13.63416
39.07759	13.45953
39.06978	13.28492
39.06131	13.11035
39.05215	12.93582
39.04224	12.76133
39.03146	12.58688
39.01991	12.41248
39.00742	12.23816
38.99394	12.06391
38.97941	11.88973
38.96375	11.71566
38.94683	11.54171
38.92859	11.36789
38.90886	11.19423
38.88746	11.02077
38.86427	10.84754
38.83904	10.67460
38.81152	10.50200
38.78139	10.32984
38.74884	10.15812
38.71841	9.98603
38.69142	9.81335
38.66810	9.64013
38.64876	9.46644
38.63375	9.29232
38.62345	9.11785
38.61824	8.94316
38.61869	8.76839
38.62529	8.59374
38.63868	8.41950
38.65955	8.24600
38.68867	8.07368
38.72685	7.90315
38.77509	7.73519
38.83431	7.57079
38.90546	7.41121
38.98942	7.25797
39.08685	7.11296
39.19811	6.97827
39.32304	6.85616
39.46090	6.74889
39.61017	6.65815
39.76844	6.58422
39.93370	6.52760
40.10391	6.48823
40.27715	6.46554
40.45173	6.45868
40.62627	6.46657
40.79968	6.48810
40.97107	6.52217
41.13963	6.56818
41.30477	6.62533
41.46610	6.69251
41.62326	6.76892
41.77596	6.85390
41.92387	6.94695
42.06664	7.04774
42.20379	7.15603
42.33479	7.27170
42.45891	7.39472
42.57519	7.52516
42.66095	7.48846
42.72656	7.32647
42.78717	7.16255
42.84879	6.99899
42.91303	6.83646
42.98056	6.67527
43.05227	6.51588
43.12902	6.35887
43.21190	6.20502
43.30225	6.05543
43.40163	5.91170
43.51197	5.77622
43.63366	5.65087
43.76760	5.53874
43.91377	5.44311
44.07113	5.36737
44.23748	5.31425
44.40965	5.28505
44.58422	5.27936
44.75635	5.30748
44.91780	5.37174
45.06419	5.46623
45.18880	5.58848
45.29412	5.72785
45.38487	5.87714
45.46403	6.03293
45.53473	6.19275
45.59878	6.35536
45.65735	6.52002
45.71130	6.68626
45.76119	6.85375
45.80748	7.02229
45.85052	7.19167
45.89055	7.36181
45.92783	7.53256
45.96258	7.70384
45.99521	7.87554
46.02579	8.04762
46.05453	8.22002
46.08142	8.39271
46.10667	8.56565
46.13035	8.73882
46.15249	8.91218
46.17314	9.08573
46.19240	9.25945
46.21030	9.43331
46.22688	9.60729
46.24217	9.78139
46.25622	9.95560
46.26905	10.12991
46.28068	10.30430
46.29114	10.47876
46.30046	10.65328
46.30864	10.82787
46.31567	11.00250
46.32160	11.17718
46.32644	11.35188
46.33021	11.52662
46.33292	11.70138
46.33453	11.87614
46.33507	12.05092
46.33457	12.22570
46.33305	12.40046
46.33044	12.57522
46.32677	12.74996
46.32210	12.92467
46.31638	13.09935
46.30957	13.27399
46.30176	13.44860
46.29290	13.62314
46.28295	13.79764
46.27200	13.97206
46.25997	14.14644
46.24686	14.32072
46.23275	14.49492
46.21749	14.66902
46.20119	14.84305
46.18384	15.01695
46.16533	15.19074
46.14580	15.36442
46.12510	15.53798
46.10332	15.71139
46.08043	15.88466
46.05636	16.05776
46.03123	16.23073
46.00484	16.40350
45.97738	16.57610
45.94869	16.74850
45.91883	16.92071
45.88779	17.09271
45.85550	17.26447
45.82206	17.43603
45.78727	17.60730
45.75133	17.77834
45.71404	17.94909
45.67552	18.11957
45.63568	18.28974
45.59453	18.45960
45.55207	18.62914
45.50827	18.79835
45.46309	18.96718
45.41653	19.13564
45.36855	19.30369
45.31915	19.47135
45.26832	19.63857
45.21603	19.80535
45.16224	19.97163
45.10693	20.13742
45.05010	20.30269
44.99170	20.46743
44.93179	20.63161
44.87027	20.79519
44.80716	20.95818
44.74246	21.12054
44.67607	21.28222
44.60806	21.44322
44.53837	21.60349
44.46696	21.76301
44.39388	21.92177
44.31900	22.07969
44.24239	22.23678
44.16401	22.39300
44.08379	22.54829
44.00182	22.70264
43.91795	22.85598
43.83225	23.00830
43.74469	23.15954
43.65520	23.30967
43.56385	23.45869
43.47050	23.60645
43.37528	23.75301
43.27806	23.89824
43.17889	24.04215
43.07775	24.18468
42.97458	24.32576
42.86947	24.46539
42.76227	24.60343
42.65312	24.73994
42.54190	24.87475
42.42869	25.00790
42.31344	25.13929
42.19617	25.26887
42.07690	25.39664
41.95560	25.52246
41.83229	25.64632
41.70697	25.76815
41.57969	25.88791
41.45043	26.00553
41.31921	26.12099
41.18607	26.23421
41.05103	26.34516
40.91411	26.45378
40.77533	26.56003
40.63474	26.66384
40.49236	26.76519
40.34822	26.86405
40.20238	26.96036
40.05488	27.05411
39.90574	27.14523
39.77830	27.24400
39.81594	27.41467
39.85357	27.58534
39.89121	27.75602
39.92884	27.92669
39.96639	28.09739
40.00380	28.26811
40.04121	28.43883
40.07862	28.60957
40.11591	28.78032
40.15311	28.95109
40.19032	29.12186
40.22753	29.29263
40.26473	29.46340
40.30174	29.63420
40.33873	29.80502
40.37571	29.97585
40.41270	30.14667
40.44968	30.31748
40.48659	30.48832
40.52334	30.65919
40.56009	30.83006
40.59684	31.00092
40.63359	31.17179
40.67034	31.34267
40.70709	31.51354
40.74359	31.68444
40.78009	31.85537
40.81658	32.02629
40.85308	32.19721
40.88958	32.36813
40.92607	32.53907
40.96257	32.70999
40.99890	32.88096
41.03519	33.05192
41.07150	33.22289
41.10778	33.39385
41.14395	33.56484
41.18011	33.73583
41.21627	33.90684
41.25242	34.07784
41.28844	34.24886
41.32446	34.41988
41.36048	34.59090
41.39649	34.76192
41.43238	34.93297
41.46825	35.10403
41.50412	35.27509
41.54000	35.44615
41.57578	35.61722
41.61150	35.78830
41.64722	35.95939
41.68294	36.13047
41.71865	36.30156
41.75421	36.47268
41.78978	36.64381
41.82534	36.81493
41.86091	36.98605
41.89640	37.15718
41.93180	37.32833
41.96721	37.49948
42.00261	37.67063
42.03801	37.84180
42.07330	38.01296
42.10854	38.18415
42.14377	38.35533
42.17901	38.52652
42.21425	38.69770
42.24935	38.86893
42.28442	39.04015
42.31949	39.21138
42.35456	39.38261
42.38962	39.55383
42.42455	39.72507
42.45944	39.89633
42.49434	40.06758
42.52922	40.23884
42.56412	40.41010
42.59890	40.58139
42.63360	40.75268
42.66831	40.92397
42.70302	41.09527
42.73773	41.26656
42.77237	41.43787
42.80689	41.60920
42.84141	41.78053
42.87594	41.95188
42.91046	42.12321
42.94498	42.29454
42.97931	42.46590
43.01364	42.63727
43.04797	42.80864
43.08229	42.98001
43.11662	43.15139
43.15085	43.32278
43.18498	43.49419
43.21910	43.66560
43.25323	43.83701
43.28736	44.00842
43.32149	44.17983
43.35543	44.35128
43.38935	44.52274
43.42327	44.69419
43.45719	44.86564
43.49112	45.03709
43.52498	45.20856
43.55869	45.38005
43.59239	45.55155
43.62610	45.72304
43.65981	45.89455
43.69352	46.06604
43.72711	46.23756
43.76060	46.40910
43.79408	46.58063
43.82757	46.75217
43.86105	46.92370
43.89454	47.09524
43.92787	47.26682
43.96113	47.43840
43.99438	47.60998
44.02764	47.78156
44.06090	47.95314
44.09415	48.12472
44.11179	48.02955
44.12499	47.85526
44.13844	47.68100
44.15213	47.50676
44.16610	47.33255
44.18035	47.15835
44.19484	46.98419
44.20955	46.81002
44.22452	46.63589
44.23980	46.46179
44.25530	46.28769
44.27100	46.11362
44.28702	45.93959
44.30328	45.76557
44.31974	45.59157
44.33648	45.41760
44.35350	45.24367
44.37071	45.06972
44.38819	44.89582
44.40596	44.72195
44.42390	44.54811
44.44215	44.37429
44.46065	44.20050
44.47931	44.02671
44.49836	43.85298
44.51757	43.67926
44.53702	43.50557
44.55680	43.33192
44.57672	43.15829
44.59700	42.98470
44.61748	42.81112
44.63818	42.63758
44.65922	42.46406
44.68039	42.29057
44.70195	42.11713
44.72369	41.94371
44.74570	41.77033
44.76799	41.59698
44.79045	41.42366
44.81331	41.25038
44.83628	41.07711
44.85966	40.90390
44.88319	40.73072
44.90705	40.55759
44.93114	40.38449
44.95549	40.21141
44.98016	40.03839
45.00499	39.86539
45.03024	39.69244
45.05556	39.51951
45.08139	39.34664
45.10729	39.17380
45.13364	39.00102
45.16011	38.82828
45.18699	38.65558
45.21405	38.48291
45.24146	38.31028
45.26911	38.13772
45.29706	37.96519
45.32530	37.79271
45.35379	37.62027
45.38264	37.44790
45.41169	37.27556
45.44104	37.10324
45.47073	36.93101
45.50072	36.75883
45.53100	36.58670
45.56159	36.41462
45.59247	36.24261
45.62367	36.07064
45.65517	35.89871
45.68698	35.72685
45.71910	35.55505
45.75154	35.38332
45.78429	35.21163
45.81736	35.04002
45.85076	34.86846
45.88447	34.69697
45.91851	34.52554
45.95288	34.35418
45.98758	34.18288
46.02261	34.01165
46.05798	33.84048
46.09369	33.66941
46.12974	33.49838
46.16613	33.32745
46.20287	33.15657
46.23996	32.98576
46.27740	32.81504
46.31520	32.64441
46.35335	32.47385
46.39186	32.30338
46.43074	32.13299
46.46999	31.96267
46.50961	31.79244
46.54959	31.62230
46.58997	31.45224
46.63072	31.28228
46.67185	31.11243
46.71338	30.94265
46.75528	30.77298
46.79759	30.60340
46.84030	30.43390
46.88341	30.26455
46.92692	30.09527
46.97084	29.92611
47.01518	29.75705
47.05993	29.58810
47.10511	29.41926
47.15071	29.25055
47.19675	29.08193
47.24322	28.91344
47.29013	28.74509
47.33835	28.57713
47.42339	28.42544
47.55548	28.31242
47.71875	28.25271
47.89274	28.25213
48.05670	28.31010
48.19127	28.42026
48.27999	28.56979
48.33589	28.73538
48.38921	28.90181
48.44084	29.06880
48.49098	29.23622
48.53982	29.40405
48.58741	29.57222
48.63386	29.74070
48.67921	29.90949
48.72343	30.07858
48.76669	30.24791
48.80885	30.41753
48.85004	30.58737
48.89031	30.75746
48.92951	30.92778
48.96777	31.09831
49.00512	31.26905
49.04154	31.43999
49.07703	31.61112
49.11156	31.78245
49.14515	31.95396
49.17783	32.12568
49.20957	32.29754
49.24041	32.46958
49.27031	32.64177
49.29929	32.81413
49.32734	32.98663
49.35447	33.15928
49.38068	33.33208
49.40596	33.50503
49.43032	33.67811
49.45374	33.85130
49.47621	34.02462
49.49772	34.19807
49.51830	34.37162
49.53794	34.54530
49.55666	34.71908
49.57436	34.89294
49.59110	35.06692
49.60691	35.24097
49.62172	35.41512
49.63553	35.58934
49.64839	35.76365
49.66025	35.93802
49.67108	36.11246
49.68095	36.28696
49.68976	36.46152
49.69756	36.63612
49.70439	36.81076
49.71009	36.98544
49.71483	37.16015
49.71846	37.33488
49.72107	37.50966
49.72262	37.68443
49.72306	37.85919
49.72248	38.03396
49.72073	38.20874
49.71798	38.38349
49.71401	38.55821
49.70904	38.73291
49.70284	38.90759
49.69561	39.08221
49.68713	39.25678
49.67762	39.43131
49.66683	39.60574
49.65499	39.78012
49.64186	39.95440
49.62764	40.12860
49.61215	40.30268
49.59552	40.47667
49.57764	40.65053
49.55854	40.82424
49.53824	40.99784
49.51665	41.17127
49.49389	41.34456
49.46975	41.51768
49.44446	41.69060
49.41781	41.86333
49.38991	42.03587
49.36074	42.20818
49.33020	42.38027
49.29846	42.55214
49.26532	42.72374
49.23085	42.89509
49.19505	43.06616
49.15791	43.23695
49.11941	43.40742
49.07953	43.57758
49.03829	43.74743
48.99568	43.91693
48.95170	44.08607
48.90628	44.25485
48.85949	44.42325
48.81130	44.59124
48.76169	44.75883
48.71064	44.92599
48.65818	45.09270
48.60432	45.25896
48.54897	45.42476
48.49219	45.59006
48.43399	45.75486
48.37432	45.91912
48.31319	46.08286
48.25062	46.24606
48.18658	46.40866
48.12107	46.57069
48.05410	46.73215
47.98564	46.89295
47.91573	47.05313
47.84437	47.21267
47.77148	47.37152
47.69716	47.52971
47.62135	47.68719
47.54407	47.84394
47.46534	47.99999
47.38510	48.15526
47.30342	48.30978
47.22028	48.46350
47.13566	48.61642
47.04961	48.76854
46.96207	48.91982
46.87314	49.07027
46.78269	49.21984
46.69087	49.36855
46.59756	49.51634
46.50288	49.66324
46.40675	49.80920
46.30924	49.95424
46.21029	50.09832
46.10998	50.24146
46.00826	50.38358
45.90522	50.52473
45.80075	50.66486
45.69499	50.80399
45.58785	50.94207
45.47939	51.07913
45.36962	51.21513
45.25852	51.35007
45.14619	51.48394
45.03251	51.61669
44.91760	51.74839
44.81080	51.88159
44.84296	52.05338
44.87511	52.22517
44.90727	52.39696
44.93943	52.56877
44.97158	52.74056
45.00357	52.91238
45.03548	53.08422
45.06740	53.25605
45.09932	53.42789
45.13124	53.59972
45.16307	53.77157
45.19474	53.94347
45.22642	54.11535
45.25809	54.28723
45.28976	54.45911
45.32144	54.63099
45.35286	54.80293
45.38429	54.97485
45.41571	55.14679
45.44714	55.31872
45.47856	55.49064
45.50982	55.66259
45.54099	55.83456
45.57215	56.00653
45.60331	56.17850
45.63447	56.35048
45.66559	56.52249
45.69648	56.69451
45.72737	56.86653
45.75826	57.03856
45.78915	57.21058
45.82005	57.38260
45.85074	57.55466
45.88135	57.72673
45.91196	57.89882
45.94258	58.07089
45.97319	58.24297
46.00372	58.41504
46.03404	58.58717
46.06436	58.75929
46.09468	58.93142
46.12500	59.10354
46.15532	59.27568
46.18541	59.44785
46.21542	59.62003
46.24544	59.79221
46.27546	59.96438
46.30548	60.13656
46.33539	60.30875
46.36510	60.48100
46.39481	60.65323
46.42451	60.82546
46.45422	60.99769
46.48393	61.16993
46.51336	61.34221
46.54274	61.51449
46.57212	61.68678
46.60150	61.85908
46.63089	62.03137
46.66013	62.20367
46.68917	62.37601
46.71822	62.54836
46.74726	62.72070
46.77630	62.89304
46.80534	63.06539
46.83406	63.23780
46.86275	63.41021
46.89144	63.58261
46.92013	63.75501
46.94883	63.92741
46.97733	64.09985
47.00566	64.27231
47.03398	64.44477
47.06231	64.61725
47.09063	64.78971
47.11893	64.96219
47.14688	65.13471
47.17482	65.30724
47.20276	65.47977
47.23071	65.65229
47.25866	65.82483
47.28640	65.99739
47.31405	66.16997
47.34170	66.34254
47.36914	66.51514
47.39659	66.68774
47.42397	66.86037
47.45121	67.03300
47.47845	67.20566
47.50556	67.37832
47.53258	67.55099
47.55960	67.72367
47.58642	67.89636
47.61323	68.06907
47.63998	68.24178
47.66656	68.41452
47.69315	68.58728
47.71960	68.76004
47.74596	68.93282
47.77231	69.10559
47.79845	69.27840
47.82457	69.45121
47.85062	69.62404
47.87651	69.79688
47.90240	69.96975
47.92812	70.14262
47.95376	70.31550
47.97939	70.48839
48.00478	70.66131
48.03017	70.83423
48.05545	71.00716
48.08059	71.18013
48.10573	71.35309
48.13065	71.52608
48.15553	71.69908
48.18033	71.87209
48.20494	72.04512
48.22955	72.21815
48.25396	72.39121
48.27830	72.56429
48.30259	72.73737
48.32664	72.91048
48.35070	73.08359
48.37458	73.25673
48.39834	73.42989
48.42209	73.60303
48.44555	73.77622
48.46902	73.94943
48.49232	74.12265
48.51548	74.29588
48.53864	74.46911
48.56149	74.64238
48.58433	74.81566
48.60701	74.98896
48.62954	75.16228
48.65205	75.33561
48.67424	75.50896
48.69643	75.68233
48.71843	75.85570
48.74029	76.02911
48.76210	76.20251
48.78360	76.37596
48.80510	76.54942
48.82635	76.72290
48.84750	76.89639
48.86854	77.06990
48.88931	77.24343
48.91008	77.41697
48.93052	77.59054
48.95091	77.76412
48.97110	77.93774
48.99110	78.11137
49.01103	78.28500
49.03063	78.45867
49.05022	78.63235
49.06947	78.80605
49.08865	78.97977
49.10761	79.15352
49.12636	79.32730
49.14502	79.50107
49.16332	79.67488
49.18162	79.84869
49.19950	80.02255
49.21734	80.19641
49.23487	80.37030
49.25224	80.54421
49.28824	80.56770
49.34750	80.40327
49.40676	80.23885
49.46602	80.07443
49.52541	79.91006
49.58496	79.74574
49.64451	79.58142
49.70407	79.41709
49.76371	79.25282
49.82351	79.08858
49.88330	78.92436
49.94310	78.76014
50.00294	78.59592
50.06294	78.43177
50.12294	78.26762
50.18295	78.10345
50.24295	77.93931
50.30317	77.77524
50.36340	77.61117
50.42362	77.44710
50.48385	77.28303
50.54408	77.11896
50.60430	76.95489
50.66453	76.79080
50.72475	76.62673
50.78505	76.46269
50.84545	76.29869
50.90585	76.13468
50.96625	75.97067
51.02665	75.80667
51.08705	75.64266
51.14745	75.47865
51.20785	75.31464
51.26825	75.15063
51.32867	74.98663
51.38911	74.82264
51.44954	74.65865
51.50998	74.49466
51.57042	74.33065
51.63086	74.16666
51.69129	74.00266
51.75173	73.83868
51.81216	73.67468
51.87256	73.51067
51.93290	73.34663
51.99324	73.18261
52.05359	73.01857
52.11394	72.85455
52.17428	72.69051
52.23462	72.52649
52.29497	72.36246
52.35531	72.19843
52.41561	72.03440
52.47581	71.87032
52.53601	71.70623
52.59621	71.54215
52.65641	71.37807
52.71653	71.21397
52.77659	71.04984
52.83665	70.88570
52.89672	70.72158
52.95678	70.55745
53.01671	70.39324
53.07661	70.22906
53.13651	70.06487
53.19641	69.90067
53.25629	69.73649
53.31599	69.57223
53.37570	69.40797
53.43541	69.24369
53.49511	69.07943
53.55476	68.91515
53.61425	68.75082
53.67373	68.58647
53.73321	68.42213
53.79270	68.25780
53.85208	68.09341
53.91132	67.92897
53.97055	67.76454
54.02979	67.60011
54.08902	67.43568
54.14811	67.27119
54.20707	67.10667
54.26602	66.94214
54.32498	66.77760
54.38395	66.61306
54.44271	66.44846
54.50136	66.28383
54.56002	66.11919
54.61867	65.95455
54.67733	65.78991
54.73574	65.62518
54.79407	65.46043
54.85240	65.29565
54.91072	65.13090
54.96904	64.96615
55.02709	64.80129
55.08506	64.63641
55.14302	64.47153
55.20099	64.30665
55.25896	64.14175
55.31662	63.97676
55.37419	63.81174
55.43177	63.64672
55.48935	63.48171
55.54692	63.31669
55.60425	63.15159
55.66152	62.98647
55.71873	62.82130
55.77579	62.65610
55.83284	62.49090
55.88972	62.32564
55.94656	62.16037
56.00332	61.99507
56.05993	61.82972
56.11652	61.66436
56.17295	61.49893
56.22932	61.33349
56.28563	61.16804
56.34175	61.00252
56.39787	60.83700
56.45381	60.67143
56.50968	60.50583
56.56550	60.34021
56.62112	60.17450
56.67673	60.00881
56.73217	59.84305
56.78751	59.67728
56.84283	59.51146
56.89790	59.34558
56.95297	59.17971
57.00786	59.01380
57.06265	58.84784
57.11742	58.68187
57.17192	58.51581
57.22642	58.34975
57.28076	58.18362
57.33496	58.01746
57.38915	57.85131
57.44305	57.68505
57.49694	57.51880
57.55068	57.35250
57.60427	57.18615
57.65786	57.01976
57.71114	56.85330
57.76440	56.68684
57.81752	56.52034
57.87045	56.35378
57.92337	56.18721
57.97600	56.02054
58.02859	55.85387
58.06379	55.68967
57.97612	55.53883
57.89535	55.38382
57.81569	55.22826
57.73688	55.07226
57.65893	54.91583
57.58169	54.75907
57.50510	54.60195
57.42918	54.44450
57.35389	54.28678
57.27918	54.12877
57.20512	53.97046
57.13159	53.81191
57.05867	53.65308
56.98629	53.49398
56.91444	53.33467
56.84316	53.17510
56.77246	53.01528
56.70227	52.85521
56.63260	52.69491
56.56347	52.53439
56.49487	52.37364
56.42680	52.21267
56.35926	52.05142
56.29229	51.89000
56.22585	51.72837
56.15993	51.56649
56.09455	51.40440
56.02970	51.24210
55.96539	51.07959
55.90162	50.91688
55.83838	50.75393
55.77570	50.59079
55.71360	50.42743
55.65205	50.26386
55.59104	50.10007
55.53059	49.93608
55.47071	49.77189
55.41138	49.60748
55.35260	49.44286
55.29440	49.27807
55.23677	49.11308
55.17974	48.94788
55.12334	48.78242
55.06755	48.61680
55.01233	48.45098
54.95770	48.28497
54.90363	48.11877
54.85024	47.95236
54.79750	47.78572
54.74540	47.61890
54.69390	47.45187
54.64309	47.28466
54.59292	47.11724
54.54337	46.94960
54.49454	46.78179
54.44637	46.61380
54.39885	46.44561
54.35206	46.27721
54.30593	46.10862
54.26052	45.93986
54.21583	45.77089
54.17182	45.60173
54.12861	45.43240
54.08608	45.26287
54.04433	45.09316
54.00334	44.92328
53.96308	44.75320
53.92364	44.58292
53.88494	44.41250
53.84709	44.24184
53.81001	44.07106
53.77377	43.90007
53.73835	43.72891
53.70377	43.55759
53.67007	43.38611
53.63719	43.21444
53.60525	43.04261
53.57413	42.87064
53.54400	42.69849
53.51471	42.52617
53.48641	42.35372
53.45902	42.18109
53.43261	42.00833
53.40717	41.83542
53.38271	41.66235
53.35927	41.48915
53.33682	41.31581
53.31547	41.14235
53.29509	40.96879
53.27587	40.79507
53.25765	40.62124
53.24063	40.44731
53.22466	40.27324
53.20989	40.09912
53.19623	39.92488
53.18378	39.75055
53.17252	39.57612
53.16248	39.40165
53.15370	39.22710
53.14612	39.05247
53.13992	38.87778
53.13490	38.70309
53.13135	38.52836
53.12903	38.35358
53.12818	38.17881
53.12865	38.00406
53.13057	37.82929
53.13394	37.65454
53.13874	37.47985
53.14510	37.30517
53.15287	37.13057
53.16233	36.95605
53.17324	36.78162
53.18583	36.60732
53.20000	36.43311
53.21578	36.25903
53.23328	36.08514
53.25248	35.91141
53.27343	35.73790
53.29613	35.56461
53.32063	35.39154
53.34692	35.21878
53.37506	35.04629
53.40508	34.87410
53.43701	34.70226
53.47086	34.53082
53.50781	34.36002
53.58341	34.20340
53.70768	34.08182
53.86651	34.01091
54.03961	33.99524
54.20700	34.04220
54.34840	34.14355
54.47160	34.26749
54.59052	34.39557
54.70624	34.52655
54.81916	34.65992
54.92960	34.79539
55.03769	34.93272
55.14364	35.07171
55.24752	35.21225
55.34937	35.35429
55.44933	35.49768
55.54743	35.64232
55.64367	35.78819
55.73819	35.93521
55.83097	36.08337
55.92206	36.23251
56.01150	36.38268
56.09931	36.53378
56.18552	36.68580
56.27016	36.83873
56.35324	36.99247
56.43481	37.14704
56.51490	37.30239
56.59349	37.45849
56.67062	37.61534
56.74633	37.77287
56.82058	37.93107
56.89345	38.08994
56.96492	38.24942
57.03501	38.40952
57.10378	38.57024
57.17118	38.73148
57.23722	38.89329
57.30199	39.05563
57.36545	39.21847
57.42764	39.38181
57.48855	39.54562
57.54819	39.70992
57.60657	39.87466
57.66372	40.03982
57.71966	40.20539
57.77439	40.37139
57.82793	40.53775
57.88027	40.70450
57.93143	40.87161
57.98143	41.03911
58.03028	41.20692
58.07798	41.37506
58.12456	41.54353
58.17003	41.71226
58.21440	41.88130
58.25763	42.05067
58.29978	42.22027
58.34087	42.39014
58.38091	42.56028
58.41983	42.73065
58.45774	42.90128
58.49464	43.07210
58.53044	43.24316
58.56527	43.41445
58.59909	43.58591
58.63189	43.75762
58.66375	43.92945
58.69454	44.10151
58.72441	44.27369
58.75329	44.44608
58.78123	44.61859
58.80822	44.79128
58.83426	44.96410
58.85939	45.13706
58.88358	45.31014
58.90686	45.48336
58.92924	45.65671
58.95070	45.83016
58.97132	46.00370
58.99099	46.17735
59.00986	46.35114
59.02780	46.52501
59.04491	46.69893
59.06119	46.87294
59.07657	47.04705
59.09118	47.22121
59.10492	47.39542
59.11783	47.56974
59.12998	47.74408
59.14128	47.91850
59.15177	48.09294
59.16151	48.26745
59.17045	48.44200
59.17857	48.61659
59.18597	48.79119
59.19263	48.96586
59.19845	49.14055
59.20354	49.31526
59.20793	49.48996
59.21159	49.66471
59.21445	49.83947
59.21659	50.01423
59.21805	50.18898
59.21881	50.36376
59.21885	50.53855
59.21814	50.71331
59.21676	50.88808
59.21471	51.06283
59.21199	51.23759
59.20861	51.41234
59.20449	51.58705
59.19971	51.76180
59.19428	51.93647
59.21714	51.93161
59.26598	51.76380
59.31468	51.59598
59.36312	51.42805
59.41154	51.26009
59.45958	51.09205
59.50763	50.92401
59.55531	50.75587
59.60295	50.58771
59.65030	50.41948
59.69752	50.25121
59.74453	50.08288
59.79133	49.91449
59.83799	49.74606
59.88436	49.57752
59.93068	49.40899
59.97660	49.24036
60.02252	49.07172
60.06802	48.90297
60.11349	48.73421
60.15862	48.56537
60.20361	48.39649
60.24836	48.22753
60.29289	48.05852
60.33724	47.88949
60.38129	47.72035
60.42524	47.55119
60.46879	47.38193
60.51233	47.21265
60.55539	47.04323
60.59844	46.87384
60.64104	46.70436
60.68358	46.53484
60.72574	46.36523
60.76775	46.19558
60.80947	46.02586
60.85094	45.85608
60.89219	45.68625
60.93312	45.51633
60.97390	45.34636
61.01427	45.17632
61.05456	45.00626
61.09436	44.83608
61.13416	44.66589
61.17352	44.49561
61.21261	44.32523
61.25142	44.15482
61.28995	43.98433
61.32818	43.81380
61.36613	43.64319
61.40379	43.47253
61.44114	43.30180
61.47820	43.13098
61.51495	42.96013
61.55141	42.78919
61.58754	42.61820
61.62336	42.44715
61.65887	42.27599
61.69405	42.10482
61.72892	41.93355
61.76345	41.76218
61.79764	41.59080
61.83150	41.41933
61.86501	41.24780
61.89817	41.07621
61.93098	40.90454
61.96344	40.73279
61.99554	40.56099
62.02728	40.38913
62.05864	40.21719
62.08963	40.04519
62.12024	39.87311
62.15046	39.70098
62.18030	39.52875
62.20974	39.35650
62.23878	39.18416
62.26743	39.01171
62.29567	38.83922
62.32349	38.66668
62.35088	38.49407
62.37786	38.32140
62.40441	38.14863
62.43051	37.97583
62.45618	37.80293
62.48139	37.63000
62.50614	37.45699
62.53043	37.28391
62.55426	37.11078
62.57761	36.93755
62.60048	36.76429
62.62285	36.59097
62.64474	36.41752
62.66613	36.24407
62.68700	36.07055
62.70736	35.89694
62.72720	35.72329
62.74650	35.54960
62.76526	35.37584
62.78349	35.20201
62.80115	35.02814
62.81824	34.85422
62.83478	34.68021
62.85073	34.50618
62.86610	34.33207
62.88087	34.15794
62.89504	33.98373
62.90857	33.80947
62.92146	33.63514
62.93371	33.46082
62.94532	33.28641
62.95627	33.11197
62.96657	32.93753
62.97619	32.76300
62.98513	32.58846
62.99337	32.41388
63.00091	32.23927
63.00770	32.06464
63.01373	31.88997
63.01901	31.71526
63.02355	31.54056
63.02732	31.36582
63.03032	31.19108
63.03253	31.01627
63.03395	30.84150
63.03446	30.66673
63.03413	30.49196
63.03296	30.31721
63.03094	30.14243
63.02805	29.96767
62.89039	29.90175
62.72088	29.85918
62.55221	29.81344
62.38437	29.76474
62.21735	29.71328
62.05117	29.65917
61.88578	29.60262
61.72125	29.54371
61.55751	29.48258
61.39456	29.41934
61.23240	29.35409
61.07106	29.28693
60.91049	29.21791
60.75069	29.14716
60.59161	29.07474
60.43330	29.00066
60.27572	28.92509
60.11888	28.84798
59.96275	28.76946
59.80729	28.68957
59.65255	28.60831
59.49851	28.52579
59.34510	28.44202
59.19237	28.35706
59.04025	28.27092
58.88884	28.18368
58.73802	28.09533
58.58785	28.00594
58.43830	27.91551
58.28934	27.82409
58.14098	27.73170
57.99321	27.63838
57.84600	27.54416
57.69935	27.44905
57.55330	27.35309
57.40780	27.25626
57.26284	27.15864
57.11839	27.06023
56.97451	26.96102
56.83113	26.86105
56.68823	26.76037
56.54593	26.65895
56.40407	26.55686
56.26273	26.45405
56.12186	26.35059
55.98148	26.24648
55.84158	26.14172
55.70214	26.03636
55.56316	25.93036
55.42466	25.82377
55.28658	25.71661
55.14899	25.60886
55.01178	25.50059
54.87506	25.39171
54.73875	25.28235
54.60282	25.17241
54.46737	25.06198
54.33229	24.95106
54.19765	24.83964
54.06343	24.72769
53.92978	24.61510
53.79671	24.50176
53.66432	24.38769
53.53252	24.27288
53.40140	24.15733
53.27101	24.04096
53.14130	23.92380
53.01233	23.80585
52.88411	23.68708
52.75673	23.56742
52.63015	23.44689
52.50442	23.32548
52.37957	23.20316
52.25565	23.07993
52.13267	22.95574
52.01067	22.83057
51.88972	22.70441
51.76986	22.57724
51.65108	22.44901
51.53347	22.31973
51.41709	22.18938
51.30193	22.05789
51.18807	21.92527
51.07564	21.79147
50.96463	21.65648
50.85508	21.52031
50.74709	21.38285
50.64077	21.24413
50.53611	21.10419
50.43330	20.96285
50.33228	20.82022
50.23330	20.67619
50.13631	20.53080
50.04147	20.38399
49.94891	20.23574
49.85868	20.08605
49.77092	19.93493
49.68573	19.78231
49.60327	19.62822
49.52365	19.47265
49.44701	19.31558
49.37349	19.15703
49.30318	18.99697
49.23627	18.83552
49.17288	18.67266
49.11323	18.50840
49.05737	18.34278
49.00550	18.17587
48.95771	18.00778
48.91425	17.83849
48.87514	17.66817
48.84063	17.49684
48.81095	17.32459
48.78598	17.15162
48.76583	16.97803
48.75055	16.80392
48.74018	16.62947
48.73473	16.45474
48.73420	16.27999
48.73852	16.10528
48.74771	15.93075
48.76162	15.75653
48.78015	15.58274
48.80320	15.40949
48.83054	15.23689
48.86203	15.06497
48.89748	14.89384
48.93663	14.72351
48.97922	14.55399
49.02500	14.38533
49.07375	14.21750
49.12501	14.05041
49.17865	13.88407
49.23418	13.71834
49.29134	13.55318
49.34973	13.38844
49.40883	13.22397
49.46832	13.05962
49.52765	12.89522
49.58939	12.73174
49.66068	12.57218
49.74311	12.41814
49.83811	12.27150
49.94699	12.13489
50.07074	12.01163
50.20952	11.90564
50.36219	11.82088
50.52604	11.76062
50.69735	11.72669
50.87180	11.71931
51.04557	11.73663
51.21580	11.77576
51.38067	11.83352
51.53922	11.90688
51.69106	11.99338
51.83585	12.09122
51.97428	12.19787
52.10717	12.31136
52.23521	12.43028
52.35900	12.55368
52.47894	12.68080
52.59544	12.81104
52.70885	12.94402
52.81940	13.07938
52.92734	13.21688
53.03358	13.33187
53.14844	13.20014
53.26643	13.07121
53.38755	12.94522
53.51188	12.82242
53.63942	12.70291
53.77031	12.58711
53.90462	12.47530
54.04250	12.36792
54.18404	12.26539
54.32981	12.16900
54.47950	12.07878
54.63306	11.99536
54.79047	11.91943
54.95159	11.85174
55.11620	11.79310
55.28401	11.74435
55.45458	11.70638
55.62733	11.68001
55.80149	11.66595
55.97622	11.66477
56.15052	11.67687
56.32341	11.70230
56.49381	11.74088
56.66077	11.79238
56.81841	11.86733
56.96199	11.96671
57.09089	12.08453
57.20582	12.21612
57.30793	12.35788
57.39840	12.50742
57.47925	12.66235
57.55296	12.82080
57.62109	12.98174
57.68471	13.14454
57.74469	13.30868
57.80164	13.47390
57.85608	13.64000
57.90833	13.80676
57.95873	13.97411
58.00762	14.14191
58.05516	14.31009
58.10147	14.47862
58.14685	14.64740
58.19126	14.81645
58.23497	14.98569
58.27796	15.15510
58.32041	15.32465
58.36251	15.49428
58.40425	15.66399
58.44576	15.83377
58.48725	16.00355
58.52853	16.17338
58.56980	16.34321
58.61115	16.51301
58.65252	16.68281
58.69395	16.85261
58.73558	17.02235
58.77747	17.19205
58.81960	17.36166
58.86199	17.53120
58.90468	17.70073
58.94779	17.87011
58.99129	18.03938
59.03517	18.20855
59.07942	18.37762
59.12426	18.54655
59.16955	18.71534
59.21544	18.88398
59.26186	19.05248
59.30889	19.22080
59.35653	19.38898
59.40479	19.55694
59.45377	19.72474
59.50337	19.89230
59.55377	20.05967
59.60489	20.22684
59.65674	20.39374
59.70944	20.56038
59.76290	20.72676
59.81725	20.89288
59.87246	21.05870
59.92851	21.22425
59.98557	21.38943
60.04352	21.55431
60.10240	21.71887
60.16237	21.88304
60.22330	22.04686
60.28525	22.21027
60.34835	22.37326
60.41240	22.53589
60.47759	22.69805
60.54395	22.85975
60.61147	23.02096
60.68019	23.18167
60.75013	23.34184
60.82130	23.50144
60.89381	23.66048
60.96765	23.81889
61.04284	23.97666
61.11938	24.13377
61.19733	24.29021
61.27671	24.44591
61.35761	24.60084
61.44002	24.75496
61.52394	24.90825
61.60942	25.06070
61.69651	25.21226
61.78519	25.36288
61.87557	25.51246
61.96766	25.66102
62.06144	25.80849
62.15690	25.95489
62.25420	26.10005
62.35330	26.24403
62.45423	26.38672
62.55703	26.52806
62.66169	26.66802
62.76826	26.80655
62.87677	26.94355
62.98724	27.07900
63.09964	27.21280
63.21405	27.34494
63.33051	27.47532
63.44892	27.60383
63.41799	27.48858
63.35725	27.32470
63.29684	27.16071
63.23682	26.99656
63.17722	26.83225
63.11792	26.66783
63.05897	26.50330
63.00052	26.33862
62.94233	26.17380
62.88451	26.00887
62.82718	25.84377
62.77005	25.67858
62.71342	25.51325
62.65716	25.34776
62.60128	25.18215
62.54583	25.01641
62.49079	24.85051
62.43616	24.68451
62.38193	24.51837
62.32811	24.35206
62.27473	24.18564
62.22177	24.01910
62.16926	23.85239
62.11723	23.68555
62.06564	23.51854
62.01452	23.35143
61.96386	23.18415
61.91369	23.01673
61.86400	22.84916
61.81482	22.68144
61.76614	22.51356
61.71799	22.34556
61.67038	22.17740
61.62330	22.00909
61.57681	21.84061
61.53090	21.67198
61.48557	21.50316
61.44085	21.33422
61.39675	21.16510
61.35328	20.99582
61.31045	20.82638
61.26830	20.65678
61.22683	20.48697
61.18607	20.31704
61.14602	20.14687
61.10673	19.97657
61.06821	19.80610
61.03049	19.63543
60.99359	19.46461
60.95753	19.29360
60.92237	19.12241
60.88813	18.95101
60.85484	18.77945
60.82252	18.60767
60.79121	18.43574
60.76094	18.26360
60.73169	18.09129
60.70359	17.91879
60.67680	17.74609
60.65121	17.57321
60.62695	17.40008
60.60410	17.22682
60.58261	17.05336
60.56261	16.87976
60.54420	16.70596
60.52737	16.53199
60.51218	16.35789
60.49882	16.18360
60.48725	16.00922
60.47767	15.83471
60.47013	15.66011
60.46474	15.48542
60.46165	15.31068
60.46097	15.13589
60.46284	14.96113
60.46743	14.78638
60.47492	14.61179
60.48551	14.43732
60.49942	14.26310
60.51687	14.08921
60.53813	13.91575
60.56348	13.74282
60.59332	13.57062
60.62791	13.39931
60.66772	13.22914
60.71315	13.06039
60.76471	12.89340
60.82292	12.72863
60.88831	12.56655
60.95859	12.40654
61.03241	12.24811
61.11018	12.09158
61.19238	11.93734
61.27963	11.78591
61.37266	11.63797
61.47235	11.49444
61.57984	11.35666
61.69651	11.22663
61.82383	11.10696
61.96200	11.00006
62.11143	10.90965
62.27140	10.83961
62.43975	10.79321
62.61303	10.77178
62.78759	10.77633
62.95955	10.80659
63.12598	10.85970
63.28491	10.93220
63.43595	11.02004
63.57918	11.12007
63.71519	11.22981
63.84507	11.34672
63.96984	11.46911
64.09028	11.59574
64.20702	11.72579
64.32050	11.85871
64.43159	11.99364
64.54102	12.12992
64.64933	12.26711
64.75707	12.40469
64.86468	12.54241
64.97247	12.68000
65.08090	12.81712
65.19022	12.95346
65.30099	13.08865
65.41340	13.22247
65.52792	13.35452
65.64490	13.48437
65.76521	13.61112
65.88863	13.73487
66.01602	13.85452
66.14829	13.96873
66.28635	14.07586
66.43108	14.17378
66.58306	14.25997
66.74252	14.33130
66.90887	14.38458
67.08049	14.41711
67.25410	14.43722
67.42840	14.44993
67.60307	14.45526
67.77782	14.45341
67.95235	14.44448
68.12643	14.42884
68.29978	14.40679
68.47229	14.37874
68.64381	14.34517
68.81424	14.30657
68.98365	14.26354
69.15201	14.21665
69.31943	14.16655
69.48608	14.11390
69.65216	14.05943
69.81793	14.00396
69.98367	13.94855
70.14974	13.89407
70.31658	13.84194
70.48458	13.79381
70.65411	13.75140
70.82516	13.71553
70.99767	13.68755
71.17146	13.66939
71.34610	13.66317
71.52063	13.67117
71.69359	13.69562
71.86298	13.73832
72.02641	13.80002
72.18157	13.88023
72.32680	13.97734
72.46124	14.08892
72.58487	14.21239
72.69823	14.34532
72.79326	14.49169
72.86196	14.65222
72.90746	14.82082
72.93302	14.99365
72.94157	15.16815
72.93652	15.34281
72.92146	15.51693
72.89848	15.69016
72.86919	15.86245
72.83457	16.03376
72.79537	16.20408
72.75223	16.37345
72.70559	16.54191
72.65588	16.70946
72.60344	16.87618
72.54869	17.04214
72.49184	17.20742
72.43311	17.37201
72.37263	17.53600
72.31065	17.69943
72.24723	17.86227
72.18249	18.02461
72.11654	18.18646
72.04940	18.34783
71.98126	18.50879
71.91202	18.66924
71.84187	18.82932
71.77085	18.98906
71.69889	19.14832
71.62615	19.30723
71.55267	19.46583
71.47839	19.62403
71.40339	19.78188
71.32771	19.93942
71.25140	20.09665
71.17439	20.25356
71.09675	20.41014
71.01853	20.56643
70.93973	20.72243
70.86035	20.87815
70.78041	21.03354
70.69990	21.18867
70.61885	21.34352
70.53727	21.49814
70.45522	21.65244
70.37266	21.80650
70.28957	21.96026
70.20599	22.11373
70.12191	22.26697
70.03738	22.41992
69.95238	22.57263
69.86689	22.72509
69.78095	22.87727
69.69453	23.02918
69.60763	23.18083
69.52028	23.33220
69.43247	23.48333
69.34422	23.63417
69.25549	23.78480
69.16634	23.93510
69.07671	24.08515
68.98658	24.23490
68.89600	24.38438
68.88626	24.42844
69.00754	24.30259
69.12868	24.17665
69.24969	24.05055
69.37059	23.92431
69.49133	23.79793
69.61192	23.67143
69.73235	23.54478
69.85264	23.41799
69.97276	23.29104
70.09274	23.16395
70.21255	23.03667
70.33220	22.90927
70.45165	22.78169
70.57094	22.65396
70.69003	22.52604
70.80896	22.39795
70.92766	22.26967
71.04619	22.14123
71.16447	22.01257
71.28258	21.88376
71.40043	21.75470
71.51815	21.62550
71.63555	21.49605
71.75272	21.36636
71.86963	21.23645
71.98631	21.10627
72.10269	20.97587
72.21877	20.84524
72.33457	20.71433
72.45007	20.58314
72.56523	20.45170
72.68007	20.31994
72.79456	20.18789
72.90868	20.05552
73.02242	19.92281
73.13575	19.78978
73.24866	19.65633
73.36107	19.52254
73.47303	19.38833
73.58449	19.25371
73.69541	19.11864
73.80581	18.98310
73.91559	18.84711
74.02466	18.71056
74.13303	18.57344
74.24067	18.43574
74.34752	18.29745
74.45347	18.15844
74.55840	18.01868
74.66238	17.87819
74.76513	17.73680
74.86658	17.59450
74.96657	17.45116
75.06493	17.30668
75.16143	17.16094
75.25574	17.01382
75.34769	16.86517
75.44035	16.71700
75.53588	16.57065
75.63449	16.42635
75.73633	16.28431
75.84161	16.14482
75.95060	16.00817
76.06342	15.87473
76.18047	15.74491
76.30190	15.61925
76.42803	15.49829
76.55917	15.38279
76.69556	15.27349
76.83743	15.17145
76.98494	15.07781
77.13821	14.99387
77.29713	14.92119
77.46132	14.86144
77.63013	14.81649
77.80251	14.78811
77.97690	14.77793
78.15134	14.78719
78.32359	14.81637
78.49152	14.86448
78.65325	14.93051
78.80724	15.01297
78.95243	15.11017
79.08803	15.22034
79.21363	15.34179
79.32901	15.47300
79.43411	15.61259
79.52962	15.75897
79.61577	15.91099
79.69231	16.06808
79.75951	16.22940
79.81750	16.39426
79.86647	16.56201
79.90637	16.73213
79.93703	16.90417
79.95824	17.07763
79.96954	17.25201
79.97031	17.42677
80.02068	17.51148
80.17757	17.43445
80.33284	17.35429
80.48829	17.27443
80.64497	17.19698
80.80315	17.12256
80.96307	17.05208
81.12508	16.98651
81.28942	16.92706
81.45631	16.87532
81.62595	16.83334
81.79818	16.80393
81.97233	16.78991
82.14697	16.79330
82.32006	16.81657
82.48875	16.86176
82.64958	16.92981
82.79900	17.02014
82.93445	17.13040
83.04861	17.26213
83.13532	17.41233
83.18813	17.57831
83.20506	17.75206
83.19596	17.92645
83.16492	18.09838
83.12009	18.26727
83.06588	18.43342
83.00467	18.59710
82.93790	18.75860
82.86652	18.91815
82.79125	19.07585
82.71254	19.23190
82.63079	19.38638
82.54625	19.53932
82.45923	19.69090
82.37010	19.84123
82.27896	19.99040
82.18610	20.13846
82.09158	20.28545
81.99555	20.43149
81.89808	20.57657
81.79926	20.72071
81.69917	20.86398
81.59786	21.00641
81.49541	21.14801
81.39183	21.28880
81.28719	21.42876
81.18150	21.56796
81.07481	21.70640
80.96715	21.84406
80.85854	21.98100
80.74899	22.11720
80.63854	22.25266
80.52721	22.38741
80.41505	22.52141
80.30202	22.65473
80.18817	22.78735
80.07351	22.91923
79.95798	23.05040
79.84168	23.18086
79.72461	23.31062
79.60675	23.43969
79.48808	23.56800
79.36868	23.69560
79.24850	23.82253
79.12757	23.94871
79.00587	24.07415
78.88345	24.19890
78.76028	24.32289
78.63633	24.44613
78.51168	24.56865
78.38628	24.69039
78.26014	24.81136
78.13331	24.93158
78.00569	25.05101
77.87737	25.16965
77.74834	25.28754
77.61852	25.40456
77.48801	25.52083
77.35675	25.63623
77.22478	25.75079
77.09209	25.86453
76.95860	25.97739
76.82445	26.08941
76.68951	26.20049
76.55387	26.31071
76.41747	26.42000
76.28033	26.52835
76.14249	26.63578
76.00384	26.74221
75.86453	26.84771
75.72440	26.95215
75.58355	27.05563
75.44192	27.15806
75.29956	27.25941
75.15644	27.35974
75.01254	27.45893
74.86792	27.55709
74.72246	27.65403
74.57633	27.74987
74.42935	27.84446
74.28167	27.93790
74.13318	28.03007
73.98391	28.12102
73.83391	28.21068
73.68307	28.29900
73.53153	28.38605
73.37914	28.47160
73.22594	28.55575
73.07201	28.63849
72.91728	28.71979
72.76179	28.79955
72.60551	28.87784
72.44846	28.95460
72.29067	29.02971
72.13211	29.10324
71.97282	29.17514
71.81274	29.24530
71.65195	29.31376
71.49039	29.38050
71.32810	29.44536
71.16512	29.50842
71.00140	29.56963
70.83698	29.62886
70.67186	29.68618
70.50610	29.74150
70.33962	29.79473
70.17252	29.84592
70.00477	29.89496
69.83635	29.94183
69.66740	29.98652
69.49783	30.02888
69.32772	30.06897
69.15709	30.10674
68.98591	30.14205
68.81427	30.17498
68.64216	30.20541
68.46964	30.23329
68.29672	30.25868
68.12344	30.28136
67.94982	30.30145
67.77589	30.31887
67.60176	30.33351
67.42740	30.34545
67.25282	30.35453
67.07816	30.36080
66.90343	30.36426
66.72867	30.36473
66.55389	30.36235
66.37920	30.35701
66.20464	30.34867
66.03023	30.33742
65.85604	30.32309
65.68213	30.30578
65.50856	30.28551
65.33537	30.26208
65.16261	30.23569
64.99031	30.20632
64.81859	30.17381
64.64745	30.13834
64.47694	30.09992
64.30432	30.08558
64.12959	30.08554
64.03220	30.15842
64.03406	30.33318
64.03506	30.50794
64.03522	30.68275
64.03455	30.85752
64.03307	31.03228
64.03080	31.20703
64.02775	31.38179
64.02393	31.55650
64.01934	31.73123
64.01402	31.90591
64.00795	32.08057
64.00117	32.25525
63.99368	32.42986
63.98549	32.60447
63.97662	32.77901
63.96706	32.95352
63.95681	33.12799
63.94590	33.30243
63.93435	33.47682
63.92216	33.65116
63.90935	33.82547
63.89592	33.99972
63.88189	34.17393
63.86727	34.34808
63.85206	34.52221
63.83627	34.69627
63.81992	34.87028
63.80300	35.04425
63.78554	35.21816
63.76751	35.39201
63.74891	35.56576
63.72979	35.73949
63.71014	35.91316
63.68999	36.08677
63.66933	36.26032
63.64817	36.43381
63.62653	36.60724
63.60441	36.78059
63.58181	36.95391
63.55869	37.12714
63.53509	37.30033
63.51105	37.47344
63.48655	37.64651
63.46161	37.81949
63.43624	37.99244
63.41044	38.16527
63.38422	38.33807
63.35752	38.51079
63.33040	38.68345
63.30286	38.85604
63.27493	39.02859
63.24660	39.20103
63.21789	39.37342
63.18879	39.54577
63.15927	39.71803
63.12934	39.89022
63.09904	40.06236
63.06839	40.23443
63.03736	40.40646
63.00599	40.57839
62.97427	40.75024
62.94212	40.92204
62.90963	41.09379
62.87680	41.26545
62.84365	41.43703
62.81018	41.60856
62.77637	41.78006
62.74218	41.95145
62.70766	42.12279
62.67283	42.29405
62.63770	42.46524
62.60225	42.63641
62.56652	42.80748
62.53040	42.97851
62.49399	43.14945
62.45730	43.32032
62.42032	43.49113
62.38306	43.66189
62.34549	43.83258
62.30759	44.00322
62.26942	44.17376
62.23098	44.34427
62.19229	44.51469
62.15332	44.68508
62.11403	44.85538
62.07448	45.02561
62.03468	45.19577
61.99462	45.36589
61.95432	45.53597
61.91370	45.70599
61.87283	45.87594
61.83173	46.04580
61.79040	46.21560
61.74883	46.38536
61.70697	46.55505
61.66486	46.72469
61.62253	46.89426
61.57998	47.06377
61.53721	47.23322
61.49416	47.40261
61.45088	47.57196
61.40739	47.74123
61.36368	47.91045
61.31977	48.07963
61.27558	48.24876
61.23108	48.41776
61.18649	48.58675
61.14177	48.75570
61.09664	48.92454
61.05151	49.09339
61.00600	49.26213
60.96035	49.43084
60.91460	49.59954
60.86843	49.76810
60.82226	49.93667
60.77578	50.10513
60.72911	50.27356
60.68240	50.44198
60.63523	50.61027
60.58807	50.77856
60.54066	50.94680
60.49302	51.11496
60.44537	51.28311
60.39729	51.45116
60.34917	51.61918
60.30090	51.78714
60.25233	51.95503
60.20376	52.12292
60.15483	52.29070
60.10582	52.45847
60.05671	52.62620
60.00726	52.79383
59.95781	52.96146
59.90808	53.12903
59.85821	53.29654
59.80830	53.46405
59.75801	53.63143
59.70773	53.79882
59.65723	53.96615
59.60654	54.13341
59.55585	54.30067
59.50480	54.46782
59.45372	54.63496
59.40250	54.80207
59.35103	54.96909
59.29956	55.13611
59.24781	55.30305
59.19595	55.46996
59.14406	55.63684
59.09184	55.80363
59.03962	55.97042
58.98714	56.13716
58.93444	56.30380
58.88175	56.47044
58.82890	56.63704
58.77578	56.80355
58.72267	56.97006
58.66947	57.13653
58.61595	57.30291
58.56243	57.46929
58.50889	57.63566
58.45497	57.80191
58.40106	57.96816
58.34714	58.13441
58.29289	58.30055
58.23859	58.46668
58.18429	58.63284
58.12973	58.79887
58.07506	58.96488
58.02040	59.13089
57.96554	59.29681
57.91052	59.46270
57.85550	59.62859
57.80034	59.79443
57.74498	59.96021
57.68962	60.12598
57.63418	60.29174
57.57849	60.45741
57.52280	60.62307
57.46707	60.78873
57.41106	60.95428
57.35505	61.11984
57.29903	61.28542
57.24273	61.45088
57.18641	61.61634
57.13010	61.78179
57.07354	61.94715
57.01693	62.11250
56.96032	62.27785
56.90353	62.44313
56.84663	62.60839
56.78974	62.77364
56.73270	62.93884
56.67554	63.10400
56.61837	63.26917
56.56110	63.43430
56.50367	63.59937
56.44624	63.76447
56.38874	63.92952
56.33107	64.09451
56.27339	64.25949
56.21567	64.42447
56.15776	64.58937
56.09985	64.75426
56.04193	64.91914
55.98380	65.08396
55.92566	65.24879
55.86752	65.41360
55.80917	65.57835
55.75082	65.74310
55.69247	65.90784
55.63393	66.07253
55.57537	66.23719
55.51681	66.40189
55.45809	66.56652
55.39934	66.73112
55.34059	66.89572
55.28171	67.06027
55.22278	67.22481
55.16384	67.38935
55.10474	67.55385
55.04555	67.71829
54.98637	67.88274
54.92718	68.04719
54.86800	68.21164
54.80881	68.37608
54.74945	68.54047
54.68997	68.70480
54.63048	68.86918
54.57100	69.03352
54.51151	69.19785
54.45203	69.36220
54.39241	69.52647
54.33268	69.69072
54.27294	69.85497
54.21320	70.01922
54.15347	70.18346
54.09373	70.34772
54.03387	70.51194
53.97393	70.67612
53.91398	70.84029
53.85403	71.00446
53.79409	71.16863
53.73414	71.33280
53.67408	71.49697
53.61398	71.66109
53.55387	71.82520
53.49376	71.98931
53.43365	72.15343
53.37354	72.31754
53.43811	72.24794
53.54093	72.10661
53.64376	71.96529
53.74659	71.82397
53.84941	71.68264
53.95224	71.54131
54.05507	71.39999
54.15789	71.25867
54.26072	71.11734
54.36356	70.97599
54.46639	70.83466
54.56921	70.69334
54.67204	70.55202
54.77487	70.41069
54.87769	70.26936
54.98052	70.12804
55.08335	69.98672
55.18617	69.84539
55.28900	69.70407
55.39183	69.56274
55.49465	69.42142
55.59748	69.28009
55.70031	69.13877
55.80313	68.99744
55.90596	68.85612
56.00880	68.71477
56.11163	68.57344
56.21445	68.43212
56.31728	68.29079
56.42011	68.14947
56.52293	68.00814
56.62577	67.86683
56.72860	67.72555
56.83147	67.58421
56.93434	67.44289
57.03717	67.30161
57.14004	67.16027
57.24288	67.01899
57.34575	66.87766
57.44858	66.73637
57.55145	66.59505
57.65428	66.45377
57.75715	66.31243
57.85999	66.17115
57.96286	66.02982
58.06569	65.88853
58.16856	65.74721
58.27139	65.60593
58.37426	65.46459
58.47713	65.32326
58.57997	65.18198
58.68283	65.04065
58.78567	64.89937
58.88854	64.75803
58.99137	64.61675
59.09424	64.47542
59.19707	64.33414
59.29995	64.19281
59.40278	64.05153
59.50565	63.91019
59.60848	63.76891
59.71135	63.62758
59.81419	63.48630
59.91706	63.34497
60.01992	63.20364
60.12276	63.06236
60.22563	62.92102
60.32846	62.77974
60.43133	62.63841
60.53416	62.49713
60.63704	62.35580
60.73987	62.21452
60.84274	62.07318
60.94562	61.93192
61.04853	61.79061
61.15140	61.64936
61.25430	61.50805
61.35717	61.36680
61.46008	61.22549
61.56299	61.08419
61.66586	60.94293
61.76877	60.80163
61.87164	60.66037
61.97454	60.51907
62.07742	60.37782
62.18032	60.23651
62.28320	60.09526
62.38610	59.95395
62.48897	59.81270
62.59188	59.67139
62.69475	59.53014
62.79766	59.38884
62.90053	59.24758
63.00343	59.10628
63.10630	58.96502
63.20921	58.82372
63.31212	58.68242
63.41499	58.54116
63.51790	58.39985
63.62077	58.25860
63.72367	58.11729
63.82655	57.97604
63.92945	57.83474
64.03233	57.69348
64.13523	57.55218
64.23810	57.41092
64.34101	57.26962
64.44388	57.12836
64.54678	56.98706
64.64966	56.84581
64.75256	56.70450
64.85547	56.56320
64.95834	56.42194
65.06125	56.28064
65.16412	56.13939
65.26706	55.99812
65.36998	55.85690
65.47294	55.71563
65.57586	55.57441
65.67881	55.43314
65.78173	55.29193
65.88469	55.15066
65.98761	55.00944
66.09057	54.86817
66.19349	54.72696
66.29645	54.58569
66.39941	54.44442
66.50233	54.30320
66.60528	54.16193
66.70820	54.02071
66.81116	53.87945
66.91408	53.73823
67.01704	53.59696
67.11997	53.45574
67.22298	53.31451
67.32597	53.17334
67.42899	53.03212
67.53197	52.89095
67.63499	52.74972
67.73797	52.60855
67.84099	52.46732
67.94401	52.32610
68.04699	52.18493
68.15001	52.04370
68.25299	51.90253
68.35600	51.76131
68.45899	51.62013
68.56200	51.47891
68.66499	51.33774
68.77440	51.20181
68.91998	51.10683
69.08959	51.06847
69.26196	51.09092
69.41656	51.17060
69.53488	51.29797
69.60230	51.45827
69.61047	51.63194
69.57709	51.80354
69.54101	51.97456
69.50368	52.14529
69.46533	52.31583
69.42617	52.48614
69.38614	52.65631
69.34534	52.82623
69.30386	52.99600
69.26168	53.16557
69.21882	53.33505
69.17532	53.50428
69.13116	53.67346
69.08641	53.84235
69.04104	54.01115
68.99509	54.17975
68.94856	54.34828
68.90138	54.51660
68.85362	54.68464
68.80528	54.85263
68.75645	55.02042
68.70705	55.18810
68.65694	55.35553
68.60645	55.52290
68.55533	55.68996
68.50359	55.85696
68.45138	56.02373
68.39854	56.19032
68.34516	56.35675
68.29126	56.52303
68.23676	56.68904
68.18169	56.85495
68.12610	57.02069
68.06999	57.18613
68.01322	57.35149
67.95593	57.51658
67.89810	57.68151
67.83972	57.84624
67.78074	58.01080
67.72118	58.17508
67.66106	58.33918
67.60039	58.50306
67.53912	58.66679
67.47733	58.83024
67.41492	58.99353
67.35190	59.15655
67.28830	59.31937
67.22413	59.48192
67.15938	59.64423
67.09400	59.80640
67.02807	59.96822
66.96152	60.12987
66.89440	60.29118
66.82664	60.45232
66.75829	60.61313
66.68926	60.77375
66.61966	60.93399
66.54939	61.09407
66.47852	61.25379
66.40700	61.41330
66.33486	61.57247
66.26207	61.73138
66.18864	61.88997
66.11456	62.04825
66.03979	62.20627
65.96439	62.36395
65.88830	62.52133
65.81157	62.67833
65.73415	62.83503
65.65604	62.99136
65.57726	63.14736
65.49778	63.30299
65.41757	63.45831
65.33669	63.61322
65.25507	63.76777
65.17275	63.92193
65.08968	64.07574
65.00591	64.22911
64.92139	64.38208
64.83611	64.53468
64.75011	64.68680
64.66331	64.83855
64.57581	64.98978
64.48747	65.14066
64.39841	65.29100
64.30855	65.44091
64.21797	65.59038
64.12652	65.73931
64.03429	65.88772
63.94120	66.03572
63.84731	66.18310
63.75261	66.33002
63.65706	66.47631
63.56071	66.62215
63.46339	66.76739
63.36536	66.91203
63.26638	67.05608
63.16657	67.19955
63.06589	67.34241
62.96429	67.48464
62.86186	67.62625
62.75846	67.76717
62.65424	67.90748
62.54905	68.04700
62.44296	68.18593
62.33595	68.32408
62.22799	68.46156
62.11915	68.59824
62.00927	68.73424
61.89853	68.86945
61.78677	69.00377
61.67407	69.13744
61.56037	69.27014
61.44575	69.40208
61.33012	69.53308
61.21346	69.66328
61.09587	69.79255
60.97721	69.92090
60.85764	70.04832
60.73691	70.17477
60.61533	70.30025
60.49254	70.42471
60.36888	70.54816
60.24412	70.67052
60.11834	70.79185
59.99150	70.91211
59.86356	71.03127
59.73467	71.14928
59.60464	71.26608
59.47369	71.38177
59.34150	71.49617
59.20843	71.60941
59.07416	71.72132
58.93892	71.83200
58.80257	71.94135
58.66520	72.04935
58.52671	72.15606
58.38724	72.26135
58.24665	72.36523
58.10502	72.46754
57.96236	72.56861
57.81864	72.66807
57.67389	72.76600
57.52808	72.86239
57.38129	72.95718
57.23344	73.05039
57.08458	73.14197
56.93472	73.23190
56.78385	73.32015
56.63202	73.40669
56.47918	73.49151
56.32543	73.57455
56.17070	73.65582
56.01500	73.73527
55.85844	73.81287
55.70092	73.88864
55.54247	73.96255
55.38323	74.03452
55.22313	74.10458
55.06221	74.17268
54.90038	74.23888
54.73788	74.30303
54.57447	74.36520
54.41042	74.42533
54.24557	74.48345
54.08008	74.53951
53.91378	74.59353
53.74696	74.64545
53.57939	74.69530
53.41133	74.74300
53.24257	74.78864
53.07329	74.83214
52.90350	74.87354
52.73317	74.91280
52.56240	74.94990
52.39508	74.97115
52.33456	75.13508
52.27402	75.29907
52.21351	75.46300
52.15298	75.62699
52.09246	75.79092
52.03193	75.95491
51.97146	76.11887
51.91106	76.28291
51.85068	76.44689
51.79028	76.61092
51.72989	76.77491
51.66949	76.93894
51.60909	77.10298
51.54890	77.26698
51.48870	77.43109
51.42851	77.59514
51.36830	77.75925
51.30811	77.92330
51.24790	78.08741
51.18785	78.25154
51.12791	78.41575
51.06798	78.57990
51.00803	78.74410
50.94811	78.90825
50.88816	79.07245
50.82832	79.23663
50.76862	79.40092
50.70892	79.56521
50.64928	79.72947
50.58977	79.89383
50.53027	80.05813
50.47081	80.22249
50.41153	80.38686
50.35221	80.55130
50.29299	80.71571
50.23391	80.88023
50.17485	81.04469
50.11584	81.20927
50.05703	81.37383
49.99820	81.53843
49.93953	81.70297
49.88098	81.86768
49.82243	82.03239
49.76405	82.19714
49.70580	82.36195
49.64758	82.52671
49.58958	82.69157
49.53168	82.85645
49.47375	83.02137
49.48602	83.19544
49.49929	83.36970
49.51229	83.54398
49.52481	83.71833
49.53701	83.89265
49.54893	84.06703
49.56039	84.24140
49.57148	84.41587
49.58225	84.59034
49.59262	84.76478
49.60251	84.93931
49.61205	85.11377
49.62125	85.28836
49.62992	85.46289
49.63816	85.63748
49.64601	85.81207
49.65346	85.98669
49.66035	86.16130
49.66676	86.33598
49.67273	86.51066
49.67824	86.68537
49.68322	86.86005
49.68768	87.03477
49.69178	87.20951
49.69517	87.38428
49.69788	87.55907
49.69997	87.73378
49.70130	87.90857
49.70198	88.08331
49.70185	88.25812
49.70102	88.43285
49.69931	88.60764
49.69682	88.78240
49.69340	88.95715
49.68910	89.13186
49.68385	89.30656
49.67755	89.48117
49.67024	89.65585
49.66182	89.83037
49.65218	90.00494
49.64134	90.17937
49.62922	90.35370
49.61572	90.52798
49.60069	90.70207
49.58411	90.87614
49.56587	91.04988
49.54583	91.22354
49.52388	91.39688
49.49984	91.57005
49.47357	91.74281
49.44485	91.91525
49.41338	92.08714
49.37900	92.25848
49.34145	92.42917
49.30015	92.59902
49.25496	92.76786
49.20514	92.93538
49.15049	93.10141
49.08988	93.26527
49.02264	93.42661
48.94818	93.58471
48.86579	93.73887
48.77478	93.88800
48.67430	94.03098
48.56367	94.16618
48.44219	94.29177
48.30955	94.40543
48.16574	94.50468
48.01162	94.58683
47.84860	94.64962
47.67903	94.69144
47.50571	94.71337
47.33107	94.71949
47.15682	94.70756
46.98518	94.67511
46.81940	94.62044
46.66277	94.54307
46.51759	94.44606
46.38779	94.32921
46.27544	94.19558
46.18090	94.04865
46.10363	93.89204
46.04216	93.72843
45.99561	93.56004
45.96139	93.38866
45.93726	93.21565
45.92144	93.04157
45.91264	92.86698
45.90974	92.69228
45.91202	92.51752
45.91876	92.34291
45.92944	92.16840
45.94367	91.99425
45.96104	91.82030
45.98119	91.64673
46.00401	91.47345
46.02910	91.30051
46.05646	91.12785
46.08576	90.95560
46.11689	90.78359
46.14981	90.61198
46.18434	90.44060
46.22036	90.26954
46.25780	90.09888
46.29668	89.92843
46.33694	89.75843
46.37823	89.58856
46.42047	89.41900
46.46355	89.24957
46.50748	89.08043
46.55223	88.91148
46.59769	88.74276
46.64383	88.57415
46.69060	88.40574
46.73797	88.23749
46.78588	88.06946
46.83444	87.90154
46.88355	87.73373
46.93309	87.56619
46.98309	87.39871
47.03350	87.23138
47.08447	87.06417
47.13580	86.89716
47.18751	86.73016
47.23954	86.56331
47.29205	86.39657
47.34484	86.23004
47.39795	86.06348
47.45134	85.89710
47.50515	85.73078
47.55917	85.56459
47.61344	85.39845
47.66807	85.23239
47.72291	85.06649
47.77798	84.90056
47.83331	84.73481
47.88891	84.56905
47.94464	84.40346
48.00065	84.23787
48.05686	84.07242
48.11324	83.90693
48.16983	83.74160
48.22662	83.57628
48.28351	83.41108
48.34081	83.24593
48.39808	83.08084
48.45538	82.91570
48.44822	82.74245
48.43384	82.56821
48.41917	82.39402
48.40421	82.21994
48.38906	82.04576
48.37358	81.87171
48.35788	81.69764
48.34199	81.52361
48.32575	81.34955
48.30938	81.17557
48.29272	81.00156
48.27586	80.82765
48.25883	80.65368
48.24147	80.47978
48.22400	80.30588
48.20627	80.13203
48.18834	79.95813
48.17026	79.78426
48.15190	79.61052
48.13344	79.43664
48.11470	79.26290
48.09583	79.08913
48.07677	78.91543
48.05751	78.74173
48.03814	78.56806
48.01847	78.39432
47.99876	78.22075
47.97878	78.04709
47.95869	77.87345
47.93842	77.69982
47.91798	77.52629
47.89743	77.35270
47.87665	77.17912
47.85582	77.00562
47.83471	76.83209
47.81356	76.65868
47.79219	76.48519
47.77073	76.31178
47.74908	76.13831
47.72731	75.96493
47.70541	75.79150
47.68327	75.61817
47.66099	75.44479
47.63873	75.27147
47.61645	75.09809
47.59372	74.92481
47.57096	74.75150
47.54820	74.57818
47.52536	74.40496
47.50213	74.23170
47.47892	74.05851
47.45569	73.88525
47.43228	73.71205
47.40861	73.53886
47.38494	73.36572
47.36126	73.19253
47.27311	73.05442
47.14092	72.94005
47.00916	72.82527
46.87767	72.71006
46.74660	72.59451
46.61591	72.47848
46.48558	72.36208
46.35556	72.24522
46.22595	72.12791
46.09676	72.01027
45.96789	71.89216
45.83947	71.77361
45.71138	71.65466
45.58377	71.53532
45.45650	71.41550
45.32962	71.29530
45.20317	71.17461
45.07717	71.05358
44.95151	70.93203
44.82635	70.81011
44.70152	70.68774
44.57721	70.56491
44.45324	70.44166
44.32976	70.31795
44.20674	70.19386
44.08411	70.06928
43.96196	69.94427
43.84024	69.81883
43.71904	69.69298
43.59822	69.56665
43.47792	69.43985
43.35807	69.31265
43.23874	69.18500
43.11980	69.05687
43.00143	68.92831
42.88351	68.79932
42.76612	68.66987
42.64918	68.53997
42.53273	68.40954
42.41684	68.27875
42.30143	68.14748
42.18657	68.01576
42.07220	67.88360
41.95844	67.75100
41.84510	67.61788
41.73240	67.48436
41.62017	67.35033
41.50852	67.21590
41.39742	67.08096
41.28688	66.94561
41.17690	66.80975
41.06750	66.67345
40.95863	66.53667
40.85041	66.39945
40.74275	66.26176
40.63565	66.12361
40.52924	65.98504
40.42336	65.84593
40.31810	65.70642
40.21348	65.56644
40.10950	65.42599
40.00607	65.28503
39.90333	65.14370
39.80120	65.00180
39.69979	64.85955
39.59896	64.71676
39.49878	64.57353
39.39928	64.42981
39.30050	64.28568
39.20235	64.14104
39.10487	63.99596
39.00810	63.85044
38.91199	63.70441
38.81665	63.55797
38.72200	63.41106
38.62803	63.26366
38.53480	63.11583
38.44233	62.96759
38.35054	62.81881
38.25952	62.66962
38.16921	62.51993
38.07970	62.36985
37.99088	62.21931
37.90281	62.06835
37.81556	61.91690
37.72903	61.76501
37.64335	61.61272
37.55845	61.45995
37.47431	61.30674
37.39106	61.15308
37.30858	60.99900
37.22691	60.84446
37.14613	60.68947
37.06616	60.53409
36.98702	60.37828
36.90878	60.22197
36.83138	60.06527
36.75484	59.90816
36.67919	59.75061
36.60445	59.59261
36.53057	59.43415
36.45762	59.27538
36.38553	59.11610
36.31445	58.95649
36.24426	58.79640
36.17503	58.63599
36.10670	58.47509
36.03933	58.31382
35.97293	58.15216
35.90752	57.99010
35.84308	57.82762
35.77965	57.66479
35.71717	57.50149
35.65575	57.33792
35.59532	57.17392
35.53589	57.00947
35.47753	56.84477
35.42019	56.67963
35.36395	56.51424
35.30872	56.34836
35.25459	56.18223
35.20153	56.01564
35.14960	55.84883
35.09873	55.68155
35.04901	55.51408
35.00037	55.34615
34.95289	55.17799
34.90656	55.00942
34.86139	54.84062
34.81736	54.67145
34.77455	54.50206
34.73291	54.33229
34.69244	54.16222
34.65325	53.99189
34.61524	53.82128
34.57851	53.65044
34.54301	53.47932
34.50880	53.30791
34.47584	53.13628
34.44421	52.96439
34.41389	52.79226
34.38491	52.61996
34.35724	52.44732
34.33098	52.27456
34.30612	52.10157
34.28266	51.92836
34.26057	51.75500
34.23998	51.58142
34.22078	51.40770
34.20318	51.23382
34.18703	51.05981
34.17242	50.88564
34.15947	50.71135
34.14809	50.53693
34.13836	50.36245
34.13032	50.18780
34.12404	50.01318
34.11956	49.83844
34.11694	49.66374
34.11621	49.48891
34.11755	49.31421
34.12095	49.13939
34.12665	48.96472
34.13474	48.79013
34.14550	48.61571
34.15924	48.44146
34.17664	48.26756
34.20046	48.09446
34.26636	47.93354
34.38347	47.80508
34.53773	47.72466
34.70995	47.70129
34.87981	47.73875
35.02658	47.83203
35.16148	47.94324
35.29543	48.05545
35.42853	48.16874
35.56078	48.28308
35.69209	48.39837
35.82255	48.51468
35.95213	48.63194
36.08086	48.75019
36.20868	48.86933
36.33570	48.98946
36.46181	49.11043
36.58709	49.23233
36.71146	49.35504
36.83505	49.47869
36.95773	49.60311
37.07965	49.72843
37.20062	49.85446
37.32087	49.98139
37.44019	50.10900
37.55878	50.23748
37.67649	50.36665
37.79340	50.49657
37.90952	50.62724
38.02476	50.75854
38.13929	50.89064
38.25295	51.02335
38.36587	51.15678
38.47797	51.29082
38.58932	51.42556
38.69990	51.56093
38.80969	51.69692
38.91872	51.83351
39.02700	51.97073
39.13446	52.10847
39.24128	52.24691
39.34729	52.38585
39.45257	52.52536
39.55713	52.66542
39.66093	52.80600
39.76404	52.94715
39.86640	53.08876
39.96807	53.23093
40.06904	53.37359
40.16932	53.51678
40.26885	53.66037
40.36774	53.80457
40.46589	53.94909
40.56342	54.09417
40.66024	54.23966
40.75642	54.38563
40.85193	54.53202
40.94674	54.67877
41.04097	54.82607
41.13446	54.97364
41.22738	55.12174
41.31959	55.27013
41.41123	55.41902
41.50220	55.56823
41.59256	55.71785
41.68229	55.86782
41.77141	56.01817
41.85989	56.16884
41.94783	56.31997
42.03509	56.47134
42.12178	56.62310
42.20792	56.77526
42.29339	56.92763
42.37835	57.08045
42.46267	57.23348
42.54643	57.38688
42.62962	57.54057
42.71225	57.69461
42.79430	57.84892
42.87580	58.00353
42.95672	58.15839
43.03713	58.31364
43.11693	58.46906
43.19626	58.62489
43.27497	58.78085
43.35321	58.93720
43.43086	59.09372
43.50803	59.25059
43.58466	59.40771
43.66072	59.56500
43.73630	59.72262
43.81133	59.88043
43.88588	60.03859
43.95986	60.19685
44.03339	60.35548
44.10637	60.51425
44.17888	60.67330
44.25087	60.83251
44.32239	60.99203
44.39339	61.15169
44.46392	61.31163
44.53395	61.47174
44.60352	61.63210
44.67260	61.79265
44.74118	61.95338
44.80933	62.11438
44.87695	62.27549
44.94411	62.43687
45.01079	62.59842
45.07702	62.76018
45.14276	62.92207
45.20806	63.08420
45.27290	63.24649
45.33730	63.40899
45.40122	63.57163
45.46468	63.73452
45.52766	63.89750
45.59022	64.06072
45.65235	64.22414
45.71399	64.38761
45.77523	64.55134
45.83599	64.71518
45.89631	64.87927
45.95618	65.04347
46.01561	65.20780
46.07463	65.37232
46.13319	65.53703
46.19129	65.70184
46.24898	65.86684
46.24621	65.79384
46.21825	65.62128
46.19029	65.44879
46.16233	65.27624
46.13429	65.10369
46.10601	64.93125
46.07773	64.75875
46.04945	64.58631
46.02117	64.41381
45.99267	64.24142
45.96407	64.06897
45.93549	63.89658
45.90689	63.72413
45.87823	63.55174
45.84934	63.37934
45.82045	63.20700
45.79156	63.03460
45.76268	62.86226
45.73357	62.68988
45.70439	62.51759
45.67521	62.34524
45.64602	62.17289
45.61679	62.00060
45.58733	61.82830
45.55787	61.65606
45.52841	61.48375
45.49895	61.31151
45.46931	61.13926
45.43958	60.96706
45.40985	60.79481
45.38012	60.62261
45.35035	60.45038
45.32036	60.27822
45.29036	60.10601
45.26038	59.93386
45.23038	59.76165
45.20021	59.58943
45.16997	59.41732
45.13972	59.24516
45.10948	59.07305
45.07919	58.90088
45.04870	58.72882
45.01820	58.55670
44.98771	58.38464
44.95721	58.21251
44.92659	58.04052
44.89585	57.86843
44.86512	57.69641
44.83438	57.52433
44.80363	57.35230
44.77266	57.18026
44.74169	57.00822
44.71073	56.83624
44.67976	56.66420
44.64866	56.49226
44.61747	56.32026
44.58628	56.14832
44.55508	55.97632
44.52388	55.80439
44.49246	55.63243
44.46106	55.46053
44.42964	55.28857
44.39824	55.11667
44.36669	54.94474
44.33508	54.77288
44.30345	54.60096
44.27182	54.42904
44.24016	54.25716
44.20833	54.08528
44.17651	53.91346
44.14467	53.74157
44.11285	53.56975
44.08087	53.39791
44.04885	53.22613
44.01681	53.05429
43.98479	52.88250
43.95270	52.71069
43.92048	52.53894
43.88825	52.36713
43.85603	52.19538
43.82380	52.02357
43.79140	51.85184
43.75898	51.68007
43.72656	51.50830
43.69415	51.33659
43.66164	51.16486
43.62905	50.99319
43.59644	50.82145
43.56385	50.64977
43.53121	50.47802
43.49843	50.30637
43.46564	50.13467
43.43287	49.96303
43.40009	49.79132
43.36716	49.61971
43.33420	49.44804
43.30125	49.27644
43.26829	49.10477
43.23523	48.93310
43.20211	48.76152
43.16898	48.58989
43.13585	48.41832
43.10267	48.24668
43.06939	48.07514
43.03608	47.90353
43.00280	47.73199
42.96949	47.56041
42.93604	47.38890
42.90258	47.21733
42.86913	47.04581
42.83566	46.87424
42.80208	46.70277
42.76846	46.53123
42.73483	46.35969
42.70123	46.18821
42.66749	46.01665
42.63372	45.84520
42.59995	45.67369
42.56618	45.50224
42.53231	45.33074
42.49839	45.15932
42.46447	44.98784
42.43055	44.81642
42.39655	44.64500
42.36248	44.47361
42.32841	44.30215
42.29435	44.13076
42.26020	43.95932
42.22598	43.78790
42.19177	43.61654
42.15755	43.44511
42.12326	43.27373
42.08890	43.10234
42.05455	42.93100
42.02020	42.75961
41.98577	42.58831
41.95127	42.41695
41.91678	42.24564
41.88228	42.07427
41.84769	41.90297
41.81306	41.73162
41.77844	41.56034
41.74381	41.38900
41.70907	41.21777
41.67430	41.04645
41.63954	40.87514
41.60476	40.70387
41.56981	40.53260
41.53486	40.36139
41.49991	40.19011
41.46497	40.01889
41.43001	39.84762
41.39507	39.67641
41.36012	39.50513
41.32497	39.33398
41.28978	39.16276
41.25459	38.99159
41.21939	38.82037
41.18420	38.64920
41.14900	38.47798
41.11380	38.30676
41.07844	38.13562
41.04300	37.96445
41.00758	37.79333
40.97214	37.62216
40.93672	37.45104
40.90128	37.27987
40.86586	37.10875
40.83022	36.93763
40.79457	36.76657
40.75891	36.59544
40.72326	36.42437
40.68760	36.25324
40.65195	36.08217
40.61620	35.91103
40.58032	35.73995
40.54446	35.56892
40.50858	35.39784
40.47271	35.22681
40.43684	35.05573
40.40094	34.88476
40.36486	34.71372
40.32878	34.54274
40.29270	34.37170
40.25663	34.20072
40.22055	34.02968
40.18441	33.85868
40.14813	33.68769
40.11186	33.51675
40.07558	33.34575
40.03930	33.17476
40.00303	33.00381
39.96660	32.83287
39.93015	32.66198
39.89367	32.49102
39.85721	32.32012
39.82074	32.14917
39.78417	31.97830
39.74752	31.80738
39.71088	31.63652
39.67422	31.46561
39.63758	31.29475
39.60078	31.12385
39.56396	30.95303
39.52713	30.78215
39.49031	30.61133
39.45340	30.44042
39.41641	30.26958
39.37943	30.09879
39.34243	29.92795
39.30538	29.75723
39.26822	29.58642
39.23108	29.41567
39.19392	29.24486
39.15663	29.07409
39.11932	28.90331
39.08202	28.73260
39.04455	28.56186
39.00705	28.39119
38.96953	28.22046
38.93203	28.04978
Faah florist
https://thenounproject.com/icon/flowers-8361220/
