38.89500	27.87900
38.74870	27.97460
38.60001	28.06646
38.44924	28.15485
38.29660	28.23999
38.14231	28.32208
37.98650	28.40126
37.82935	28.47774
37.67094	28.55156
37.51139	28.62292
37.35081	28.69191
37.18928	28.75865
37.02686	28.82319
36.86362	28.88563
36.69963	28.94609
36.53493	29.00458
36.36960	29.06124
36.20364	29.11605
36.03713	29.16915
35.87010	29.22060
35.70256	29.27036
35.53456	29.31855
35.36613	29.36521
35.19729	29.41040
35.02808	29.45415
34.85852	29.49650
34.68861	29.53749
34.51840	29.57716
34.34789	29.61555
34.17711	29.65269
34.00605	29.68856
33.83476	29.72326
33.66323	29.75682
33.49150	29.78927
33.31954	29.82054
33.14740	29.85077
32.97509	29.87998
32.80259	29.90809
32.62994	29.93527
32.45712	29.96140
32.28418	29.98661
32.11109	30.01085
31.93788	30.03419
31.76455	30.05661
31.59111	30.07818
31.41755	30.09883
31.24391	30.11870
31.07017	30.13766
30.89634	30.15585
30.72243	30.17326
30.54845	30.18982
30.37439	30.20566
30.20027	30.22075
30.02608	30.23504
29.85183	30.24865
29.67753	30.26157
29.50318	30.27373
29.32878	30.28520
29.15434	30.29602
28.97986	30.30619
28.80534	30.31567
28.63079	30.32449
28.45620	30.33269
28.28159	30.34022
28.10694	30.34674
27.93225	30.35237
27.75754	30.35704
27.58280	30.36068
27.40804	30.36333
27.23328	30.36498
27.05850	30.36550
26.88373	30.36493
26.70896	30.36324
26.53421	30.36040
26.35948	30.35637
26.18478	30.35108
26.01013	30.34452
25.83553	30.33664
25.66100	30.32743
25.48655	30.31682
25.31219	30.30479
25.13794	30.29127
24.96381	30.27624
24.78982	30.25964
24.61600	30.24139
24.44237	30.22145
24.26894	30.19978
24.09575	30.17633
23.92281	30.15106
23.75017	30.12380
23.57786	30.09459
23.40590	30.06336
23.23434	30.02995
23.06322	29.99442
22.89260	29.95654
22.72250	29.91637
22.55301	29.87374
22.38416	29.82860
22.21603	29.78089
22.04868	29.73050
21.88220	29.67730
21.71666	29.62124
21.55215	29.56223
21.38875	29.50022
21.22659	29.43503
21.06576	29.36662
20.90638	29.29489
20.74857	29.21978
20.59248	29.14118
20.43821	29.05903
20.28593	28.97326
20.13578	28.88381
19.98792	28.79064
19.84249	28.69371
19.69968	28.59297
19.55949	28.48861
19.42211	28.38057
19.28775	28.26880
19.15655	28.15334
19.02862	28.03426
18.90411	27.91162
18.78312	27.78550
18.66572	27.65604
18.55196	27.52336
18.44192	27.38758
18.33560	27.24887
18.23298	27.10740
18.13405	26.96332
18.03873	26.81684
17.94692	26.66813
17.85854	26.51734
17.77340	26.36471
17.69135	26.21040
17.61218	26.05458
17.53567	25.89744
17.46157	25.73915
17.38962	25.57988
17.31948	25.41979
17.25081	25.25907
17.18325	25.09788
17.11641	24.93639
17.04980	24.77481
16.98298	24.61331
16.92044	24.45013
16.86830	24.28335
16.82856	24.11320
16.80372	23.94027
16.79659	23.76572
16.81013	23.59159
16.84691	23.42088
16.90836	23.25744
16.99378	23.10514
17.10170	22.96791
17.22942	22.84883
17.37255	22.74875
17.52697	22.66710
17.68929	22.60250
17.85695	22.55333
18.02807	22.51800
18.20133	22.49525
18.37564	22.48289
18.55036	22.47899
18.72510	22.48213
18.89963	22.49121
19.07382	22.50541
19.24759	22.52411
19.42089	22.54676
19.59368	22.57300
19.76594	22.60253
19.88534	22.57350
19.88222	22.39875
19.88315	22.22398
19.88836	22.04929
19.89803	21.87478
19.91242	21.70061
19.93186	21.52692
19.95671	21.35393
19.98734	21.18187
20.02430	21.01106
20.06821	20.84190
20.11929	20.67477
20.17797	20.51016
20.24467	20.34863
20.31977	20.19084
20.40368	20.03755
20.49673	19.88964
20.59916	19.74807
20.71106	19.61386
20.83233	19.48806
20.96267	19.37168
21.10155	19.26565
21.24824	19.17069
21.40178	19.08731
21.56155	19.01664
21.73025	18.97180
21.90397	18.95409
22.07856	18.95942
22.25157	18.98370
22.42169	19.02354
22.58862	19.07520
22.75230	19.13643
22.91314	19.20481
23.07155	19.27862
23.22791	19.35671
23.38253	19.43818
23.53566	19.52243
23.68750	19.60897
23.83824	19.69744
23.98802	19.78751
24.13696	19.87895
24.28516	19.97159
24.43275	20.06521
24.57978	20.15970
24.72635	20.25491
24.87249	20.35078
25.01828	20.44717
25.16388	20.54384
25.30929	20.64081
25.45453	20.73804
25.59963	20.83546
25.74464	20.93302
25.88960	21.03068
26.03454	21.12833
26.17953	21.22593
26.32452	21.32353
26.46957	21.42104
26.61472	21.51839
26.76000	21.61555
26.90544	21.71247
27.05104	21.80916
27.19680	21.90560
27.34275	22.00174
27.48895	22.09751
27.63538	22.19293
27.78208	22.28794
27.92904	22.38254
28.07630	22.47669
28.22385	22.57036
28.37171	22.66355
28.51991	22.75619
28.66843	22.84832
28.81734	22.93982
28.96659	23.03076
29.11623	23.12106
29.26627	23.21070
29.41667	23.29973
29.56754	23.38796
29.71880	23.47552
29.87050	23.56233
30.02265	23.64832
30.17524	23.73356
30.32831	23.81792
30.48182	23.90147
30.63583	23.98409
30.79034	24.06579
30.94534	24.14654
31.10084	24.22633
31.25687	24.30509
31.41341	24.38281
31.57044	24.45954
31.72796	24.53525
31.88601	24.60986
32.04459	24.68334
32.20373	24.75560
32.36341	24.82666
32.52364	24.89647
32.68442	24.96500
32.84576	25.03221
33.00766	25.09803
33.17016	25.16238
33.33322	25.22528
33.49684	25.28673
33.66105	25.34657
33.82584	25.40481
33.99120	25.46139
34.15714	25.51625
34.32365	25.56937
34.49072	25.62068
34.65836	25.67011
34.82655	25.71764
34.99529	25.76320
35.16455	25.80671
35.33435	25.84814
35.50465	25.88745
35.67545	25.92451
35.84672	25.95933
36.01844	25.99184
36.19061	26.02196
36.36317	26.04962
36.53613	26.07478
36.70943	26.09740
36.88306	26.11737
37.05698	26.13465
37.21536	26.14477
37.05998	26.06476
36.90477	25.98440
36.74973	25.90372
36.59483	25.82276
36.44017	25.74136
36.28568	25.65964
36.13137	25.57757
35.97726	25.49513
35.82333	25.41236
35.66958	25.32924
35.51604	25.24574
35.36269	25.16189
35.20953	25.07770
35.05656	24.99316
34.90381	24.90823
34.75127	24.82292
34.59892	24.73725
34.44680	24.65121
34.29487	24.56480
34.14317	24.47801
33.99170	24.39081
33.84046	24.30321
33.68946	24.21521
33.53869	24.12680
33.38816	24.03799
33.23788	23.94876
33.08785	23.85911
32.93807	23.76903
32.78857	23.67851
32.63932	23.58755
32.49037	23.49613
32.34171	23.40422
32.19335	23.31183
32.04528	23.21897
31.89753	23.12562
31.75009	23.03176
31.60298	22.93739
31.45620	22.84251
31.30978	22.74708
31.16371	22.65111
31.01801	22.55458
30.87266	22.45752
30.72774	22.35982
30.58323	22.26152
30.43914	22.16260
30.29549	22.06305
30.15229	21.96285
30.00957	21.86197
29.86734	21.76040
29.72561	21.65811
29.58442	21.55511
29.44377	21.45135
29.30370	21.34682
29.16422	21.24150
29.02539	21.13533
28.88712	21.02843
28.74953	20.92066
28.61269	20.81193
28.47664	20.70222
28.34142	20.59148
28.20707	20.47970
28.07361	20.36684
27.94110	20.25288
27.80959	20.13776
27.67912	20.02148
27.54976	19.90395
27.42154	19.78517
27.29458	19.66507
27.16889	19.54362
27.04461	19.42073
26.92179	19.29639
26.80054	19.17051
26.68099	19.04303
26.56322	18.91388
26.44739	18.78301
26.33364	18.65032
26.22215	18.51572
26.11310	18.37914
26.00671	18.24048
25.90323	18.09964
25.80291	17.95653
25.70606	17.81104
25.61308	17.66306
25.52433	17.51250
25.44031	17.35925
25.36152	17.20326
25.28860	17.04444
25.22224	16.88276
25.16286	16.71839
25.10766	16.55256
25.05626	16.38552
25.00919	16.21721
24.96708	16.04759
24.93076	15.87664
24.90127	15.70439
24.87997	15.53094
24.86864	15.35655
24.86965	15.18183
24.88660	15.00795
24.92141	14.83676
24.97601	14.67086
25.05219	14.51372
25.15007	14.36912
25.26784	14.24019
25.40364	14.13044
25.55400	14.04162
25.71473	13.97328
25.88223	13.92364
26.05366	13.88993
26.22731	13.87047
26.40187	13.86244
26.57664	13.86345
26.75121	13.87167
26.92541	13.88575
27.09916	13.90465
27.27248	13.92711
27.44542	13.95236
27.61805	13.97962
27.79049	14.00819
27.96279	14.03746
28.13508	14.06683
28.30743	14.09585
28.47993	14.12397
28.65265	14.15067
28.82565	14.17555
28.99897	14.19799
29.17266	14.21747
29.34671	14.23330
29.52109	14.24497
29.69572	14.25208
29.87048	14.25323
30.04512	14.24682
30.21915	14.23098
30.39171	14.20353
30.56145	14.16214
30.72636	14.10447
30.88369	14.02862
31.03066	13.93419
31.17131	13.83047
31.30749	13.72093
31.43901	13.60585
31.56576	13.48553
31.68764	13.36028
31.80470	13.23051
31.91700	13.09660
32.02471	12.95897
32.12804	12.81801
32.22730	12.67418
32.32287	12.52784
32.41516	12.37942
32.50469	12.22933
32.59204	12.07794
32.67783	11.92567
32.76289	11.77299
32.84802	11.62035
32.93420	11.46831
33.02269	11.31759
33.11487	11.16910
33.21220	11.02395
33.31530	10.88284
33.42519	10.74696
33.54298	10.61788
33.66973	10.49761
33.80622	10.38854
33.95271	10.29336
34.10865	10.21464
34.27258	10.15434
34.44239	10.11335
34.61568	10.09132
34.79033	10.08678
34.96471	10.09775
35.13765	10.12263
35.30458	10.17360
35.46106	10.25108
35.60586	10.34876
35.73911	10.46175
35.86127	10.58666
35.97331	10.72075
36.07779	10.86085
36.17611	11.00533
36.26929	11.15318
36.35806	11.30373
36.44300	11.45647
36.52452	11.61107
36.60300	11.76723
36.67836	11.92492
36.75118	12.08381
36.82183	12.24366
36.89056	12.40436
36.95750	12.56580
37.02282	12.72792
37.08663	12.89063
37.14907	13.05387
37.21021	13.21760
37.27013	13.38178
37.32891	13.54637
37.38663	13.71134
37.44329	13.87669
37.49908	14.04231
37.55387	14.20828
37.60781	14.37452
37.66095	14.54103
37.71324	14.70780
37.76474	14.87481
37.81553	15.04205
37.86561	15.20949
37.91495	15.37716
37.96359	15.54502
38.01160	15.71308
38.05898	15.88132
38.10575	16.04971
38.15185	16.21830
38.19735	16.38705
38.24228	16.55595
38.28664	16.72500
38.33044	16.89420
38.37369	17.06355
38.41633	17.23304
38.45844	17.40267
38.50002	17.57242
38.54107	17.74231
38.58160	17.91233
38.62161	18.08246
38.66109	18.25272
38.70001	18.42311
38.73843	18.59361
38.77632	18.76422
38.81371	18.93496
38.85059	19.10580
38.88696	19.27675
38.92282	19.44780
38.95810	19.61899
38.99286	19.79026
39.02711	19.96165
39.06083	20.13314
39.07738	20.09984
39.08228	19.92514
39.08693	19.75042
39.09145	19.57570
39.09571	19.40098
39.09985	19.22625
39.10371	19.05152
39.10743	18.87678
39.11087	18.70204
39.11416	18.52729
39.11716	18.35255
39.12000	18.17779
39.12261	18.00304
39.12494	17.82827
39.12703	17.65351
39.12886	17.47874
39.13044	17.30397
39.13174	17.12921
39.13276	16.95443
39.13350	16.77966
39.13395	16.60489
39.13410	16.43011
39.13393	16.25533
39.13344	16.08055
39.13262	15.90578
39.13145	15.73101
39.12993	15.55624
39.12804	15.38147
39.12576	15.20671
39.12307	15.03196
39.11998	14.85721
39.11646	14.68246
39.11248	14.50774
39.10804	14.33302
39.10308	14.15831
39.09760	13.98362
39.09157	13.80895
39.08498	13.63430
39.07780	13.45967
39.06998	13.28507
39.06152	13.11050
39.05236	12.93596
39.04245	12.76146
39.03167	12.58702
39.02012	12.41263
39.00762	12.23830
38.99414	12.06404
38.97961	11.88987
38.96395	11.71581
38.94703	11.54184
38.92878	11.36803
38.90905	11.19437
38.88766	11.02090
38.86447	10.84768
38.83923	10.67474
38.81171	10.50215
38.78158	10.32998
38.74903	10.15827
38.71861	9.98617
38.69161	9.81350
38.66830	9.64028
38.64895	9.46659
38.63394	9.29246
38.62365	9.11800
38.61844	8.94330
38.61888	8.76854
38.62548	8.59390
38.63886	8.41964
38.65974	8.24613
38.68885	8.07383
38.72703	7.90330
38.77526	7.73533
38.83447	7.57093
38.90562	7.41135
38.98957	7.25812
39.08702	7.11309
39.19827	6.97840
39.32319	6.85630
39.46105	6.74903
39.61032	6.65827
39.76859	6.58434
39.93385	6.52772
40.10406	6.48834
40.27729	6.46565
40.45187	6.45879
40.62642	6.46668
40.79983	6.48820
40.97121	6.52227
41.13979	6.56827
41.30492	6.62543
41.46625	6.69260
41.62341	6.76901
41.77611	6.85398
41.92403	6.94703
42.06681	7.04781
42.20396	7.15610
42.33497	7.27176
42.45908	7.39478
42.57537	7.52521
42.66116	7.48864
42.72677	7.32666
42.78738	7.16272
42.84898	6.99917
42.91323	6.83664
42.98076	6.67544
43.05248	6.51606
43.12923	6.35905
43.21211	6.20519
43.30245	6.05560
43.40184	5.91187
43.51216	5.77640
43.63386	5.65105
43.76781	5.53891
43.91397	5.44328
44.07132	5.36753
44.23767	5.31440
44.40985	5.28520
44.58440	5.27952
44.75652	5.30766
44.91797	5.37192
45.06438	5.46642
45.18898	5.58866
45.29429	5.72804
45.38505	5.87732
45.46422	6.03311
45.53493	6.19293
45.59898	6.35553
45.65755	6.52019
45.71151	6.68643
45.76141	6.85393
45.80769	7.02245
45.85075	7.19185
45.89077	7.36197
45.92805	7.53272
45.96280	7.70400
45.99543	7.87571
46.02601	8.04779
46.05474	8.22019
46.08164	8.39287
46.10690	8.56582
46.13057	8.73898
46.15271	8.91235
46.17336	9.08590
46.19262	9.25962
46.21051	9.43347
46.22709	9.60745
46.24239	9.78157
46.25644	9.95578
46.26927	10.13008
46.28090	10.30446
46.29136	10.47893
46.30068	10.65345
46.30886	10.82803
46.31590	11.00267
46.32182	11.17735
46.32666	11.35205
46.33043	11.52679
46.33314	11.70154
46.33475	11.87631
46.33529	12.05109
46.33479	12.22586
46.33327	12.40063
46.33066	12.57539
46.32700	12.75013
46.32233	12.92483
46.31660	13.09953
46.30980	13.27416
46.30199	13.44877
46.29313	13.62331
46.28318	13.79781
46.27224	13.97224
46.26020	14.14660
46.24710	14.32088
46.23298	14.49509
46.21773	14.66920
46.20143	14.84321
46.18407	15.01713
46.16557	15.19092
46.14604	15.36460
46.12534	15.53814
46.10356	15.71156
46.08067	15.88483
46.05660	16.05794
46.03147	16.23089
46.00508	16.40367
45.97762	16.57627
45.94893	16.74868
45.91907	16.92088
45.88803	17.09288
45.85574	17.26465
45.82230	17.43619
45.78751	17.60748
45.75157	17.77851
45.71428	17.94926
45.67577	18.11974
45.63593	18.28992
45.59477	18.45978
45.55232	18.62931
45.50852	18.79851
45.46334	18.96736
45.41677	19.13581
45.36879	19.30387
45.31940	19.47151
45.26857	19.63874
45.21628	19.80550
45.16248	19.97181
45.10717	20.13760
45.05035	20.30286
44.99196	20.46759
44.93204	20.63179
44.87052	20.79537
44.80740	20.95835
44.74271	21.12072
44.67631	21.28239
44.60830	21.44339
44.53862	21.60366
44.46721	21.76318
44.39413	21.92194
44.31924	22.07987
44.24263	22.23696
44.16425	22.39318
44.08404	22.54846
44.00207	22.70281
43.91820	22.85615
43.83250	23.00846
43.74493	23.15972
43.65545	23.30985
43.56410	23.45887
43.47076	23.60663
43.37554	23.75317
43.27832	23.89842
43.17915	24.04233
43.07801	24.18487
42.97485	24.32593
42.86973	24.46557
42.76253	24.60362
42.65338	24.74013
42.54216	24.87494
42.42896	25.00809
42.31371	25.13947
42.19646	25.26908
42.07718	25.39681
41.95586	25.52266
41.83256	25.64651
41.70725	25.76834
41.57995	25.88810
41.45070	26.00573
41.31949	26.12117
41.18635	26.23440
41.05131	26.34535
40.91438	26.45398
40.77560	26.56023
40.63500	26.66404
40.49262	26.76540
40.34850	26.86425
40.20266	26.96056
40.05516	27.05431
39.90601	27.14543
39.77851	27.24416
39.81615	27.41484
39.85378	27.58551
39.89141	27.75619
39.92905	27.92686
39.96659	28.09756
40.00400	28.26828
40.04141	28.43902
40.07882	28.60974
40.11611	28.78050
40.15331	28.95127
40.19052	29.12203
40.22773	29.29280
40.26493	29.46357
40.30194	29.63439
40.33893	29.80520
40.37592	29.97602
40.41290	30.14684
40.44989	30.31765
40.48679	30.48849
40.52354	30.65936
40.56029	30.83022
40.59704	31.00111
40.63379	31.17197
40.67054	31.34284
40.70729	31.51371
40.74379	31.68463
40.78029	31.85555
40.81679	32.02647
40.85329	32.19741
40.88978	32.36833
40.92628	32.53925
40.96278	32.71017
40.99904	32.88114
41.03527	33.05212
41.07150	33.22309
41.10772	33.39407
41.14395	33.56507
41.18018	33.73605
41.21641	33.90702
41.25263	34.07800
41.28865	34.24903
41.32467	34.42005
41.36068	34.59107
41.39671	34.76211
41.43259	34.93316
41.46846	35.10421
41.50433	35.27526
41.54020	35.44632
41.57599	35.61739
41.61171	35.78848
41.64743	35.95956
41.68316	36.13066
41.71886	36.30175
41.75443	36.47287
41.78999	36.64399
41.82555	36.81510
41.86112	36.98622
41.89661	37.15735
41.93201	37.32852
41.96741	37.49967
42.00282	37.67082
42.03822	37.84197
42.07351	38.01314
42.10875	38.18433
42.14399	38.35551
42.17922	38.52670
42.21447	38.69790
42.24957	38.86910
42.28463	39.04033
42.31970	39.21154
42.35477	39.38276
42.38984	39.55398
42.42477	39.72524
42.45966	39.89651
42.49455	40.06777
42.52944	40.23903
42.56433	40.41028
42.59911	40.58156
42.63382	40.75285
42.66853	40.92414
42.70324	41.09544
42.73795	41.26675
42.77259	41.43806
42.80711	41.60939
42.84163	41.78072
42.87615	41.95205
42.91068	42.12338
42.94520	42.29471
42.97953	42.46609
43.01385	42.63745
43.04818	42.80883
43.08251	42.98019
43.11684	43.15157
43.15107	43.32297
43.18520	43.49438
43.21933	43.66579
43.25346	43.83721
43.28759	44.00862
43.32172	44.18003
43.35565	44.35147
43.38957	44.52293
43.42349	44.69438
43.45741	44.86583
43.49134	45.03729
43.52520	45.20875
43.55891	45.38024
43.59261	45.55173
43.62632	45.72323
43.66003	45.89472
43.69374	46.06622
43.72733	46.23773
43.76082	46.40928
43.79430	46.58082
43.82779	46.75235
43.86127	46.92389
43.89476	47.09543
43.92809	47.26699
43.96135	47.43857
43.99460	47.61015
44.02786	47.78175
44.06112	47.95333
44.09438	48.12491
44.11202	48.02982
44.12521	47.85555
44.13866	47.68129
44.15235	47.50705
44.16632	47.33282
44.18057	47.15863
44.19506	46.98446
44.20977	46.81030
44.22474	46.63617
44.24002	46.46208
44.25551	46.28798
44.27122	46.11391
44.28724	45.93986
44.30350	45.76585
44.31996	45.59185
44.33670	45.41788
44.35372	45.24394
44.37093	45.07001
44.38842	44.89611
44.40618	44.72223
44.42412	44.54838
44.44237	44.37457
44.46087	44.20078
44.47953	44.02699
44.49857	43.85326
44.51779	43.67955
44.53724	43.50586
44.55702	43.33218
44.57694	43.15856
44.59721	42.98497
44.61770	42.81139
44.63839	42.63785
44.65944	42.46435
44.68061	42.29086
44.70217	42.11740
44.72390	41.94399
44.74591	41.77060
44.76821	41.59726
44.79066	41.42393
44.81353	41.25066
44.83649	41.07740
44.85987	40.90419
44.88340	40.73100
44.90726	40.55786
44.93136	40.38476
44.95570	40.21169
44.98038	40.03866
45.00521	39.86566
45.03045	39.69271
45.05578	39.51977
45.08161	39.34692
45.10751	39.17407
45.13386	39.00130
45.16034	38.82854
45.18721	38.65584
45.21426	38.48318
45.24167	38.31057
45.26933	38.13798
45.29727	37.96545
45.32552	37.79298
45.35401	37.62055
45.38285	37.44817
45.41191	37.27583
45.44126	37.10353
45.47095	36.93128
45.50093	36.75911
45.53122	36.58698
45.56180	36.41489
45.59269	36.24286
45.62388	36.07091
45.65539	35.89899
45.68720	35.72714
45.71932	35.55532
45.75175	35.38359
45.78451	35.21191
45.81758	35.04029
45.85098	34.86874
45.88469	34.69725
45.91873	34.52582
45.95310	34.35445
45.98780	34.18315
46.02283	34.01192
46.05820	33.84077
46.09391	33.66968
46.12996	33.49866
46.16635	33.32772
46.20309	33.15684
46.24018	32.98603
46.27762	32.81532
46.31541	32.64468
46.35357	32.47412
46.39208	32.30365
46.43096	32.13325
46.47020	31.96294
46.50983	31.79270
46.54981	31.62257
46.59018	31.45251
46.63093	31.28257
46.67207	31.11270
46.71359	30.94292
46.75550	30.77326
46.79781	30.60367
46.84052	30.43419
46.88363	30.26482
46.92714	30.09554
46.97106	29.92638
47.01540	29.75732
47.06015	29.58837
47.10532	29.41955
47.15093	29.25080
47.19697	29.08220
47.24344	28.91372
47.29034	28.74536
47.33857	28.57739
47.42360	28.42572
47.55568	28.31266
47.71893	28.25293
47.89293	28.25234
48.05688	28.31031
48.19145	28.42044
48.28019	28.56997
48.33609	28.73555
48.38942	28.90199
48.44105	29.06897
48.49119	29.23641
48.54003	29.40423
48.58762	29.57238
48.63407	29.74087
48.67942	29.90966
48.72364	30.07875
48.76690	30.24808
48.80906	30.41770
48.85025	30.58756
48.89052	30.75763
48.92972	30.92795
48.96798	31.09849
49.00533	31.26922
49.04174	31.44016
49.07724	31.61130
49.11177	31.78264
49.14537	31.95415
49.17803	32.12584
49.20979	32.29771
49.24062	32.46974
49.27052	32.64193
49.29950	32.81430
49.32756	32.98681
49.35469	33.15947
49.38089	33.33227
49.40617	33.50521
49.43053	33.67827
49.45396	33.85148
49.47642	34.02480
49.49794	34.19825
49.51852	34.37181
49.53816	34.54549
49.55687	34.71925
49.57457	34.89312
49.59131	35.06709
49.60712	35.24115
49.62194	35.41530
49.63574	35.58952
49.64861	35.76384
49.66047	35.93821
49.67129	36.11264
49.68116	36.28714
49.68998	36.46169
49.69778	36.63630
49.70460	36.81094
49.71031	36.98563
49.71504	37.16034
49.71868	37.33507
49.72128	37.50982
49.72283	37.68460
49.72327	37.85936
49.72269	38.03414
49.72094	38.20890
49.71819	38.38368
49.71422	38.55840
49.70925	38.73310
49.70305	38.90776
49.69582	39.08239
49.68734	39.25695
49.67784	39.43147
49.66704	39.60593
49.65520	39.78029
49.64207	39.95457
49.62785	40.12877
49.61236	40.30286
49.59573	40.47683
49.57785	40.65069
49.55875	40.82442
49.53844	40.99803
49.51685	41.17146
49.49410	41.34475
49.46996	41.51784
49.44467	41.69078
49.41801	41.86351
49.39012	42.03603
49.36095	42.20835
49.33041	42.38046
49.29867	42.55233
49.26553	42.72393
49.23106	42.89527
49.19526	43.06633
49.15812	43.23712
49.11962	43.40760
49.07973	43.57777
49.03850	43.74761
48.99589	43.91712
48.95190	44.08626
48.90649	44.25503
48.85970	44.42343
48.81151	44.59142
48.76190	44.75901
48.71085	44.92618
48.65839	45.09290
48.60452	45.25916
48.54918	45.42493
48.49241	45.59023
48.43420	45.75502
48.37453	45.91930
48.31339	46.08305
48.25083	46.24625
48.18679	46.40885
48.12127	46.57088
48.05431	46.73233
47.98586	46.89313
47.91594	47.05331
47.84458	47.21285
47.77169	47.37171
47.69736	47.52990
47.62156	47.68739
47.54428	47.84413
47.46555	48.00016
47.38531	48.15544
47.30364	48.30996
47.22048	48.46369
47.13587	48.61662
47.04982	48.76873
46.96228	48.92001
46.87334	49.07046
46.78291	49.22001
46.69108	49.36872
46.59778	49.51652
46.50309	49.66343
46.40696	49.80939
46.30945	49.95443
46.21051	50.09850
46.11021	50.24162
46.00848	50.38374
45.90544	50.52491
45.80097	50.66504
45.69519	50.80418
45.58805	50.94226
45.47961	51.07931
45.36983	51.21532
45.25874	51.35025
45.14640	51.48412
45.03273	51.61687
44.91780	51.74858
44.81101	51.88178
44.84316	52.05357
44.87532	52.22536
44.90747	52.39715
44.93963	52.56894
44.97179	52.74073
45.00377	52.91257
45.03569	53.08441
45.06761	53.25624
45.09953	53.42808
45.13145	53.59991
45.16327	53.77176
45.19495	53.94364
45.22662	54.11552
45.25830	54.28742
45.28997	54.45930
45.32164	54.63118
45.35307	54.80312
45.38449	54.97504
45.41592	55.14697
45.44734	55.31889
45.47876	55.49083
45.51003	55.66279
45.54119	55.83476
45.57235	56.00674
45.60352	56.17871
45.63467	56.35069
45.66579	56.52266
45.69669	56.69468
45.72758	56.86672
45.75847	57.03875
45.78936	57.21077
45.82025	57.38279
45.85094	57.55485
45.88156	57.72692
45.91217	57.89900
45.94278	58.07108
45.97339	58.24316
46.00393	58.41523
46.03425	58.58736
46.06457	58.75948
46.09489	58.93161
46.12521	59.10373
46.15553	59.27586
46.18561	59.44804
46.21563	59.62022
46.24565	59.79240
46.27567	59.96457
46.30568	60.13675
46.33560	60.30894
46.36531	60.48117
46.39502	60.65342
46.42472	60.82565
46.45443	60.99788
46.48413	61.17012
46.51356	61.34240
46.54294	61.51468
46.57232	61.68697
46.60171	61.85926
46.63109	62.03156
46.66034	62.20386
46.68938	62.37620
46.71842	62.54855
46.74746	62.72089
46.77650	62.89323
46.80555	63.06558
46.83426	63.23800
46.86296	63.41040
46.89165	63.58281
46.92034	63.75521
46.94903	63.92761
46.97754	64.10004
47.00586	64.27250
47.03419	64.44496
47.06252	64.61744
47.09084	64.78990
47.11914	64.96238
47.14708	65.13490
47.17503	65.30743
47.20297	65.47996
47.23092	65.65248
47.25886	65.82502
47.28661	65.99757
47.31425	66.17015
47.34190	66.34272
47.36935	66.51534
47.39679	66.68794
47.42418	66.86057
47.45142	67.03320
47.47865	67.20586
47.50576	67.37850
47.53278	67.55118
47.55981	67.72385
47.58663	67.89656
47.61344	68.06927
47.64018	68.24198
47.66677	68.41473
47.69336	68.58748
47.71980	68.76024
47.74616	68.93301
47.77252	69.10579
47.79865	69.27859
47.82478	69.45141
47.85082	69.62422
47.87671	69.79708
47.90260	69.96993
47.92832	70.14281
47.95397	70.31570
47.97960	70.48857
48.00499	70.66149
48.03038	70.83441
48.05566	71.00737
48.08080	71.18033
48.10593	71.35329
48.13085	71.52627
48.15573	71.69926
48.18053	71.87227
48.20514	72.04530
48.22975	72.21833
48.25417	72.39141
48.27850	72.56448
48.30280	72.73756
48.32685	72.91068
48.35090	73.08379
48.37478	73.25691
48.39854	73.43007
48.42229	73.60324
48.44576	73.77644
48.46922	73.94963
48.49253	74.12283
48.51569	74.29607
48.53885	74.46931
48.56169	74.64258
48.58454	74.81586
48.60722	74.98916
48.62974	75.16248
48.65225	75.33579
48.67445	75.50915
48.69664	75.68251
48.71864	75.85590
48.74049	76.02930
48.76230	76.20271
48.78381	76.37617
48.80531	76.54962
48.82656	76.72310
48.84771	76.89659
48.86874	77.07008
48.88951	77.24361
48.91029	77.41715
48.93072	77.59074
48.95111	77.76432
48.97130	77.93793
48.99130	78.11156
49.01124	78.28519
49.03083	78.45885
49.05043	78.63253
49.06968	78.80624
49.08886	78.97998
49.10781	79.15372
49.12656	79.32748
49.14522	79.50127
49.16352	79.67508
49.18183	79.84889
49.19970	80.02275
49.21755	80.19662
49.23507	80.37051
49.25245	80.54443
49.28844	80.56789
49.34771	80.40347
49.40696	80.23905
49.46622	80.07463
49.52561	79.91026
49.58517	79.74593
49.64472	79.58160
49.70427	79.41729
49.76391	79.25301
49.82371	79.08878
49.88351	78.92456
49.94331	78.76034
50.00315	78.59611
50.06316	78.43195
50.12316	78.26780
50.18316	78.10365
50.24315	77.93951
50.30338	77.77544
50.36361	77.61137
50.42383	77.44730
50.48406	77.28321
50.54428	77.11914
50.60451	76.95507
50.66473	76.79100
50.72496	76.62693
50.78526	76.46289
50.84565	76.29889
50.90606	76.13486
50.96646	75.97086
51.02686	75.80685
51.08726	75.64285
51.14766	75.47884
51.20806	75.31483
51.26846	75.15083
51.32888	74.98683
51.38932	74.82283
51.44976	74.65884
51.51019	74.49484
51.57063	74.33085
51.63107	74.16685
51.69150	74.00286
51.75193	73.83887
51.81238	73.67487
51.87277	73.51085
51.93311	73.34682
51.99346	73.18279
52.05380	73.01877
52.11414	72.85474
52.17448	72.69071
52.23483	72.52669
52.29518	72.36265
52.35552	72.19862
52.41582	72.03459
52.47602	71.87051
52.53622	71.70643
52.59642	71.54235
52.65662	71.37827
52.71675	71.21413
52.77681	71.05000
52.83687	70.88588
52.89693	70.72175
52.95700	70.55762
53.01692	70.39344
53.07682	70.22926
53.13671	70.06506
53.19662	69.90086
53.25650	69.73667
53.31621	69.57241
53.37591	69.40815
53.43562	69.24389
53.49532	69.07963
53.55497	68.91535
53.61446	68.75100
53.67394	68.58666
53.73343	68.42232
53.79291	68.25798
53.85229	68.09360
53.91152	67.92917
53.97076	67.76474
54.02999	67.60031
54.08923	67.43587
54.14832	67.27138
54.20728	67.10685
54.26623	66.94232
54.32519	66.77779
54.38415	66.61326
54.44291	66.44866
54.50157	66.28401
54.56023	66.11937
54.61888	65.95473
54.67754	65.79009
54.73595	65.62537
54.79428	65.46061
54.85260	65.29585
54.91093	65.13110
54.96925	64.96633
55.02730	64.80148
55.08527	64.63660
55.14323	64.47171
55.20120	64.30683
55.25916	64.14195
55.31682	63.97696
55.37440	63.81193
55.43198	63.64691
55.48956	63.48189
55.54713	63.31688
55.60446	63.15178
55.66173	62.98665
55.71894	62.82150
55.77599	62.65630
55.83305	62.49109
55.88993	62.32582
55.94677	62.16055
56.00353	61.99525
56.06013	61.82990
56.11674	61.66455
56.17316	61.49913
56.22953	61.33368
56.28584	61.16822
56.34196	61.00270
56.39808	60.83718
56.45402	60.67161
56.50990	60.50601
56.56572	60.34039
56.62133	60.17470
56.67694	60.00900
56.73238	59.84325
56.78772	59.67748
56.84303	59.51168
56.89811	59.34578
56.95318	59.17991
57.00808	59.01397
57.06287	58.84801
57.11763	58.68204
57.17213	58.51598
57.22663	58.34992
57.28096	58.18382
57.33517	58.01766
57.38936	57.85151
57.44325	57.68525
57.49715	57.51900
57.55090	57.35267
57.60448	57.18632
57.65807	57.01996
57.71135	56.85347
57.76461	56.68701
57.81773	56.52051
57.87066	56.35395
57.92359	56.18738
57.97622	56.02071
58.02881	55.85404
58.06396	55.68983
57.97626	55.53897
57.89550	55.38396
57.81583	55.22840
57.73703	55.07241
57.65908	54.91598
57.58184	54.75921
57.50525	54.60209
57.42933	54.44464
57.35404	54.28692
57.27933	54.12891
57.20527	53.97061
57.13174	53.81205
57.05882	53.65323
56.98643	53.49413
56.91459	53.33482
56.84331	53.17524
56.77261	53.01542
56.70242	52.85535
56.63275	52.69505
56.56362	52.53453
56.49502	52.37378
56.42695	52.21281
56.35943	52.05159
56.29245	51.89014
56.22601	51.72851
56.16009	51.56664
56.09470	51.40454
56.02985	51.24224
55.96554	51.07973
55.90177	50.91702
55.83853	50.75407
55.77585	50.59093
55.71375	50.42757
55.65220	50.26400
55.59119	50.10022
55.53075	49.93623
55.47086	49.77203
55.41152	49.60759
55.35276	49.44300
55.29456	49.27821
55.23692	49.11319
55.17988	48.94799
55.12350	48.78256
55.06770	48.61694
55.01249	48.45113
54.95786	48.28511
54.90379	48.11891
54.85040	47.95250
54.79766	47.78586
54.74556	47.61905
54.69406	47.45201
54.64325	47.28480
54.59307	47.11735
54.54353	46.94974
54.49470	46.78193
54.44652	46.61394
54.39901	46.44575
54.35222	46.27735
54.30609	46.10876
54.26068	45.94000
54.21599	45.77102
54.17198	45.60188
54.12877	45.43254
54.08624	45.26301
54.04449	45.09330
54.00350	44.92342
53.96324	44.75334
53.92380	44.58303
53.88509	44.41261
53.84725	44.24198
53.81017	44.07119
53.77394	43.90021
53.73852	43.72905
53.70394	43.55773
53.67024	43.38625
53.63736	43.21458
53.60542	43.04275
53.57429	42.87078
53.54416	42.69862
53.51487	42.52631
53.48658	42.35386
53.45919	42.18123
53.43277	42.00844
53.40733	41.83553
53.38287	41.66249
53.35944	41.48929
53.33699	41.31595
53.31564	41.14248
53.29525	40.96889
53.27604	40.79520
53.25782	40.62138
53.24080	40.44744
53.22483	40.27338
53.21006	40.09925
53.19640	39.92501
53.18395	39.75068
53.17269	39.57626
53.16265	39.40175
53.15387	39.22721
53.14629	39.05257
53.14009	38.87792
53.13508	38.70322
53.13152	38.52850
53.12921	38.35372
53.12835	38.17895
53.12883	38.00420
53.13075	37.82943
53.13412	37.65468
53.13892	37.47998
53.14528	37.30531
53.15305	37.13071
53.16251	36.95618
53.17342	36.78172
53.18601	36.60743
53.20018	36.43321
53.21597	36.25917
53.23346	36.08528
53.25266	35.91155
53.27361	35.73804
53.29631	35.56474
53.32081	35.39168
53.34711	35.21892
53.37525	35.04643
53.40526	34.87424
53.43719	34.70240
53.47105	34.53096
53.50800	34.36018
53.58366	34.20351
53.70794	34.08196
53.86680	34.01105
54.03989	33.99544
54.20724	34.04245
54.34863	34.14383
54.47182	34.26777
54.59073	34.39585
54.70646	34.52684
54.81939	34.66022
54.92981	34.79567
55.03790	34.93300
55.14384	35.07199
55.24774	35.21256
55.34959	35.35460
55.44955	35.49799
55.54764	35.64262
55.64389	35.78850
55.73841	35.93553
55.83117	36.08366
55.92226	36.23281
56.01170	36.38297
56.09951	36.53407
56.18571	36.68609
56.27036	36.83902
56.35345	36.99279
56.43501	37.14734
56.51510	37.30268
56.59368	37.45879
56.67081	37.61563
56.74653	37.77319
56.82078	37.93140
56.89366	38.09027
56.96512	38.24974
57.03522	38.40987
57.10397	38.57053
57.17136	38.73178
57.23742	38.89362
57.30217	39.05593
57.36564	39.21877
57.42783	39.38212
57.48874	39.54592
57.54837	39.71023
57.60675	39.87497
57.66391	40.04012
57.71985	40.20573
57.77458	40.37172
57.82811	40.53809
57.88046	40.70483
57.93163	40.87194
57.98161	41.03941
58.03045	41.20723
58.07816	41.37536
58.12474	41.54383
58.17021	41.71257
58.21458	41.88163
58.25780	42.05098
58.29995	42.22058
58.34106	42.39047
58.38108	42.56059
58.42002	42.73098
58.45793	42.90161
58.49483	43.07246
58.53063	43.24352
58.56546	43.41478
58.59927	43.58624
58.63206	43.75793
58.66392	43.92978
58.69471	44.10181
58.72458	44.27402
58.75346	44.44638
58.78140	44.61889
58.80839	44.79158
58.83443	44.96441
58.85956	45.13737
58.88375	45.31047
58.90703	45.48370
58.92941	45.65704
58.95087	45.83050
58.97149	46.00403
58.99116	46.17772
59.01003	46.35144
59.02797	46.52531
59.04508	46.69923
59.06136	46.87325
59.07674	47.04736
59.09135	47.22152
59.10508	47.39573
59.11800	47.57005
59.13014	47.74438
59.14144	47.91883
59.15193	48.09330
59.16167	48.26778
59.17061	48.44234
59.17874	48.61693
59.18613	48.79156
59.19279	48.96619
59.19860	49.14086
59.20370	49.31556
59.20808	49.49026
59.21175	49.66502
59.21460	49.83978
59.21675	50.01454
59.21821	50.18929
59.21897	50.36407
59.21901	50.53886
59.21830	50.71365
59.21692	50.88842
59.21487	51.06317
59.21215	51.23793
59.20877	51.41265
59.20464	51.58739
59.19986	51.76210
59.19444	51.93678
59.21732	51.93174
59.26616	51.76393
59.31487	51.59608
59.36332	51.42815
59.41172	51.26023
59.45977	51.09219
59.50782	50.92412
59.55550	50.75597
59.60314	50.58781
59.65049	50.41959
59.69771	50.25131
59.74472	50.08299
59.79152	49.91459
59.83819	49.74617
59.88455	49.57765
59.93087	49.40912
59.97678	49.24049
60.02270	49.07185
60.06821	48.90310
60.11367	48.73434
60.15880	48.56551
60.20381	48.39660
60.24855	48.22763
60.29308	48.05862
60.33743	47.88959
60.38148	47.72046
60.42543	47.55129
60.46898	47.38203
60.51252	47.21275
60.55557	47.04336
60.59862	46.87397
60.64122	46.70449
60.68376	46.53498
60.72593	46.36536
60.76794	46.19571
60.80965	46.02599
60.85114	45.85618
60.89239	45.68632
60.93332	45.51641
60.97409	45.34647
61.01446	45.17642
61.05475	45.00637
61.09455	44.83619
61.13435	44.66599
61.17371	44.49571
61.21280	44.32536
61.25160	44.15495
61.29012	43.98447
61.32836	43.81393
61.36631	43.64334
61.40396	43.47266
61.44133	43.30190
61.47839	43.13108
61.51514	42.96023
61.55159	42.78929
61.58773	42.61829
61.62355	42.44724
61.65905	42.27612
61.69424	42.10491
61.72910	41.93364
61.76363	41.76230
61.79782	41.59092
61.83167	41.41945
61.86518	41.24792
61.89835	41.07634
61.93116	40.90467
61.96363	40.73289
61.99573	40.56109
62.02746	40.38922
62.05883	40.21729
62.08981	40.04528
62.12042	39.87321
62.15065	39.70107
62.18048	39.52885
62.20992	39.35660
62.23897	39.18423
62.26761	39.01184
62.29584	38.83935
62.32366	38.66681
62.35106	38.49420
62.37804	38.32150
62.40458	38.14875
62.43069	37.97592
62.45636	37.80303
62.48156	37.63010
62.50632	37.45709
62.53061	37.28400
62.55444	37.11088
62.57779	36.93765
62.60065	36.76439
62.62303	36.59106
62.64492	36.41764
62.66630	36.24420
62.68717	36.07067
62.70753	35.89709
62.72737	35.72345
62.74667	35.54972
62.76544	35.37593
62.78365	35.20213
62.80132	35.02824
62.81842	34.85431
62.83495	34.68030
62.85091	34.50627
62.86627	34.33219
62.88104	34.15803
62.89521	33.98383
62.90873	33.80957
62.92162	33.63527
62.93388	33.46095
62.94548	33.28654
62.95644	33.11210
62.96673	32.93765
62.97636	32.76312
62.98529	32.58855
62.99353	32.41397
63.00107	32.23936
63.00787	32.06473
63.01389	31.89007
63.01918	31.71535
63.02371	31.54066
63.02748	31.36592
63.03048	31.19118
63.03270	31.01640
63.03411	30.84163
63.03462	30.66685
63.03429	30.49209
63.03312	30.31734
63.03110	30.14252
63.02821	29.96780
62.89046	29.90195
62.72098	29.85939
62.55228	29.81363
62.38444	29.76493
62.21741	29.71346
62.05124	29.65935
61.88585	29.60280
61.72132	29.54389
61.55758	29.48275
61.39466	29.41952
61.23252	29.35428
61.07115	29.28711
60.91059	29.21809
60.75076	29.14733
60.59167	29.07491
60.43340	29.00084
60.27579	28.92526
60.11895	28.84814
59.96282	28.76963
59.80738	28.68975
59.65263	28.60848
59.49859	28.52595
59.34518	28.44218
59.19245	28.35722
59.04036	28.27110
58.88895	28.18386
58.73813	28.09551
58.58796	28.00611
58.43838	27.91567
58.28940	27.82424
58.14107	27.73186
57.99329	27.63854
57.84608	27.54432
57.69943	27.44921
57.55338	27.35324
57.40788	27.25642
57.26292	27.15880
57.11846	27.06039
56.97459	26.96117
56.83121	26.86121
56.68834	26.76055
56.54603	26.65913
56.40416	26.55702
56.26279	26.45420
56.12194	26.35075
55.98154	26.24663
55.84167	26.14188
55.70223	26.03652
55.56325	25.93052
55.42474	25.82393
55.28666	25.71677
55.14907	25.60902
55.01186	25.50075
54.87514	25.39187
54.73884	25.28251
54.60293	25.17259
54.46748	25.06216
54.33239	24.95124
54.19773	24.83980
54.06352	24.72785
53.92985	24.61523
53.79679	24.50192
53.66441	24.38785
53.53261	24.27304
53.40149	24.15749
53.27110	24.04112
53.14138	23.92395
53.01242	23.80601
52.88420	23.68723
52.75682	23.56758
52.63026	23.44707
52.50453	23.32565
52.37970	23.20335
52.25573	23.08008
52.13276	22.95589
52.01077	22.83072
51.88982	22.70456
51.76995	22.57739
51.65118	22.44917
51.53357	22.31988
51.41718	22.18953
51.30202	22.05804
51.18819	21.92544
51.07576	21.79164
50.96472	21.65663
50.85518	21.52045
50.74720	21.38302
50.64088	21.24430
50.53621	21.10433
50.43341	20.96300
50.33239	20.82036
50.23340	20.67633
50.13641	20.53094
50.04158	20.38413
49.94902	20.23588
49.85880	20.08619
49.77104	19.93507
49.68585	19.78245
49.60339	19.62835
49.52377	19.47278
49.44713	19.31571
49.37360	19.15717
49.30332	18.99714
49.23640	18.83565
49.17300	18.67280
49.11335	18.50853
49.05749	18.34291
49.00563	18.17600
48.95784	18.00791
48.91438	17.83862
48.87527	17.66830
48.84077	17.49697
48.81109	17.32472
48.78613	17.15174
48.76598	16.97816
48.75071	16.80404
48.74033	16.62960
48.73489	16.45489
48.73436	16.28012
48.73869	16.10541
48.74787	15.93088
48.76180	15.75665
48.78033	15.58286
48.80338	15.40962
48.83073	15.23702
48.86222	15.06510
48.89767	14.89397
48.93681	14.72363
48.97941	14.55412
49.02520	14.38546
49.07394	14.21763
49.12520	14.05054
49.17884	13.88420
49.23437	13.71847
49.29153	13.55331
49.34993	13.38857
49.40902	13.22410
49.46851	13.05975
49.52784	12.89535
49.58959	12.73187
49.66087	12.57234
49.74332	12.41828
49.83831	12.27165
49.94720	12.13505
50.07096	12.01179
50.20975	11.90580
50.36242	11.82105
50.52629	11.76081
50.69757	11.72689
50.87203	11.71954
51.04583	11.73689
51.21606	11.77603
51.38090	11.83380
51.53947	11.90719
51.69127	11.99369
51.83604	12.09153
51.97448	12.19818
52.10736	12.31167
52.23542	12.43061
52.35919	12.55398
52.47913	12.68111
52.59565	12.81137
52.70906	12.94435
52.81963	13.07973
52.92753	13.21720
53.03377	13.33206
53.14862	13.20036
53.26662	13.07144
53.38774	12.94544
53.51210	12.82263
53.63963	12.70311
53.77051	12.58731
53.90483	12.47549
54.04270	12.36812
54.18425	12.26559
54.33003	12.16919
54.47969	12.07899
54.63326	11.99557
54.79070	11.91964
54.95182	11.85195
55.11643	11.79332
55.28424	11.74458
55.45481	11.70662
55.62753	11.68026
55.80170	11.66621
55.97643	11.66504
56.15073	11.67714
56.32362	11.70257
56.49403	11.74115
56.66098	11.79264
56.81861	11.86761
56.96218	11.96700
57.09109	12.08486
57.20600	12.21646
57.30811	12.35824
57.39853	12.50776
57.47937	12.66269
57.55309	12.82117
57.62121	12.98212
57.68482	13.14488
57.74479	13.30903
57.80175	13.47428
57.85618	13.64035
57.90845	13.80714
57.95884	13.97449
58.00774	14.14229
58.05527	14.31044
58.10159	14.47899
58.14697	14.64780
58.19137	14.81683
58.23509	14.98606
58.27806	15.15545
58.32051	15.32499
58.36261	15.49463
58.40435	15.66434
58.44587	15.83412
58.48735	16.00389
58.52863	16.17373
58.56991	16.34355
58.61125	16.51335
58.65262	16.68316
58.69405	16.85295
58.73569	17.02270
58.77758	17.19242
58.81971	17.36204
58.86210	17.53158
58.90479	17.70108
58.94790	17.87045
58.99139	18.03970
59.03527	18.20889
59.07952	18.37796
59.12436	18.54690
59.16966	18.71569
59.21555	18.88433
59.26196	19.05283
59.30899	19.22115
59.35663	19.38932
59.40489	19.55729
59.45388	19.72511
59.50349	19.89268
59.55388	20.06004
59.60499	20.22718
59.65684	20.39408
59.70955	20.56072
59.76300	20.72710
59.81735	20.89322
59.87257	21.05905
59.92862	21.22459
59.98568	21.38978
60.04363	21.55466
60.10251	21.71921
60.16248	21.88338
60.22342	22.04720
60.28537	22.21064
60.34848	22.37363
60.41253	22.53626
60.47771	22.69842
60.54407	22.86010
60.61159	23.02130
60.68031	23.18201
60.75025	23.34218
60.82142	23.50178
60.89394	23.66082
60.96777	23.81923
61.04295	23.97700
61.11950	24.13411
61.19746	24.29054
61.27684	24.44625
61.35775	24.60120
61.44016	24.75532
61.52409	24.90862
61.60958	25.06106
61.69664	25.21260
61.78532	25.36321
61.87571	25.51280
61.96779	25.66135
62.06158	25.80883
62.15704	25.95522
62.25434	26.10038
62.35344	26.24436
62.45436	26.38705
62.55717	26.52839
62.66183	26.66834
62.76842	26.80690
62.87693	26.94389
62.98740	27.07934
63.09981	27.21315
63.21422	27.34528
63.33066	27.47564
63.44907	27.60415
63.41801	27.48870
63.35727	27.32481
63.29686	27.16082
63.23685	26.99668
63.17725	26.83236
63.11795	26.66794
63.05899	26.50341
63.00055	26.33873
62.94235	26.17388
62.88453	26.00895
62.82719	25.84385
62.77007	25.67867
62.71344	25.51334
62.65718	25.34784
62.60132	25.18226
62.54586	25.01652
62.49083	24.85063
62.43620	24.68463
62.38196	24.51845
62.32815	24.35217
62.27477	24.18576
62.22181	24.01921
62.16930	23.85250
62.11726	23.68563
62.06567	23.51862
62.01455	23.35151
61.96389	23.18424
61.91371	23.01681
61.86403	22.84924
61.81485	22.68155
61.76617	22.51367
61.71803	22.34567
61.67041	22.17751
61.62334	22.00920
61.57684	21.84072
61.53094	21.67209
61.48561	21.50327
61.44089	21.33433
61.39678	21.16518
61.35331	20.99590
61.31049	20.82646
61.26833	20.65686
61.22686	20.48705
61.18610	20.31712
61.14606	20.14698
61.10677	19.97668
61.06826	19.80621
61.03053	19.63554
60.99363	19.46472
60.95758	19.29371
60.92241	19.12252
60.88818	18.95112
60.85489	18.77955
60.82256	18.60778
60.79126	18.43582
60.76098	18.26367
60.73174	18.09137
60.70364	17.91887
60.67685	17.74617
60.65127	17.57328
60.62701	17.40019
60.60416	17.22692
60.58268	17.05347
60.56268	16.87984
60.54428	16.70603
60.52745	16.53209
60.51226	16.35796
60.49891	16.18371
60.48734	16.00932
60.47776	15.83478
60.47023	15.66019
60.46484	15.48549
60.46175	15.31072
60.46107	15.13597
60.46294	14.96121
60.46754	14.78648
60.47503	14.61189
60.48563	14.43743
60.49953	14.26321
60.51699	14.08932
60.53825	13.91586
60.56361	13.74292
60.59344	13.57073
60.62804	13.39942
60.66787	13.22923
60.71331	13.06047
60.76487	12.89348
60.82309	12.72871
60.88848	12.56664
60.95877	12.40662
61.03257	12.24822
61.11036	12.09169
61.19254	11.93747
61.27980	11.78605
61.37283	11.63811
61.47253	11.49458
61.58004	11.35682
61.69674	11.22677
61.82405	11.10712
61.96225	11.00022
62.11170	10.90980
62.27167	10.83979
62.44001	10.79340
62.61332	10.77200
62.78787	10.77657
62.95986	10.80686
63.12622	10.85996
63.28518	10.93244
63.43621	11.02027
63.57946	11.12032
63.71547	11.23006
63.84534	11.34698
63.97010	11.46936
64.09054	11.59599
64.20731	11.72609
64.32077	11.85900
64.43186	11.99393
64.54130	12.13021
64.64960	12.26740
64.75735	12.40498
64.86495	12.54270
64.97274	12.68029
65.08112	12.81741
65.19048	12.95372
65.30123	13.08892
65.41366	13.22276
65.52816	13.35478
65.64515	13.48464
65.76547	13.61140
65.88890	13.73515
66.01631	13.85479
66.14859	13.96900
66.28665	14.07613
66.43135	14.17404
66.58334	14.26022
66.74282	14.33157
66.90916	14.38483
67.08078	14.41734
67.25439	14.43744
67.42869	14.45015
67.60336	14.45547
67.77811	14.45361
67.95264	14.44467
68.12672	14.42903
68.30009	14.40697
68.47259	14.37892
68.64412	14.34534
68.81457	14.30673
68.98396	14.26370
69.15231	14.21682
69.31976	14.16670
69.48641	14.11406
69.65246	14.05960
69.81821	14.00415
69.98397	13.94873
70.15004	13.89426
70.31686	13.84215
70.48489	13.79402
70.65442	13.75162
70.82548	13.71577
70.99799	13.68780
71.17178	13.66966
71.34642	13.66344
71.52095	13.67146
71.69391	13.69592
71.86329	13.73863
72.02672	13.80033
72.18188	13.88056
72.32709	13.97766
72.46150	14.08922
72.58513	14.21271
72.69850	14.34564
72.79350	14.49202
72.86220	14.65255
72.90768	14.82118
72.93324	14.99402
72.94177	15.16853
72.93671	15.34320
72.92164	15.51729
72.89867	15.69055
72.86938	15.86283
72.83475	16.03415
72.79556	16.20447
72.75240	16.37383
72.70577	16.54226
72.65607	16.70981
72.60361	16.87653
72.54887	17.04251
72.49202	17.20777
72.43328	17.37239
72.37280	17.53638
72.31082	17.69980
72.24740	17.86264
72.18266	18.02498
72.11671	18.18683
72.04957	18.34820
71.98143	18.50916
71.91219	18.66961
71.84204	18.82968
71.77103	18.98940
71.69907	19.14866
71.62634	19.30757
71.55284	19.46616
71.47857	19.62437
71.40355	19.78225
71.32788	19.93979
71.25156	20.09702
71.17457	20.25393
71.09692	20.41050
71.01871	20.56679
70.93990	20.72280
70.86053	20.87851
70.78056	21.03394
70.70006	21.18903
70.61901	21.34391
70.53746	21.49848
70.45540	21.65277
70.37283	21.80683
70.28974	21.96059
70.20613	22.11411
70.12208	22.26732
70.03754	22.42028
69.95251	22.57301
69.86705	22.72544
69.78111	22.87763
69.69469	23.02954
69.60778	23.18118
69.52043	23.33256
69.43262	23.48369
69.34437	23.63453
69.25566	23.78511
69.16649	23.93543
69.07687	24.08548
68.98675	24.23523
68.89615	24.38474
68.88658	24.42856
69.00786	24.30271
69.12901	24.17677
69.25002	24.05066
69.37090	23.92444
69.49164	23.79807
69.61223	23.67157
69.73267	23.54491
69.85297	23.41811
69.97310	23.29116
70.09307	23.16407
70.21287	23.03681
70.33251	22.90941
70.45197	22.78182
70.57127	22.65408
70.69035	22.52616
70.80927	22.39809
70.92797	22.26980
71.04650	22.14137
71.16479	22.01271
71.28291	21.88387
71.40076	21.75481
71.51849	21.62562
71.63588	21.49616
71.75306	21.36647
71.86996	21.23657
71.98660	21.10642
72.10300	20.97601
72.21909	20.84537
72.33490	20.71445
72.45039	20.58328
72.56556	20.45181
72.68040	20.32006
72.79488	20.18800
72.90900	20.05563
73.02275	19.92292
73.13608	19.78988
73.24897	19.65644
73.36138	19.52265
73.47334	19.38844
73.58479	19.25382
73.69573	19.11875
73.80611	18.98323
73.91589	18.84723
74.02498	18.71067
74.13335	18.57354
74.24100	18.43584
74.34784	18.29755
74.45379	18.15854
74.55872	18.01878
74.66270	17.87829
74.76544	17.73691
74.86689	17.59460
74.96689	17.45127
75.06525	17.30679
75.16173	17.16107
75.25605	17.01392
75.34796	16.86530
75.44064	16.71710
75.53620	16.57072
75.63480	16.42643
75.73663	16.28441
75.84194	16.14491
75.95091	16.00827
76.06376	15.87482
76.18079	15.74503
76.30222	15.61937
76.42836	15.49841
76.55952	15.38290
76.69590	15.27363
76.83777	15.17160
76.98530	15.07796
77.13857	14.99403
77.29745	14.92137
77.46168	14.86162
77.63050	14.81668
77.80287	14.78832
77.97726	14.77815
78.15170	14.78744
78.32391	14.81662
78.49184	14.86473
78.65357	14.93078
78.80757	15.01328
78.95274	15.11047
79.08832	15.22065
79.21391	15.34211
79.32929	15.47332
79.43441	15.61293
79.52989	15.75926
79.61606	15.91132
79.69260	16.06842
79.75977	16.22972
79.81776	16.39458
79.86671	16.56231
79.90661	16.73247
79.93726	16.90450
79.95847	17.07797
79.96977	17.25234
79.97054	17.42710
80.02104	17.51163
80.17793	17.43459
80.33319	17.35440
80.48865	17.27455
80.64532	17.19710
80.80351	17.12269
80.96343	17.05221
81.12543	16.98665
81.28978	16.92721
81.45670	16.87547
81.62631	16.83351
81.79853	16.80411
81.97272	16.79009
82.14735	16.79349
82.32047	16.81679
82.48914	16.86199
82.64996	16.93006
82.79939	17.02041
82.93480	17.13068
83.04897	17.26242
83.13568	17.41265
83.18847	17.57866
83.20536	17.75239
83.19624	17.92679
83.16516	18.09872
83.12031	18.26760
83.06609	18.43374
83.00486	18.59742
82.93810	18.75892
82.86672	18.91845
82.79144	19.07617
82.71272	19.23222
82.63096	19.38670
82.54642	19.53963
82.45939	19.69121
82.37025	19.84157
82.27912	19.99071
82.18626	20.13877
82.09173	20.28576
81.99570	20.43179
81.89824	20.57687
81.79941	20.72101
81.69932	20.86428
81.59801	21.00671
81.49555	21.14831
81.39198	21.28909
81.28734	21.42906
81.18164	21.56826
81.07495	21.70669
80.96729	21.84436
80.85866	21.98131
80.74912	22.11749
80.63868	22.25296
80.52735	22.38770
80.41518	22.52171
80.30216	22.65503
80.18831	22.78764
80.07364	22.91951
79.95812	23.05069
79.84181	23.18115
79.72474	23.31091
79.60688	23.43997
79.48821	23.56828
79.36880	23.69588
79.24863	23.82281
79.12768	23.94901
79.00597	24.07445
78.88357	24.19918
78.76040	24.32316
78.63645	24.44641
78.51180	24.56892
78.38641	24.69066
78.26025	24.81163
78.13343	24.93185
78.00581	25.05128
77.87749	25.16992
77.74845	25.28781
77.61864	25.40483
77.48813	25.52110
77.35686	25.63649
77.22487	25.75108
77.09219	25.86481
76.95872	25.97765
76.82456	26.08967
76.68962	26.20075
76.55398	26.31097
76.41758	26.42026
76.28044	26.52860
76.14260	26.63604
76.00394	26.74246
75.86464	26.84796
75.72449	26.95240
75.58366	27.05588
75.44202	27.15831
75.29964	27.25968
75.15652	27.36001
75.01262	27.45920
74.86800	27.55735
74.72255	27.65427
74.57642	27.75012
74.42944	27.84470
74.28176	27.93814
74.13327	28.03031
73.98400	28.12126
73.83399	28.21091
73.68317	28.29924
73.53162	28.38628
73.37923	28.47183
73.22604	28.55598
73.07209	28.63873
72.91734	28.72002
72.76185	28.79979
72.60557	28.87807
72.44854	28.95481
72.29075	29.02992
72.13219	29.10346
71.97289	29.17536
71.81282	29.24551
71.65202	29.31397
71.49047	29.38070
71.32817	29.44557
71.16519	29.50862
71.00148	29.56983
70.83706	29.62906
70.67194	29.68638
70.50616	29.74169
70.33966	29.79493
70.17256	29.84612
70.00481	29.89515
69.83642	29.94201
69.66746	29.98670
69.49789	30.02906
69.32778	30.06914
69.15715	30.10691
68.98597	30.14222
68.81433	30.17514
68.64223	30.20557
68.46970	30.23345
68.29678	30.25883
68.12347	30.28152
67.94988	30.30161
67.77592	30.31903
67.60179	30.33365
67.42743	30.34559
67.25288	30.35467
67.07822	30.36094
66.90349	30.36439
66.72873	30.36485
66.55396	30.36247
66.37926	30.35712
66.20470	30.34879
66.03029	30.33753
65.85610	30.32320
65.68219	30.30588
65.50862	30.28560
65.33543	30.26218
65.16261	30.23578
64.99034	30.20641
64.81863	30.17389
64.64748	30.13846
64.47697	30.09999
64.30437	30.08570
64.12960	30.08566
64.03247	30.15879
64.03432	30.33355
64.03532	30.50832
64.03549	30.68309
64.03482	30.85789
64.03334	31.03265
64.03107	31.20740
64.02802	31.38216
64.02419	31.55690
64.01960	31.73164
64.01427	31.90631
64.00820	32.08097
64.00143	32.25562
63.99393	32.43025
63.98575	32.60483
63.97687	32.77938
63.96732	32.95390
63.95707	33.12837
63.94616	33.30280
63.93461	33.47719
63.92242	33.65152
63.90960	33.82583
63.89618	34.00008
63.88214	34.17433
63.86752	34.34848
63.85231	34.52261
63.83652	34.69667
63.82017	34.87067
63.80325	35.04462
63.78579	35.21853
63.76776	35.39237
63.74916	35.56615
63.73003	35.73986
63.71039	35.91352
63.69023	36.08713
63.66957	36.26069
63.64841	36.43418
63.62677	36.60761
63.60465	36.78099
63.58205	36.95431
63.55893	37.12755
63.53533	37.30074
63.51128	37.47384
63.48679	37.64689
63.46185	37.81987
63.43648	37.99278
63.41068	38.16565
63.38446	38.33844
63.35776	38.51116
63.33064	38.68382
63.30310	38.85641
63.27517	39.02896
63.24684	39.20140
63.21812	39.37383
63.18902	39.54617
63.15950	39.71843
63.12957	39.89063
63.09927	40.06276
63.06861	40.23483
63.03760	40.40680
63.00622	40.57876
62.97449	40.75061
62.94235	40.92241
62.90986	41.09413
62.87704	41.26579
62.84388	41.43740
62.81040	41.60893
62.77660	41.78043
62.74240	41.95185
62.70787	42.12319
62.67305	42.29444
62.63791	42.46564
62.60246	42.63680
62.56673	42.80787
62.53062	42.97887
62.49421	43.14981
62.45752	43.32068
62.42053	43.49152
62.38327	43.66228
62.34570	43.83297
62.30781	44.00358
62.26964	44.17413
62.23120	44.34463
62.19250	44.51508
62.15354	44.68547
62.11424	44.85577
62.07469	45.02600
62.03488	45.19619
61.99483	45.36631
61.95453	45.53636
61.91392	45.70636
61.87305	45.87630
61.83195	46.04617
61.79062	46.21597
61.74905	46.38573
61.70719	46.55542
61.66508	46.72506
61.62275	46.89463
61.58018	47.06417
61.53741	47.23362
61.49437	47.40301
61.45109	47.57235
61.40760	47.74162
61.36389	47.91085
61.31998	48.07999
61.27580	48.24909
61.23129	48.41813
61.18670	48.58712
61.14198	48.75606
61.09685	48.92491
61.05171	49.09375
61.00621	49.26250
60.96055	49.43120
60.91481	49.59990
60.86863	49.76847
60.82246	49.93703
60.77597	50.10553
60.72930	50.27396
60.68259	50.44237
60.63543	50.61066
60.58826	50.77895
60.54086	50.94717
60.49322	51.11532
60.44557	51.28347
60.39749	51.45150
60.34938	51.61952
60.30110	51.78750
60.25253	51.95539
60.20396	52.12331
60.15503	52.29110
60.10602	52.45886
60.05690	52.62659
60.00745	52.79423
59.95800	52.96186
59.90828	53.12940
59.85841	53.29691
59.80850	53.46441
59.75821	53.63179
59.70792	53.79918
59.65743	53.96651
59.60674	54.13377
59.55605	54.30103
59.50500	54.46817
59.45390	54.63534
59.40269	54.80246
59.35122	54.96948
59.29974	55.13650
59.24799	55.30344
59.19614	55.47035
59.14424	55.63723
59.09203	55.80402
59.03981	55.97081
58.98733	56.13752
58.93464	56.30416
58.88194	56.47080
58.82909	56.63740
58.77597	56.80391
58.72286	56.97041
58.66965	57.13691
58.61613	57.30329
58.56261	57.46967
58.50907	57.63604
58.45515	57.80229
58.40124	57.96854
58.34732	58.13479
58.29307	58.30093
58.23877	58.46706
58.18448	58.63319
58.12992	58.79922
58.07525	58.96523
58.02059	59.13124
57.96573	59.29717
57.91071	59.46306
57.85569	59.62898
57.80053	59.79482
57.74516	59.96059
57.68980	60.12637
57.63436	60.29212
57.57867	60.45779
57.52298	60.62345
57.46725	60.78911
57.41124	60.95467
57.35523	61.12022
57.29922	61.28578
57.24292	61.45124
57.18660	61.61669
57.13028	61.78214
57.07373	61.94750
57.01711	62.11288
56.96050	62.27824
56.90370	62.44352
56.84681	62.60877
56.78991	62.77402
56.73288	62.93922
56.67571	63.10439
56.61855	63.26955
56.56128	63.43468
56.50385	63.59975
56.44642	63.76483
56.38892	63.92988
56.33125	64.09486
56.27358	64.25985
56.21587	64.42480
56.15795	64.58973
56.10004	64.75463
56.04211	64.91953
55.98397	65.08434
55.92583	65.24917
55.86769	65.41399
55.80934	65.57876
55.75099	65.74350
55.69263	65.90825
55.63411	66.07290
55.57555	66.23757
55.51699	66.40224
55.45828	66.56687
55.39953	66.73148
55.34077	66.89608
55.28188	67.06068
55.22294	67.22522
55.16401	67.38976
55.10491	67.55423
55.04573	67.71867
54.98654	67.88313
54.92736	68.04757
54.86817	68.21202
54.80899	68.37646
54.74963	68.54085
54.69015	68.70518
54.63066	68.86953
54.57118	69.03387
54.51170	69.19821
54.45221	69.36255
54.39258	69.52688
54.33284	69.69113
54.27310	69.85538
54.21337	70.01963
54.15363	70.18388
54.09389	70.34812
54.03405	70.51232
53.97410	70.67649
53.91415	70.84067
53.85421	71.00484
53.79426	71.16901
53.73432	71.33318
53.67427	71.49732
53.61416	71.66144
53.55405	71.82555
53.49393	71.98969
53.43382	72.15380
53.37371	72.31792
53.43853	72.24784
53.54136	72.10651
53.64419	71.96519
53.74701	71.82387
53.84984	71.68254
53.95267	71.54121
54.05549	71.39989
54.15832	71.25857
54.26115	71.11724
54.36397	70.97591
54.46680	70.83459
54.56963	70.69327
54.67247	70.55192
54.77530	70.41059
54.87812	70.26926
54.98095	70.12794
55.08377	69.98662
55.18660	69.84529
55.28943	69.70396
55.39225	69.56264
55.49508	69.42132
55.59791	69.27999
55.70073	69.13866
55.80356	68.99734
55.90639	68.85602
56.00921	68.71469
56.11204	68.57337
56.21489	68.43202
56.31771	68.29070
56.42054	68.14937
56.52337	68.00804
56.62617	67.86675
56.72901	67.72547
56.83188	67.58414
56.93472	67.44286
57.03758	67.30153
57.14045	67.16019
57.24329	67.01891
57.34616	66.87758
57.44899	66.73630
57.55186	66.59497
57.65469	66.45369
57.75756	66.31236
57.86040	66.17107
57.96327	66.02974
58.06610	65.88846
58.16897	65.74713
58.27180	65.60585
58.37467	65.46452
58.47751	65.32323
58.58038	65.18190
58.68325	65.04057
58.78608	64.89929
58.88895	64.75796
58.99178	64.61668
59.09465	64.47535
59.19749	64.33406
59.30036	64.19273
59.40319	64.05145
59.50606	63.91012
59.60889	63.76884
59.71176	63.62751
59.81460	63.48623
59.91747	63.34489
60.02030	63.20361
60.12317	63.06228
60.22604	62.92095
60.32887	62.77967
60.43174	62.63834
60.53458	62.49706
60.63745	62.35572
60.74028	62.21444
60.84315	62.07311
60.94603	61.93184
61.04894	61.79053
61.15181	61.64928
61.25471	61.50798
61.35759	61.36672
61.46049	61.22542
61.56337	61.08416
61.66627	60.94286
61.76918	60.80156
61.87205	60.66030
61.97496	60.51900
62.07783	60.37774
62.18073	60.23643
62.28360	60.09518
62.38651	59.95388
62.48938	59.81262
62.59229	59.67132
62.69516	59.53006
62.79807	59.38876
62.90094	59.24751
63.00385	59.10620
63.10672	58.96495
63.20962	58.82364
63.31253	58.68234
63.41540	58.54108
63.51831	58.39978
63.62118	58.25853
63.72409	58.11722
63.82696	57.97597
63.92986	57.83466
64.03274	57.69341
64.13564	57.55210
64.23851	57.41085
64.34142	57.26954
64.44429	57.12829
64.54720	56.98698
64.65007	56.84573
64.75298	56.70443
64.85588	56.56312
64.95876	56.42187
65.06166	56.28056
65.16453	56.13931
65.26749	55.99805
65.37045	55.85685
65.47343	55.71561
65.57638	55.57441
65.67937	55.43316
65.78231	55.29196
65.88530	55.15071
65.98824	55.00951
66.09123	54.86827
66.19418	54.72707
66.29716	54.58582
66.40015	54.44458
66.50310	54.30338
66.60608	54.16213
66.70903	54.02093
66.81201	53.87968
66.91496	53.73849
67.01794	53.59724
67.12090	53.45604
67.22388	53.31479
67.32683	53.17360
67.42982	53.03235
67.53276	52.89115
67.63575	52.74990
67.73869	52.60870
67.84168	52.46746
67.94466	52.32621
68.04762	52.18501
68.15060	52.04376
68.25355	51.90257
68.35653	51.76132
68.45948	51.62012
68.56247	51.47887
68.66541	51.33767
68.77483	51.20176
68.92046	51.10686
69.09010	51.06858
69.26247	51.09109
69.41703	51.17078
69.53530	51.29818
69.60265	51.45853
69.61078	51.63228
69.57740	51.80376
69.54132	51.97477
69.50398	52.14551
69.46564	52.31605
69.42648	52.48635
69.38644	52.65652
69.34565	52.82645
69.30416	52.99622
69.26199	53.16579
69.21912	53.33527
69.17563	53.50450
69.13146	53.67368
69.08672	53.84257
69.04134	54.01137
68.99538	54.18002
68.94886	54.34850
68.90169	54.51682
68.85392	54.68485
68.80559	54.85284
68.75674	55.02064
68.70734	55.18832
68.65724	55.35575
68.60674	55.52312
68.55563	55.69017
68.50390	55.85718
68.45168	56.02395
68.39883	56.19054
68.34546	56.35696
68.29156	56.52324
68.23704	56.68931
68.18199	56.85516
68.12640	57.02090
68.07028	57.18635
68.01351	57.35170
67.95623	57.51679
67.89839	57.68172
67.84001	57.84646
67.78104	58.01102
67.72148	58.17529
67.66135	58.33940
67.60068	58.50328
67.53942	58.66700
67.47762	58.83046
67.41521	58.99374
67.35217	59.15682
67.28859	59.31958
67.22442	59.48213
67.15967	59.64444
67.09429	59.80661
67.02836	59.96844
66.96181	60.13008
66.89469	60.29140
66.82693	60.45253
66.75858	60.61334
66.68955	60.77396
66.61994	60.93421
66.54967	61.09428
66.47881	61.25400
66.40728	61.41351
66.33513	61.57274
66.26236	61.73159
66.18890	61.89023
66.11481	62.04852
66.04008	62.20648
65.96467	62.36416
65.88859	62.52154
65.81185	62.67854
65.73443	62.83524
65.65633	62.99157
65.57754	63.14757
65.49805	63.30320
65.41785	63.45852
65.33697	63.61343
65.25535	63.76797
65.17300	63.92219
65.08996	64.07594
65.00616	64.22936
64.92167	64.38228
64.83638	64.53490
64.75038	64.68700
64.66358	64.83876
64.57608	64.98999
64.48775	65.14086
64.39868	65.29121
64.30882	65.44112
64.21828	65.59054
64.12679	65.73952
64.03456	65.88792
63.94147	66.03593
63.84755	66.18336
63.75288	66.33024
63.65729	66.47657
63.56098	66.62235
63.46366	66.76760
63.36562	66.91224
63.26665	67.05629
63.16684	67.19976
63.06615	67.34262
62.96459	67.48480
62.86213	67.62646
62.75876	67.76732
62.65451	67.90768
62.54931	68.04720
62.44323	68.18613
62.33617	68.32433
62.22825	68.46177
62.11937	68.59849
62.00952	68.73443
61.89878	68.86964
61.78703	69.00396
61.67433	69.13763
61.56063	69.27033
61.44600	69.40226
61.33038	69.53326
61.21372	69.66347
61.09612	69.79273
60.97746	69.92107
60.85789	70.04851
60.73716	70.17494
60.61554	70.30047
60.49279	70.42489
60.36909	70.54838
60.24432	70.67075
60.11854	70.79207
59.99170	70.91232
59.86380	71.03145
59.73492	71.14945
59.60488	71.26626
59.47393	71.38195
59.34174	71.49635
59.20867	71.60959
59.07440	71.72150
58.93916	71.83218
58.80281	71.94153
58.66539	72.04957
58.52695	72.15623
58.38743	72.26157
58.24689	72.36541
58.10521	72.46776
57.96259	72.56879
57.81887	72.66824
57.67412	72.76617
57.52832	72.86256
57.38152	72.95736
57.23367	73.05056
57.08481	73.14214
56.93494	73.23207
56.78408	73.32032
56.63224	73.40685
56.47941	73.49168
56.32565	73.57471
56.17088	73.65601
56.01523	73.73544
55.85861	73.81306
55.70115	73.88880
55.54270	73.96271
55.38346	74.03468
55.22335	74.10473
55.06244	74.17284
54.90060	74.23903
54.73811	74.30318
54.57469	74.36536
54.41064	74.42548
54.24579	74.48360
54.08024	74.53967
53.91400	74.59367
53.74712	74.64561
53.57961	74.69543
53.41148	74.74316
53.24279	74.78877
53.07351	74.83228
52.90371	74.87367
52.73339	74.91293
52.56262	74.95003
52.39540	74.97136
52.33488	75.13528
52.27435	75.29928
52.21384	75.46320
52.15330	75.62720
52.09276	75.79118
52.03225	75.95512
51.97177	76.11913
51.91138	76.28312
51.85098	76.44715
51.79060	76.61113
51.73020	76.77517
51.66982	76.93915
51.60941	77.10319
51.54923	77.26719
51.48902	77.43130
51.42883	77.59534
51.36862	77.75945
51.30843	77.92351
51.24823	78.08762
51.18816	78.25181
51.12823	78.41595
51.06828	78.58016
51.00836	78.74431
50.94841	78.90851
50.88848	79.07265
50.82862	79.23689
50.76894	79.40112
50.70924	79.56541
50.64961	79.72968
50.59009	79.89404
50.53059	80.05833
50.47114	80.22269
50.41185	80.38707
50.35254	80.55151
50.29329	80.71597
50.23423	80.88043
50.17515	81.04494
50.11617	81.20948
50.05734	81.37408
49.99853	81.53864
49.93984	81.70324
49.88131	81.86789
49.82275	82.03259
49.76438	82.19734
49.70613	82.36216
49.64790	82.52692
49.58991	82.69178
49.53201	82.85665
49.47408	83.02158
49.48640	83.19572
49.49967	83.36991
49.51268	83.54425
49.52520	83.71854
49.53741	83.89292
49.54932	84.06725
49.56079	84.24168
49.57187	84.41608
49.58264	84.59055
49.59301	84.76499
49.60289	84.93952
49.61243	85.11398
49.62162	85.28857
49.63030	85.46310
49.63853	85.63770
49.64639	85.81235
49.65382	85.98691
49.66071	86.16158
49.66711	86.33619
49.67307	86.51093
49.67857	86.68559
49.68354	86.86032
49.68812	87.03498
49.69211	87.20979
49.69550	87.38450
49.69820	87.55929
49.70029	87.73399
49.70162	87.90878
49.70230	88.08353
49.70217	88.25833
49.70134	88.43312
49.69962	88.60786
49.69714	88.78268
49.69372	88.95736
49.68941	89.13213
49.68416	89.30678
49.67787	89.48145
49.67056	89.65606
49.66214	89.83064
49.65250	90.00516
49.64166	90.17958
49.62954	90.35391
49.61603	90.52819
49.60101	90.70229
49.58443	90.87635
49.56618	91.05016
49.54615	91.22375
49.52419	91.39716
49.50015	91.57026
49.47387	91.74308
49.44515	91.91547
49.41367	92.08740
49.37930	92.25869
49.34172	92.42944
49.30043	92.59924
49.25524	92.76807
49.20543	92.93552
49.15078	93.10156
49.09017	93.26542
49.02293	93.42675
48.94844	93.58491
48.86607	93.73901
48.77502	93.88820
48.67457	94.03111
48.56388	94.16637
48.44244	94.29190
48.30974	94.40559
48.16597	94.50480
48.01180	94.58698
47.84883	94.64973
47.67927	94.69154
47.50596	94.71349
47.33133	94.71958
47.15708	94.70764
46.98545	94.67518
46.81957	94.62044
46.66306	94.54308
46.51784	94.44603
46.38810	94.32922
46.27572	94.19553
46.18121	94.04864
46.10390	93.89197
46.04246	93.72845
45.99591	93.56006
45.96171	93.38872
45.93757	93.21559
45.92175	93.04157
45.91295	92.86698
45.91005	92.69228
45.91233	92.51752
45.91907	92.34286
45.92973	92.16846
45.94398	91.99419
45.96133	91.82036
45.98149	91.64668
46.00430	91.47346
46.02940	91.30046
46.05675	91.12787
46.08605	90.95557
46.11718	90.78361
46.15009	90.61195
46.18460	90.44062
46.22063	90.26957
46.25805	90.09889
46.29694	89.92844
46.33721	89.75838
46.37848	89.58859
46.42073	89.41896
46.46381	89.24959
46.50776	89.08040
46.55250	88.91146
46.59798	88.74267
46.64409	88.57418
46.69088	88.40572
46.73823	88.23752
46.78615	88.06943
46.83469	87.90157
46.88380	87.73375
46.93334	87.56621
46.98334	87.39873
47.03377	87.23134
47.08472	87.06419
47.13607	86.89712
47.18776	86.73019
47.23981	86.56328
47.29230	86.39660
47.34513	86.22996
47.39821	86.06351
47.45161	85.89706
47.50540	85.73080
47.55944	85.56455
47.61369	85.39846
47.66832	85.23241
47.72316	85.06651
47.77824	84.90059
47.83359	84.73478
47.88917	84.56908
47.94492	84.40343
48.00091	84.23790
48.05713	84.07239
48.11351	83.90697
48.17027	83.74163
48.22701	83.57635
48.28379	83.41105
48.34106	83.24596
48.39836	83.08081
48.45563	82.91572
48.44846	82.74236
48.43409	82.56824
48.41943	82.39405
48.40445	82.21989
48.38932	82.04578
48.37382	81.87167
48.35813	81.69765
48.34224	81.52357
48.32600	81.34957
48.30962	81.17553
48.29297	81.00158
48.27609	80.82762
48.25907	80.65371
48.24171	80.47975
48.22425	80.30591
48.20650	80.13200
48.18858	79.95816
48.17050	79.78429
48.15213	79.61043
48.13367	79.43667
48.11493	79.26287
48.09607	79.08916
48.07700	78.91540
48.05774	78.74176
48.03836	78.56803
48.01872	78.39440
47.99900	78.22070
47.97902	78.04710
47.95893	77.87347
47.93867	77.69990
47.91822	77.52625
47.89767	77.35271
47.87690	77.17920
47.85606	77.00564
47.83496	76.83217
47.81380	76.65864
47.79243	76.48521
47.77096	76.31173
47.74932	76.13833
47.72755	75.96488
47.70566	75.79151
47.68359	75.61807
47.66145	75.44474
47.63910	75.27141
47.61671	75.09811
47.59396	74.92477
47.57121	74.75152
47.54845	74.57820
47.52560	74.40491
47.50238	74.23172
47.47916	74.05846
47.45594	73.88527
47.43253	73.71201
47.40886	73.53888
47.38519	73.36568
47.36152	73.19255
47.27332	73.05441
47.14117	72.94008
47.00936	72.82526
46.87792	72.71009
46.74681	72.59450
46.61616	72.47851
46.48579	72.36207
46.35577	72.24522
46.22621	72.12794
46.09697	72.01025
45.96814	71.89219
45.83968	71.77361
45.71164	71.65469
45.58397	71.53531
45.45675	71.41553
45.32982	71.29529
45.20343	71.17464
45.07738	71.05356
44.95177	70.93206
44.82656	70.81010
44.70177	70.68777
44.57741	70.56490
44.45346	70.44164
44.33001	70.31798
44.20696	70.19386
44.08437	70.06931
43.96218	69.94426
43.84050	69.81886
43.71926	69.69296
43.59848	69.56668
43.47814	69.43983
43.35833	69.31268
43.23896	69.18498
43.12006	69.05690
43.00165	68.92830
42.88377	68.79935
42.76635	68.66985
42.64936	68.53991
42.53299	68.40957
42.41705	68.27873
42.30169	68.14751
42.18679	68.01575
42.07246	67.88363
41.95861	67.75093
41.84536	67.61791
41.73262	67.48434
41.62043	67.35036
41.50874	67.21588
41.39767	67.08099
41.28709	66.94559
41.17715	66.80978
41.06771	66.67342
40.95884	66.53666
40.85067	66.39948
40.74296	66.26173
40.63591	66.12364
40.52945	65.98502
40.42361	65.84596
40.31832	65.70641
40.21373	65.56647
40.10971	65.42597
40.00632	65.28506
39.90355	65.14368
39.80146	65.00183
39.70001	64.85954
39.59921	64.71679
39.49899	64.57351
39.39950	64.42979
39.30072	64.28567
39.20257	64.14103
39.10512	63.99599
39.00832	63.85041
38.91225	63.70443
38.81687	63.55795
38.72226	63.41109
38.62826	63.26363
38.53506	63.11585
38.44253	62.96751
38.35080	62.81883
38.25975	62.66959
38.16947	62.51996
38.07992	62.36982
37.99111	62.21928
37.90303	62.06832
37.81578	61.91687
37.72928	61.76503
37.64358	61.61269
37.55871	61.45997
37.47454	61.30671
37.39132	61.15311
37.30881	60.99897
37.22717	60.84449
37.14635	60.68944
37.06641	60.53411
36.98725	60.37825
36.90903	60.22199
36.83161	60.06524
36.75505	59.90807
36.67943	59.75057
36.60469	59.59258
36.53082	59.43417
36.45785	59.27534
36.38579	59.11612
36.31468	58.95646
36.24451	58.79642
36.17525	58.63595
36.10695	58.47511
36.03956	58.31378
35.97318	58.15218
35.90775	57.99007
35.84333	57.82764
35.77988	57.66476
35.71740	57.50146
35.65598	57.33789
35.59555	57.17388
35.53614	57.00949
35.47777	56.84473
35.42045	56.67966
35.36419	56.51420
35.30898	56.34838
35.25483	56.18219
35.20179	56.01567
35.14984	55.84880
35.09899	55.68157
35.04925	55.51404
35.00063	55.34617
34.95313	55.17796
34.90682	55.00944
34.86164	54.84058
34.81761	54.67141
34.77479	54.50202
34.73316	54.33225
34.69270	54.16224
34.65349	53.99186
34.61549	53.82130
34.57875	53.65040
34.54327	53.47935
34.50904	53.30788
34.47610	53.13630
34.44446	52.96436
34.41415	52.79229
34.38516	52.61992
34.35750	52.44735
34.33123	52.27452
34.30637	52.10153
34.28291	51.92832
34.26082	51.75496
34.24024	51.58144
34.22103	51.40767
34.20344	51.23384
34.18728	51.05978
34.17268	50.88566
34.15972	50.71131
34.14835	50.53695
34.13861	50.36241
34.13057	50.18782
34.12429	50.01315
34.11981	49.83847
34.11720	49.66370
34.11647	49.48887
34.11781	49.31417
34.12120	49.13935
34.12690	48.96474
34.13499	48.79009
34.14576	48.61573
34.15950	48.44142
34.17690	48.26758
34.20073	48.09443
34.26659	47.93357
34.38375	47.80507
34.53799	47.72470
34.71029	47.70132
34.88002	47.73874
35.02689	47.83208
35.16179	47.94329
35.29574	48.05551
35.42884	48.16880
35.56105	48.28309
35.69240	48.39842
35.82281	48.51469
35.95244	48.63200
36.08113	48.75021
36.20900	48.86938
36.33597	48.98947
36.46212	49.11049
36.58735	49.23234
36.71177	49.35510
36.83532	49.47870
36.95804	49.60317
37.07996	49.72849
37.20093	49.85452
37.32117	49.98145
37.44049	50.10906
37.55909	50.23754
37.67676	50.36667
37.79371	50.49664
37.90978	50.62725
38.02507	50.75861
38.13955	50.89066
38.25326	51.02341
38.36614	51.15680
38.47828	51.29089
38.58959	51.42558
38.70020	51.56100
38.81000	51.69699
38.91903	51.83358
39.02731	51.97080
39.13477	52.10854
39.24158	52.24697
39.34755	52.38586
39.45288	52.52542
39.55739	52.66544
39.66123	52.80606
39.76431	52.94716
39.86670	53.08883
39.96834	53.23095
40.06934	53.37366
40.16959	53.51679
40.26915	53.66043
40.36805	53.80464
40.46619	53.94915
40.56372	54.09424
40.66054	54.23973
40.75673	54.38570
40.85220	54.53204
40.94707	54.67889
41.04123	54.82608
41.13476	54.97371
41.22764	55.12175
41.31989	55.27020
41.41150	55.41903
41.50250	55.56829
41.59283	55.71786
41.68259	55.86789
41.77171	56.01824
41.86019	56.16891
41.94812	56.32004
42.03539	56.47141
42.12207	56.62317
42.20819	56.77528
42.29369	56.92770
42.37862	57.08046
42.46296	57.23355
42.54670	57.38689
42.62991	57.54064
42.71252	57.69463
42.79460	57.84898
42.87607	58.00355
42.95701	58.15846
43.03743	58.31371
43.11723	58.46912
43.19655	58.62495
43.27527	58.78092
43.35350	58.93727
43.43115	59.09378
43.50832	59.25066
43.58493	59.40772
43.66102	59.56507
43.73657	59.72263
43.81161	59.88050
43.88615	60.03860
43.96015	60.19692
44.03366	60.35550
44.10667	60.51432
44.17918	60.67337
44.25116	60.83258
44.32268	60.99211
44.39368	61.15176
44.46422	61.31171
44.53424	61.47181
44.60381	61.63217
44.67287	61.79267
44.74148	61.95345
44.80960	62.11439
44.87724	62.27556
44.94438	62.43689
45.01108	62.59849
45.07729	62.76020
45.14305	62.92214
45.20835	63.08427
45.27319	63.24656
45.33758	63.40907
45.40151	63.57170
45.46497	63.73459
45.52795	63.89757
45.59051	64.06079
45.65261	64.22416
45.71428	64.38769
45.77550	64.55135
45.83628	64.71525
45.89658	64.87929
45.95647	65.04354
46.01590	65.20787
46.07492	65.37239
46.13348	65.53710
46.19157	65.70190
46.24926	65.86691
46.24647	65.79379
46.21851	65.62124
46.19055	65.44875
46.16259	65.27619
46.13456	65.10371
46.10627	64.93121
46.07800	64.75877
46.04971	64.58627
46.02144	64.41383
45.99292	64.24137
45.96434	64.06898
45.93575	63.89653
45.90715	63.72408
45.87849	63.55169
45.84959	63.37930
45.82071	63.20695
45.79182	63.03455
45.76293	62.86221
45.73382	62.68983
45.70465	62.51754
45.67546	62.34519
45.64629	62.17290
45.61705	62.00056
45.58759	61.82831
45.55813	61.65601
45.52868	61.48376
45.49921	61.31146
45.46956	61.13922
45.43984	60.96702
45.41011	60.79476
45.38038	60.62257
45.35060	60.45033
45.32062	60.27818
45.29062	60.10597
45.26063	59.93382
45.23064	59.76160
45.20048	59.58945
45.17022	59.41728
45.13998	59.24517
45.10973	59.07301
45.07946	58.90090
45.04896	58.72878
45.01846	58.55665
44.98797	58.38459
44.95747	58.21247
44.92684	58.04047
44.89610	57.86839
44.86538	57.69637
44.83464	57.52429
44.80389	57.35226
44.77291	57.18022
44.74195	57.00824
44.71098	56.83620
44.68002	56.66422
44.64892	56.49221
44.61773	56.32027
44.58654	56.14828
44.55534	55.97628
44.52413	55.80434
44.49272	55.63239
44.46132	55.46049
44.42990	55.28853
44.39849	55.11663
44.36695	54.94469
44.33533	54.77284
44.30370	54.60092
44.27209	54.42906
44.24042	54.25711
44.20860	54.08529
44.17676	53.91341
44.14494	53.74159
44.11311	53.56971
44.08113	53.39787
44.04910	53.22609
44.01707	53.05424
43.98504	52.88246
43.95295	52.71064
43.92073	52.53889
43.88850	52.36708
43.85628	52.19534
43.82405	52.02353
43.79166	51.85180
43.75924	51.68003
43.72683	51.50832
43.69441	51.33654
43.66191	51.16488
43.62930	50.99314
43.59670	50.82140
43.56410	50.64973
43.53146	50.47797
43.49869	50.30633
43.46590	50.13462
43.43312	49.96298
43.40034	49.79128
43.36742	49.61967
43.33446	49.44800
43.30151	49.27639
43.26854	49.10472
43.23550	48.93312
43.20237	48.76148
43.16924	48.58990
43.13611	48.41827
43.10293	48.24664
43.06964	48.07509
43.03634	47.90349
43.00305	47.73195
42.96975	47.56037
42.93629	47.38885
42.90283	47.21728
42.86938	47.04577
42.83591	46.87420
42.80233	46.70273
42.76871	46.53119
42.73510	46.35971
42.70148	46.18816
42.66776	46.01667
42.63398	45.84516
42.60020	45.67365
42.56643	45.50220
42.53257	45.33070
42.49865	45.15928
42.46472	44.98779
42.43080	44.81638
42.39680	44.64495
42.36274	44.47356
42.32866	44.30211
42.29460	44.13072
42.26045	43.95927
42.22625	43.78791
42.19202	43.61649
42.15782	43.44513
42.12352	43.27369
42.08916	43.10229
42.05481	42.93096
42.02045	42.75956
41.98602	42.58827
41.95152	42.41690
41.91704	42.24559
41.88254	42.07423
41.84795	41.90292
41.81332	41.73158
41.77869	41.56030
41.74406	41.38896
41.70932	41.21772
41.67456	41.04641
41.63981	40.87516
41.60501	40.70383
41.57006	40.53255
41.53511	40.36134
41.50016	40.19007
41.46522	40.01885
41.43026	39.84758
41.39532	39.67636
41.36037	39.50509
41.32523	39.33393
41.29003	39.16271
41.25484	38.99155
41.21964	38.82032
41.18446	38.64916
41.14925	38.47794
41.11407	38.30677
41.07869	38.13558
41.04325	37.96441
41.00783	37.79329
40.97240	37.62212
40.93697	37.45100
40.90154	37.27982
40.86612	37.10871
40.83047	36.93759
40.79483	36.76652
40.75916	36.59539
40.72351	36.42432
40.68785	36.25320
40.65221	36.08213
40.61645	35.91099
40.58059	35.73996
40.54471	35.56888
40.50883	35.39780
40.47297	35.22677
40.43709	35.05569
40.40120	34.88471
40.36511	34.71367
40.32904	34.54269
40.29296	34.37165
40.25689	34.20067
40.22081	34.02963
40.18466	33.85864
40.14838	33.68764
40.11211	33.51670
40.07583	33.34571
40.03957	33.17477
40.00328	33.00377
39.96686	32.83283
39.93040	32.66193
39.89392	32.49097
39.85747	32.32008
39.82100	32.14912
39.78443	31.97826
39.74777	31.80734
39.71113	31.63648
39.67448	31.46556
39.63784	31.29470
39.60104	31.12380
39.56422	30.95298
39.52739	30.78210
39.49057	30.61128
39.45366	30.44038
39.41666	30.26954
39.37968	30.09875
39.34268	29.92791
39.30564	29.75718
39.26848	29.58638
39.23133	29.41563
39.19417	29.24482
39.15688	29.07405
39.11957	28.90327
39.08227	28.73255
39.04480	28.56181
39.00730	28.39114
38.96978	28.22041
38.93228	28.04974
Faah floristy
https://thenounproject.com/icon/flowers-8361220/