29.55500	46.03100
29.68705	45.85496
29.81910	45.67893
29.95114	45.50290
30.08319	45.32686
30.21524	45.15083
30.34728	44.97479
30.47933	44.79876
30.61138	44.62272
30.74343	44.44669
30.87548	44.27065
31.00752	44.09462
31.13957	43.91858
31.27162	43.74255
31.40367	43.56652
31.53572	43.39048
31.66776	43.21445
31.79981	43.03841
31.93186	42.86238
32.06390	42.68634
32.19595	42.51031
32.32800	42.33427
32.46004	42.15824
32.59209	41.98220
32.72414	41.80617
32.85619	41.63014
32.98824	41.45410
33.12029	41.27807
33.25233	41.10203
33.38438	40.92600
33.51643	40.74997
33.64848	40.57393
33.78053	40.39790
33.91257	40.22186
34.04462	40.04583
34.17667	39.86979
34.30872	39.69376
34.44076	39.51772
34.57281	39.34169
34.70486	39.16566
34.83690	38.98962
34.96895	38.81359
35.10100	38.63755
35.23305	38.46152
35.36510	38.28548
35.49714	38.10945
35.62919	37.93342
35.76124	37.75738
35.89328	37.58134
36.02533	37.40531
36.15738	37.22928
36.28943	37.05325
36.42147	36.87720
36.55352	36.70117
36.68557	36.52514
36.81762	36.34911
36.94967	36.17307
37.08171	35.99703
37.21376	35.82100
37.34581	35.64497
37.47786	35.46893
37.60990	35.29290
37.74195	35.11687
37.87400	34.94083
38.00604	34.76479
38.13809	34.58876
38.27014	34.41273
38.40219	34.23669
38.53424	34.06066
38.66628	33.88462
38.79833	33.70859
38.93038	33.53255
39.06242	33.35652
39.19447	33.18049
39.32652	33.00445
39.45857	32.82841
39.59062	32.65238
39.72266	32.47635
39.85471	32.30032
39.98676	32.12428
40.11880	31.94824
40.25085	31.77221
40.38290	31.59618
40.51495	31.42014
40.64700	31.24411
40.77905	31.06807
40.91109	30.89204
41.04314	30.71600
41.17519	30.53997
41.30724	30.36393
41.43929	30.18790
41.57133	30.01187
41.70338	29.83583
41.83543	29.65980
41.96748	29.48376
42.09952	29.30773
42.23157	29.13169
42.36362	28.95566
42.49566	28.77963
42.62771	28.60359
42.75976	28.42756
42.89181	28.25152
43.02386	28.07549
43.15590	27.89945
43.28795	27.72342
43.42000	27.54738
43.55205	27.37135
43.68409	27.19532
43.81614	27.01928
43.94819	26.84325
44.08023	26.66721
44.21228	26.49118
44.34433	26.31514
44.47638	26.13911
44.60843	25.96307
44.74047	25.78704
44.87252	25.61101
45.00457	25.43497
45.13662	25.25894
45.26866	25.08290
45.40071	24.90687
45.53276	24.73083
45.66481	24.55480
45.79685	24.37877
45.92890	24.20273
46.06095	24.02670
46.19300	23.85066
46.32504	23.67463
46.45709	23.49859
46.58914	23.32256
46.72119	23.14652
46.85323	22.97049
46.98528	22.79446
47.11733	22.61842
47.24938	22.44239
47.38142	22.26635
47.51347	22.09032
47.64552	21.91428
47.77757	21.73825
47.90961	21.56221
48.04166	21.38618
48.17371	21.21015
48.30576	21.03411
48.43781	20.85808
48.56985	20.68204
48.70190	20.50601
48.83395	20.32998
48.96600	20.15394
49.09805	19.97791
49.23009	19.80187
49.36214	19.62584
49.49419	19.44980
49.62624	19.27377
49.75828	19.09773
49.89033	18.92170
50.02238	18.74566
50.15442	18.56963
50.28647	18.39359
50.41852	18.21756
50.55057	18.04153
50.68262	17.86549
50.81466	17.68946
50.94671	17.51342
51.07876	17.33739
51.21080	17.16136
51.34285	16.98532
51.47490	16.80929
51.60695	16.63325
51.73899	16.45722
51.87104	16.28119
52.00309	16.10515
52.13514	15.92911
52.26719	15.75308
52.39923	15.57705
52.53128	15.40101
52.66333	15.22498
52.79538	15.04894
52.92742	14.87291
53.05947	14.69687
53.19152	14.52084
53.32357	14.34481
53.45562	14.16877
53.58766	13.99274
53.71971	13.81670
53.85176	13.64067
53.98380	13.46463
54.11585	13.28860
54.24790	13.11256
54.37995	12.93653
54.51200	12.76049
54.64404	12.58446
54.77609	12.40843
54.90814	12.23239
55.04018	12.05636
55.17223	11.88032
55.30428	11.70429
55.43633	11.52826
55.56837	11.35222
55.70042	11.17619
55.83247	11.00015
55.96452	10.82412
56.09657	10.64808
56.22861	10.47205
56.36066	10.29601
56.49271	10.11998
56.62476	9.94394
56.75681	9.76791
56.88885	9.59188
57.02090	9.41584
57.15295	9.23981
57.28500	9.06377
57.41704	8.88774
57.54909	8.71170
57.68114	8.53567
57.81318	8.35964
57.94523	8.18360
58.07728	8.00757
58.20933	7.83153
58.34138	7.65550
58.48034	7.48500
58.63645	7.33006
58.80919	7.19394
58.99700	7.07953
59.19755	6.98930
59.40781	6.92489
59.62446	6.88712
59.84410	6.87599
60.06352	6.89088
60.27978	6.93092
60.49020	6.99492
60.69227	7.08176
60.88358	7.19027
61.06172	7.31927
61.22418	7.46752
61.36844	7.63353
61.49188	7.81553
61.59214	8.01126
61.66725	8.21794
61.71592	8.43239
61.73782	8.65122
61.73354	8.87111
61.70464	9.08914
61.65435	9.30332
61.59914	9.51633
61.54392	9.72935
61.48870	9.94237
61.43349	10.15538
61.37827	10.36840
61.32305	10.58141
61.26783	10.79443
61.21262	11.00744
61.15740	11.22046
61.10218	11.43348
61.04697	11.64649
60.99175	11.85951
60.93653	12.07253
60.88132	12.28554
60.82610	12.49856
60.77088	12.71157
60.71567	12.92459
60.66045	13.13760
60.60523	13.35062
60.55001	13.56364
60.49480	13.77665
60.43958	13.98967
60.38437	14.20268
60.32915	14.41570
60.27393	14.62871
60.21871	14.84173
60.16350	15.05474
60.10828	15.26776
60.05306	15.48078
59.99784	15.69379
59.94263	15.90681
59.88741	16.11983
59.83220	16.33284
59.77698	16.54586
59.72176	16.75887
59.66654	16.97189
59.61133	17.18490
59.55611	17.39792
59.50089	17.61094
59.44567	17.82395
59.39046	18.03697
59.33524	18.24998
59.28003	18.46300
59.22481	18.67602
59.16959	18.88903
59.11437	19.10205
59.05916	19.31507
59.00394	19.52808
58.94872	19.74109
58.89351	19.95411
58.83829	20.16713
58.78307	20.38014
58.72786	20.59316
58.67264	20.80617
58.61742	21.01919
58.56220	21.23221
58.50699	21.44522
58.45177	21.65824
58.39655	21.87125
58.34134	22.08427
58.28612	22.29729
58.23090	22.51030
58.17569	22.72332
58.12047	22.93633
58.06525	23.14935
58.01003	23.36237
57.95482	23.57538
57.89960	23.78840
57.84438	24.00141
57.78917	24.21443
57.73395	24.42744
57.67873	24.64046
57.62352	24.85348
57.56830	25.06649
57.51308	25.27951
57.45787	25.49252
57.40265	25.70554
57.34743	25.91856
57.29221	26.13157
57.23700	26.34459
57.18178	26.55760
57.12656	26.77062
57.07135	26.98364
57.01613	27.19665
56.96091	27.40967
56.90570	27.62268
56.85048	27.83570
56.79526	28.04872
56.74004	28.26173
56.68483	28.47475
56.62961	28.68776
56.57439	28.90078
56.51918	29.11380
56.46396	29.32681
56.40874	29.53983
56.35353	29.75284
56.29831	29.96585
56.24309	30.17888
56.18787	30.39189
56.13266	30.60491
56.07744	30.81792
56.02222	31.03093
55.96701	31.24396
55.91179	31.45697
55.85658	31.66999
55.80136	31.88300
55.74614	32.09602
55.69092	32.30903
55.63570	32.52205
55.58049	32.73507
55.52527	32.94808
55.47005	33.16109
55.41484	33.37411
55.35962	33.58713
55.30441	33.80014
55.24919	34.01316
55.19397	34.22617
55.13876	34.43919
55.08353	34.65221
55.02832	34.86523
54.97310	35.07824
54.91788	35.29125
54.86267	35.50427
54.80745	35.71729
54.75224	35.93031
54.69702	36.14332
54.64180	36.35633
54.58659	36.56935
54.53137	36.78236
54.47615	36.99538
54.42093	37.20840
54.36572	37.42141
54.31050	37.63443
54.25528	37.84744
54.20007	38.06046
54.14485	38.27348
54.08963	38.48649
54.03442	38.69951
53.97920	38.91252
53.92398	39.12555
53.86876	39.33856
53.81355	39.55157
53.75833	39.76459
53.71129	39.97950
53.68117	40.19743
53.66825	40.41705
53.67268	40.63700
53.69444	40.85592
53.73335	41.07245
53.78908	41.28527
53.86127	41.49309
53.94941	41.69466
54.05296	41.88876
54.17127	42.07423
54.30367	42.24993
54.44935	42.41479
54.60746	42.56775
54.77703	42.70792
54.95707	42.83434
55.14645	42.94630
55.34398	43.04319
55.54801	43.12551
55.75340	43.20451
55.95878	43.28351
56.16417	43.36251
56.36956	43.44152
56.57494	43.52052
56.78033	43.59952
56.98572	43.67852
57.19110	43.75751
57.39648	43.83652
57.60188	43.91552
57.80726	43.99452
58.01265	44.07352
58.21803	44.15252
58.42342	44.23152
58.62881	44.31052
58.83419	44.38952
59.03958	44.46852
59.24496	44.54752
59.45035	44.62653
59.65574	44.70553
59.86113	44.78453
60.06651	44.86353
60.27190	44.94253
60.47728	45.02153
60.68267	45.10053
60.88806	45.17953
61.09344	45.25853
61.29883	45.33753
61.50422	45.41653
61.70960	45.49553
61.91499	45.57454
62.12038	45.65353
62.32576	45.73254
62.53115	45.81153
62.73653	45.89053
62.94193	45.96954
63.14731	46.04854
63.35270	46.12754
63.55808	46.20654
63.76347	46.28554
63.96886	46.36454
64.17424	46.44354
64.37962	46.52254
64.58501	46.60154
64.79040	46.68054
64.99579	46.75954
65.20117	46.83855
65.40656	46.91755
65.61195	46.99654
65.81733	47.07555
66.02271	47.15454
66.22810	47.23355
66.43349	47.31255
66.63888	47.39155
66.84426	47.47055
67.04964	47.54955
67.25504	47.62855
67.46043	47.70755
67.66581	47.78655
67.87119	47.86555
68.07658	47.94455
68.28197	48.02356
68.48736	48.10255
68.69274	48.18156
68.89754	48.26205
69.09804	48.35264
69.29300	48.45464
69.48167	48.56785
69.66332	48.69198
69.83731	48.82666
70.00299	48.97144
70.15977	49.12580
70.30713	49.28919
70.44457	49.46101
70.57163	49.64064
70.68790	49.82742
70.79309	50.02067
70.88682	50.21974
70.96881	50.42392
71.03883	50.63250
71.09663	50.84480
71.14201	51.06008
71.17484	51.27765
71.19488	51.49676
71.20210	51.71666
71.19640	51.93661
71.17770	52.15584
71.14606	52.37357
71.10153	52.58904
71.04427	52.80149
70.97446	53.01014
70.89233	53.21426
70.79826	53.41315
70.69265	53.60619
70.57602	53.79275
70.44891	53.97235
70.31688	54.14839
70.18484	54.32444
70.05280	54.50048
69.92077	54.67653
69.78873	54.85257
69.65669	55.02861
69.52466	55.20465
69.39262	55.38070
69.26059	55.55674
69.12856	55.73278
68.99652	55.90882
68.86449	56.08487
68.73244	56.26091
68.60041	56.43696
68.46837	56.61300
68.33633	56.78904
68.20430	56.96508
68.07227	57.14112
67.94023	57.31717
67.80820	57.49322
67.67616	57.66926
67.54412	57.84530
67.41209	58.02134
67.28004	58.19739
67.14801	58.37343
67.01598	58.54947
66.88394	58.72552
66.75191	58.90156
66.61987	59.07761
66.48784	59.25365
66.35580	59.42969
66.22376	59.60573
66.09173	59.78178
65.95969	59.95782
65.82765	60.13387
65.69562	60.30991
65.56358	60.48595
65.43155	60.66199
65.29951	60.83804
65.16747	61.01408
65.03544	61.19012
64.90340	61.36617
64.77137	61.54221
64.63934	61.71825
64.50729	61.89430
64.37526	62.07034
64.24323	62.24638
64.11119	62.42242
63.97916	62.59846
63.84711	62.77451
63.71508	62.95055
63.58305	63.12660
63.45101	63.30264
63.31898	63.47868
63.18694	63.65472
63.05490	63.83077
62.92287	64.00681
62.79083	64.18286
62.65880	64.35890
62.52676	64.53494
62.39472	64.71099
62.26269	64.88703
62.13065	65.06307
61.99862	65.23911
61.86658	65.41516
61.73454	65.59120
61.60251	65.76725
61.47047	65.94329
61.33844	66.11933
61.20641	66.29537
61.07437	66.47142
60.94233	66.64746
60.81030	66.82350
60.67826	66.99955
60.54623	67.17559
60.41419	67.35163
60.28215	67.52768
60.15012	67.70372
60.01808	67.87976
59.88605	68.05581
59.75401	68.23185
59.62197	68.40789
59.48994	68.58394
59.35790	68.75998
59.22586	68.93602
59.09383	69.11207
58.96180	69.28811
58.82976	69.46416
58.69772	69.64019
58.56569	69.81624
58.43365	69.99229
58.30162	70.16832
58.16958	70.34438
58.03754	70.52041
57.90551	70.69646
57.77347	70.87251
57.64144	71.04854
57.50940	71.22459
57.37737	71.40062
57.24533	71.57668
57.11329	71.75272
56.98125	71.92876
56.84922	72.10480
56.71719	72.28084
56.58515	72.45689
56.45311	72.63293
56.32108	72.80898
56.18904	72.98502
56.05701	73.16106
55.92497	73.33710
55.79293	73.51315
55.66090	73.68919
55.52886	73.86523
55.39683	74.04128
55.26479	74.21732
55.13275	74.39337
55.00072	74.56940
54.86868	74.74545
54.73665	74.92149
54.60461	75.09753
54.47258	75.27357
54.34054	75.44962
54.20850	75.62567
54.07647	75.80170
53.94443	75.97775
53.81240	76.15379
53.68036	76.32983
53.54832	76.50589
53.41629	76.68192
53.28425	76.85797
53.15222	77.03400
53.02018	77.21005
52.88814	77.38610
52.75611	77.56214
52.62407	77.73819
52.49204	77.91422
52.36000	78.09027
52.22796	78.26632
52.09593	78.44235
51.96389	78.61840
51.83186	78.79444
51.69982	78.97049
51.56778	79.14654
51.43575	79.32257
51.30371	79.49862
51.17168	79.67465
51.03964	79.85070
50.90760	80.02675
50.77557	80.20279
50.64353	80.37884
50.51150	80.55487
50.37946	80.73092
50.24742	80.90697
50.11539	81.08301
49.98335	81.25905
49.85132	81.43509
49.71928	81.61114
49.58724	81.78719
49.45521	81.96322
49.32317	82.13927
49.19114	82.31531
49.05910	82.49135
48.92707	82.66739
48.79503	82.84344
48.66299	83.01949
48.53096	83.19552
48.39893	83.37157
48.26690	83.54761
48.13485	83.72366
48.00282	83.89970
47.87078	84.07574
47.73875	84.25179
47.60671	84.42782
47.47467	84.60387
47.34264	84.77991
47.21061	84.95596
47.07857	85.13200
46.94653	85.30804
46.81450	85.48409
46.68246	85.66013
46.55043	85.83617
46.41838	86.01221
46.28635	86.18826
46.15432	86.36430
46.02228	86.54035
45.89025	86.71638
45.75821	86.89243
45.62617	87.06847
45.49414	87.24452
45.36210	87.42056
45.23007	87.59660
45.09803	87.77265
44.96600	87.94868
44.83396	88.12473
44.70192	88.30078
44.56989	88.47682
44.43785	88.65287
44.30582	88.82890
44.17378	89.00495
44.04175	89.18098
43.90971	89.35703
43.77767	89.53308
43.64564	89.70912
43.51360	89.88517
43.38157	90.06120
43.24953	90.23725
43.11749	90.41330
42.98546	90.58933
42.85342	90.76538
42.72139	90.94142
42.58935	91.11747
42.45731	91.29352
42.32528	91.46955
42.19324	91.64560
42.06121	91.82163
41.92917	91.99768
41.79713	92.17373
41.66510	92.34977
41.52590	92.52008
41.36953	92.67476
41.19656	92.81059
41.00856	92.92468
40.80785	93.01453
40.59746	93.07856
40.38076	93.11593
40.16109	93.12669
39.94169	93.11140
39.72550	93.07101
39.51518	93.00668
39.31326	92.91950
39.12211	92.81068
38.94419	92.68139
38.78199	92.53288
38.63802	92.36662
38.51489	92.18439
38.41496	91.98849
38.34023	91.78168
38.29197	91.56714
38.27047	91.34827
38.27512	91.12839
38.30435	90.91039
38.35485	90.69629
38.41007	90.48326
38.46529	90.27024
38.52050	90.05724
38.57572	89.84421
38.63094	89.63120
38.68615	89.41818
38.74137	89.20516
38.79659	88.99216
38.85181	88.77913
38.90702	88.56612
38.96224	88.35310
39.01746	88.14008
39.07267	87.92708
39.12789	87.71405
39.18311	87.50105
39.23832	87.28802
39.29354	87.07500
39.34876	86.86200
39.40398	86.64897
39.45919	86.43597
39.51441	86.22295
39.56963	86.00992
39.62484	85.79691
39.68006	85.58389
39.73528	85.37089
39.79049	85.15787
39.84571	84.94484
39.90093	84.73183
39.95615	84.51881
40.01136	84.30581
40.06658	84.09279
40.12180	83.87976
40.17701	83.66676
40.23223	83.45374
40.28745	83.24072
40.34266	83.02770
40.39788	82.81468
40.45310	82.60168
40.50832	82.38866
40.56353	82.17564
40.61875	81.96262
40.67397	81.74962
40.72918	81.53660
40.78440	81.32358
40.83961	81.11057
40.89483	80.89754
40.95005	80.68454
41.00527	80.47151
41.06049	80.25849
41.11570	80.04549
41.17092	79.83247
41.22614	79.61946
41.28135	79.40643
41.33657	79.19341
41.39178	78.98041
41.44700	78.76739
41.50222	78.55438
41.55744	78.34135
41.61266	78.12833
41.66787	77.91533
41.72309	77.70231
41.77831	77.48930
41.83352	77.27628
41.88874	77.06326
41.94395	76.85025
41.99917	76.63722
42.05439	76.42422
42.10961	76.21120
42.16483	75.99818
42.22004	75.78517
42.27526	75.57214
42.33047	75.35914
42.38569	75.14612
42.44091	74.93310
42.49612	74.72009
42.55134	74.50706
42.60656	74.29406
42.66178	74.08104
42.71699	73.86803
42.77221	73.65501
42.82743	73.44199
42.88264	73.22898
42.93786	73.01596
42.99308	72.80295
43.04829	72.58993
43.10351	72.37691
43.15873	72.16390
43.21395	71.95088
43.26916	71.73787
43.32438	71.52485
43.37960	71.31183
43.43481	71.09882
43.49003	70.88580
43.54525	70.67279
43.60046	70.45977
43.65568	70.24675
43.71090	70.03374
43.76612	69.82072
43.82133	69.60771
43.87655	69.39469
43.93177	69.18167
43.98698	68.96866
44.04220	68.75564
44.09742	68.54263
44.15263	68.32961
44.20785	68.11658
44.26307	67.90358
44.31829	67.69056
44.37350	67.47755
44.42872	67.26453
44.48394	67.05151
44.53915	66.83850
44.59437	66.62548
44.64959	66.41248
44.70480	66.19945
44.76002	65.98643
44.81524	65.77342
44.87046	65.56040
44.92567	65.34739
44.98089	65.13437
45.03610	64.92136
45.09132	64.70834
45.14654	64.49532
45.20176	64.28231
45.25697	64.06929
45.31219	63.85629
45.36741	63.64326
45.42263	63.43024
45.47784	63.21723
45.53306	63.00421
45.58827	62.79120
45.64349	62.57818
45.69871	62.36516
45.75393	62.15215
45.80914	61.93913
45.86436	61.72612
45.91958	61.51310
45.97480	61.30008
46.03001	61.08707
46.08523	60.87405
46.14044	60.66105
46.19566	60.44802
46.25087	60.23500
46.29765	60.02004
46.32751	59.80208
46.34019	59.58245
46.33552	59.36250
46.31353	59.14361
46.27438	58.92712
46.21840	58.71436
46.14599	58.50664
46.05761	58.30516
45.95384	58.11117
45.83531	57.92583
45.70272	57.75028
45.55685	57.58560
45.39856	57.43280
45.22881	57.29286
45.04862	57.16665
44.85913	57.05490
44.66152	56.95822
44.45741	56.87604
44.25204	56.79704
44.04664	56.71804
43.84125	56.63903
43.63587	56.56004
43.43048	56.48103
43.22511	56.40204
43.01971	56.32304
42.81432	56.24403
42.60894	56.16504
42.40355	56.08603
42.19817	56.00703
41.99278	55.92803
41.78739	55.84903
41.58201	55.77003
41.37662	55.69103
41.17124	55.61203
40.96585	55.53303
40.76045	55.45403
40.55508	55.37503
40.34969	55.29602
40.14431	55.21703
39.93892	55.13802
39.73352	55.05902
39.52814	54.98002
39.32275	54.90102
39.11737	54.82202
38.91198	54.74302
38.70659	54.66402
38.50121	54.58502
38.29582	54.50602
38.09044	54.42702
37.88505	54.34802
37.67966	54.26901
37.47428	54.19002
37.26889	54.11102
37.06351	54.03202
36.85812	53.95301
36.65274	53.87402
36.44735	53.79501
36.24195	53.71601
36.03658	53.63701
35.83118	53.55801
35.62581	53.47901
35.42041	53.40001
35.21502	53.32101
35.00964	53.24201
34.80425	53.16301
34.59887	53.08401
34.39348	53.00500
34.18809	52.92600
33.98271	52.84701
33.77732	52.76800
33.57194	52.68901
33.36655	52.61000
33.16116	52.53100
32.95578	52.45200
32.75039	52.37300
32.54501	52.29400
32.33962	52.21500
32.13423	52.13600
31.92885	52.05700
31.72346	51.97800
31.51808	51.89900
31.31269	51.82000
31.10791	51.73942
30.90750	51.64865
30.71262	51.54648
30.52407	51.43311
30.34251	51.30883
30.16863	51.17400
30.00307	51.02908
29.84642	50.87458
29.69921	50.71108
29.56191	50.53915
29.43501	50.35940
29.31888	50.17252
29.21386	49.97918
29.12032	49.78004
29.03849	49.57579
28.96863	49.36716
28.91102	49.15480
28.86581	48.93947
28.83319	48.72189
28.81332	48.50276
28.80629	48.28285
28.81219	48.06291
28.83107	47.84369
28.86289	47.62599
28.90759	47.41055
28.96504	47.19818
29.03506	46.98958
29.11736	46.78552
29.21158	46.58670
29.31735	46.39376
29.43414	46.20731
Hilmy Abiyyu Asad
https://thenounproject.com/icon/lightning-bolt-8078335/
