86.34000	61.75400
86.28490	61.69197
86.22980	61.62995
86.17470	61.56792
86.11960	61.50590
86.06450	61.44387
86.00940	61.38185
85.95431	61.31982
85.89921	61.25780
85.84411	61.19577
85.78901	61.13375
85.73391	61.07172
85.67881	61.00969
85.62371	60.94767
85.56861	60.88564
85.51351	60.82362
85.45841	60.76159
85.40332	60.69957
85.34822	60.63754
85.29312	60.57552
85.23802	60.51349
85.18292	60.45146
85.12782	60.38944
85.07272	60.32741
85.01762	60.26539
84.96252	60.20336
84.90742	60.14133
84.85233	60.07931
84.79723	60.01728
84.74213	59.95526
84.68703	59.89323
84.63194	59.83121
84.57684	59.76918
84.52174	59.70716
84.46664	59.64513
84.41154	59.58311
84.35644	59.52108
84.30134	59.45905
84.24624	59.39703
84.19115	59.33500
84.13605	59.27298
84.08095	59.21095
84.02585	59.14893
83.97075	59.08690
83.91565	59.02488
83.86055	58.96285
83.80545	58.90082
83.75035	58.83880
83.69525	58.77677
83.64015	58.71474
83.58506	58.65272
83.52996	58.59069
83.47486	58.52867
83.41976	58.46664
83.36466	58.40462
83.30956	58.34259
83.25446	58.28057
83.19936	58.21854
83.14426	58.15652
83.08916	58.09449
83.03407	58.03246
82.97897	57.97044
82.92387	57.90841
82.86877	57.84639
82.81367	57.78436
82.75858	57.72234
82.70348	57.66031
82.64838	57.59829
82.59328	57.53626
82.53818	57.47424
82.48308	57.41221
82.42799	57.35018
82.37289	57.28816
82.31779	57.22613
82.25999	57.16786
82.18365	57.13536
82.10732	57.10286
82.03098	57.07036
81.95465	57.03786
81.87832	57.00536
81.80199	56.97286
81.72565	56.94036
81.64931	56.90786
81.57298	56.87536
81.49665	56.84286
81.42032	56.81036
81.34399	56.77786
81.26765	56.74536
81.19131	56.71286
81.11498	56.68036
81.03865	56.64786
80.96232	56.61536
80.88599	56.58286
80.80965	56.55035
80.73331	56.51785
80.65698	56.48536
80.58065	56.45285
80.50432	56.42035
80.42799	56.38785
80.35165	56.35535
80.27531	56.32285
80.19898	56.29035
80.12265	56.25785
80.04632	56.22535
79.96999	56.19285
79.89365	56.16035
79.81732	56.12785
79.74098	56.09535
79.66465	56.06285
79.58832	56.03035
79.51199	55.99785
79.43565	55.96535
79.35932	55.93285
79.28298	55.90034
79.20665	55.86785
79.13032	55.83535
79.05399	55.80285
78.97765	55.77034
78.90132	55.73784
78.82498	55.70534
78.74865	55.67284
78.67232	55.64034
78.59599	55.60784
78.51965	55.57534
78.44332	55.54284
78.36699	55.51034
78.29065	55.47784
78.21432	55.44534
78.13799	55.41284
78.06165	55.38034
77.98532	55.34784
77.90899	55.31534
77.83265	55.28284
77.75632	55.25034
77.67999	55.21784
77.60365	55.18534
77.52732	55.15284
77.45099	55.12033
77.37465	55.08783
77.29832	55.05534
77.22198	55.02283
77.14565	54.99033
77.06932	54.95783
76.99299	54.92533
76.91666	54.89283
76.84032	54.86033
76.76398	54.82783
76.68765	54.79533
76.61132	54.76283
76.53499	54.73033
76.45866	54.69783
76.38232	54.66533
76.30598	54.63283
76.22965	54.60033
76.15332	54.56783
76.07699	54.53533
76.00066	54.50283
75.92432	54.47033
75.84798	54.43782
75.77165	54.40533
75.69532	54.37283
75.61899	54.34032
75.54266	54.30782
75.46912	54.27096
75.40776	54.21511
75.34641	54.15927
75.28505	54.10343
75.22369	54.04759
75.16234	53.99174
75.10098	53.93591
75.03962	53.88006
74.97826	53.82422
74.91691	53.76838
74.85555	53.71254
74.79419	53.65669
74.73283	53.60085
74.67148	53.54501
74.61012	53.48917
74.54877	53.43333
74.48740	53.37748
74.42605	53.32164
74.36469	53.26580
74.30334	53.20996
74.24197	53.15411
74.18062	53.09827
74.11926	53.04243
74.05791	52.98659
73.99655	52.93075
73.93519	52.87490
73.87383	52.81906
73.81248	52.76322
73.75112	52.70738
73.68976	52.65154
73.62840	52.59570
73.56705	52.53985
73.50569	52.48401
73.44434	52.42817
73.38297	52.37233
73.32162	52.31648
73.26026	52.26064
73.19891	52.20480
73.13754	52.14896
73.07619	52.09312
73.01483	52.03727
72.95348	51.98143
72.89212	51.92559
72.83076	51.86975
72.76940	51.81390
72.70805	51.75806
72.64669	51.70222
72.58533	51.64638
72.52397	51.59054
72.46262	51.53469
72.40126	51.47885
72.33990	51.42301
72.27854	51.36716
72.21719	51.31133
72.15583	51.25548
72.09447	51.19964
72.03312	51.14380
71.97176	51.08796
71.91040	51.03211
71.84904	50.97627
71.78769	50.92043
71.72633	50.86459
71.66497	50.80875
71.60361	50.75290
71.54226	50.69706
71.48090	50.64122
71.41954	50.58538
71.35818	50.52953
71.29683	50.47369
71.23547	50.41785
71.17412	50.36201
71.11275	50.30617
71.05140	50.25032
70.99004	50.19448
70.92869	50.13864
70.86732	50.08280
70.80597	50.02695
70.74461	49.97112
70.68326	49.91527
70.62190	49.85943
70.56054	49.80359
70.49918	49.74775
70.43783	49.69191
70.37647	49.63606
70.31511	49.58022
70.25375	49.52438
70.19240	49.46854
70.13104	49.41269
70.06969	49.35685
70.00832	49.30101
69.94697	49.24517
69.88561	49.18932
69.82426	49.13348
69.76289	49.07764
69.70154	49.02180
69.64018	48.96596
69.57883	48.91011
69.51747	48.85427
69.45612	48.79843
69.39475	48.74259
69.33340	48.68674
69.27204	48.63091
69.21068	48.57506
69.14932	48.51922
69.08797	48.46338
69.02661	48.40754
68.96526	48.35169
68.90390	48.29585
68.84254	48.24001
68.78118	48.18417
68.71983	48.12833
68.65847	48.07248
68.59711	48.01664
68.53575	47.96080
68.47440	47.90496
68.41304	47.84911
68.35168	47.79327
68.29032	47.73743
68.22897	47.68159
68.16761	47.62575
68.10625	47.56990
68.04489	47.51406
67.98354	47.45822
67.92218	47.40238
67.86082	47.34653
67.79947	47.29070
67.73811	47.23485
67.67675	47.17901
67.61539	47.12317
67.55404	47.06733
67.49268	47.01148
67.43132	46.95564
67.36996	46.89980
67.30861	46.84396
67.24725	46.78812
67.18589	46.73227
67.12453	46.67643
67.06318	46.62059
67.00182	46.56475
66.94047	46.50890
66.87910	46.45306
66.81775	46.39722
66.75639	46.34138
66.69504	46.28554
66.63367	46.22969
66.57232	46.17385
66.51096	46.11801
66.44961	46.06217
66.38825	46.00632
66.32689	45.95048
66.26553	45.89464
66.20418	45.83880
66.14282	45.78296
66.08146	45.72712
66.02010	45.67127
65.95875	45.61543
65.89739	45.55959
65.83604	45.50375
65.77467	45.44790
65.71332	45.39206
65.65196	45.33622
65.59061	45.28038
65.52925	45.22453
65.46789	45.16869
65.40653	45.11285
65.34518	45.05701
65.28382	45.00117
65.22247	44.94532
65.16110	44.88948
65.09975	44.83364
65.03839	44.77780
64.97704	44.72195
64.91567	44.66611
64.85432	44.61027
64.79296	44.55443
64.73161	44.49859
64.67025	44.44275
64.60889	44.38691
64.54753	44.33106
64.48618	44.27522
64.42482	44.21938
64.36346	44.16354
64.30210	44.10769
64.24075	44.05185
64.17939	43.99601
64.11803	43.94017
64.05667	43.88433
63.99532	43.82848
63.93396	43.77264
63.87260	43.71680
63.81124	43.66096
63.74989	43.60511
63.68853	43.54927
63.62717	43.49343
63.56581	43.43759
63.50446	43.38174
63.44310	43.32590
63.38053	43.29929
63.31475	43.34985
63.24897	43.40041
63.18319	43.45096
63.11741	43.50152
63.05163	43.55208
62.98586	43.60264
62.92007	43.65320
62.85429	43.70375
62.78852	43.75431
62.72274	43.80487
62.65696	43.85543
62.59118	43.90599
62.52540	43.95655
62.45962	44.00711
62.39384	44.05766
62.32806	44.10822
62.26228	44.15878
62.19650	44.20934
62.13073	44.25990
62.06495	44.31046
61.99917	44.36102
61.93339	44.41157
61.86761	44.46213
61.80183	44.51269
61.73605	44.56325
61.67027	44.61381
61.60449	44.66437
61.53871	44.71492
61.47293	44.76548
61.40715	44.81604
61.34138	44.86660
61.27560	44.91716
61.20982	44.96772
61.14404	45.01828
61.07826	45.06883
61.01248	45.11939
60.94670	45.16995
60.88092	45.22051
60.81514	45.27107
60.74936	45.32162
60.68358	45.37218
60.61781	45.42274
60.55202	45.47330
60.48625	45.52386
60.42047	45.57442
60.35469	45.62498
60.28891	45.67553
60.22313	45.72609
60.15735	45.77665
60.09157	45.82721
60.02579	45.87777
59.96001	45.92833
59.89423	45.97888
59.82845	46.02944
59.76267	46.08000
59.69690	46.13056
59.63111	46.18112
59.56534	46.23168
59.49956	46.28223
59.42884	46.29322
59.35265	46.26039
59.27645	46.22756
59.20026	46.19473
59.12407	46.16190
59.04787	46.12908
58.97168	46.09625
58.89549	46.06342
58.81929	46.03059
58.74310	45.99776
58.66691	45.96494
58.59072	45.93211
58.51453	45.89928
58.43833	45.86645
58.36214	45.83362
58.28595	45.80079
58.20975	45.76796
58.13356	45.73513
58.05737	45.70230
57.98117	45.66948
57.90498	45.63665
57.82879	45.60382
57.75259	45.57099
57.67640	45.53816
57.60021	45.50533
57.52402	45.47250
57.44783	45.43967
57.37164	45.40685
57.29544	45.37402
57.21925	45.34119
57.14305	45.30836
57.06686	45.27553
56.99067	45.24270
56.91447	45.20987
56.83828	45.17705
56.76209	45.14422
56.68590	45.11139
56.60971	45.07856
56.54089	45.03636
56.49110	44.97000
56.44132	44.90363
56.39154	44.83727
56.34175	44.77090
56.29197	44.70453
56.24218	44.63816
56.19240	44.57180
56.14262	44.50543
56.09283	44.43906
56.04305	44.37270
55.99326	44.30633
55.94348	44.23996
55.89369	44.17359
55.84391	44.10723
55.79412	44.04086
55.74434	43.97449
55.69455	43.90813
55.64477	43.84176
55.59499	43.77539
55.54520	43.70902
55.49542	43.64266
55.44563	43.57629
55.39585	43.50993
55.34606	43.44356
55.29628	43.37719
55.24649	43.31083
55.19671	43.24446
55.14693	43.17809
55.09714	43.11172
55.04736	43.04536
54.99757	42.97899
54.94779	42.91262
54.89800	42.84626
54.84822	42.77989
54.79844	42.71352
54.74865	42.64716
54.69887	42.58079
54.64908	42.51442
54.59930	42.44806
54.54951	42.38169
54.49973	42.31532
54.44994	42.24895
54.40016	42.18259
54.35038	42.11622
54.30059	42.04985
54.25080	41.98349
54.20102	41.91712
54.15124	41.85075
54.10145	41.78439
54.05167	41.71802
54.00188	41.65165
53.95210	41.58529
53.90232	41.51892
53.85253	41.45255
53.80275	41.38618
53.75296	41.31982
53.70318	41.25345
53.65339	41.18708
53.60361	41.12072
53.55383	41.05435
53.50404	40.98798
53.45425	40.92162
53.40447	40.85525
53.35469	40.78888
53.30490	40.72252
53.25512	40.65615
53.20533	40.58978
53.15555	40.52341
53.10577	40.45705
53.05598	40.39068
53.00620	40.32431
52.95641	40.25795
52.90663	40.19158
52.85684	40.12521
52.80706	40.05885
52.75727	39.99248
52.70749	39.92611
52.65770	39.85975
52.60792	39.79338
52.55814	39.72701
52.50835	39.66064
52.45857	39.59428
52.40878	39.52791
52.35900	39.46154
52.30921	39.39518
52.25943	39.32881
52.20964	39.26244
52.15986	39.19608
52.11008	39.12971
52.06029	39.06334
52.01051	38.99698
51.96072	38.93061
51.91094	38.86424
51.86115	38.79787
51.81137	38.73151
51.76159	38.66514
51.71180	38.59877
51.66202	38.53241
51.61223	38.46604
51.56245	38.39967
51.51266	38.33331
51.46288	38.26694
51.41309	38.20057
51.36331	38.13420
51.31353	38.06784
51.26374	38.00147
51.21395	37.93511
51.16417	37.86874
51.11439	37.80237
51.06460	37.73600
51.01329	37.68086
50.94757	37.73150
50.88186	37.78214
50.81614	37.83278
50.75042	37.88342
50.68471	37.93406
50.61899	37.98470
50.55328	38.03534
50.48756	38.08598
50.42184	38.13662
50.35612	38.18726
50.29041	38.23790
50.22469	38.28854
50.15897	38.33918
50.09326	38.38981
50.02754	38.44045
49.96183	38.49109
49.89611	38.54173
49.83039	38.59237
49.76468	38.64301
49.69896	38.69365
49.63324	38.74429
49.56752	38.79493
49.50181	38.84557
49.43609	38.89621
49.37038	38.94685
49.30466	38.99749
49.23894	39.04813
49.17323	39.09877
49.10751	39.14941
49.04179	39.20005
48.97607	39.25069
48.91036	39.30133
48.84464	39.35197
48.77892	39.40260
48.71321	39.45325
48.64749	39.50389
48.58177	39.55452
48.51606	39.60516
48.45034	39.65580
48.38462	39.70644
48.31891	39.75708
48.25319	39.80772
48.18748	39.85836
48.12176	39.90900
48.05604	39.95964
47.99033	40.01028
47.92461	40.06092
47.85889	40.11156
47.79317	40.16220
47.72746	40.21284
47.66174	40.26348
47.59602	40.31412
47.53031	40.36476
47.46459	40.41540
47.39887	40.46604
47.33316	40.51668
47.26744	40.56732
47.20172	40.61796
47.13601	40.66859
47.07029	40.71923
47.00457	40.76987
46.93886	40.82051
46.87314	40.87115
46.80742	40.92179
46.74171	40.97243
46.67599	41.02307
46.61027	41.07372
46.54456	41.12435
46.47884	41.17499
46.41312	41.22563
46.34740	41.27627
46.28169	41.32691
46.21597	41.37755
46.15025	41.42819
46.08454	41.47883
46.01882	41.52947
45.95311	41.58011
45.88739	41.63075
45.82167	41.68139
45.75596	41.73203
45.69024	41.78267
45.62452	41.83331
45.55881	41.88395
45.49309	41.93459
45.42737	41.98523
45.36166	42.03587
45.29594	42.08651
45.23022	42.13715
45.16451	42.18778
45.09879	42.23843
45.03307	42.28906
44.96735	42.33970
44.90164	42.39034
44.83592	42.44098
44.77020	42.49162
44.70449	42.54226
44.63877	42.59290
44.57306	42.64354
44.50734	42.69418
44.44162	42.74482
44.37590	42.79546
44.31019	42.84610
44.24447	42.89674
44.17875	42.94738
44.11304	42.99802
44.04732	43.04866
43.98161	43.09930
43.91589	43.14994
43.85017	43.20058
43.78445	43.25122
43.71874	43.30185
43.65302	43.35249
43.58730	43.40314
43.52159	43.45377
43.45587	43.50441
43.39016	43.55505
43.32444	43.60569
43.25872	43.65633
43.19300	43.70697
43.12729	43.75761
43.06157	43.80825
42.99585	43.85889
42.93014	43.90953
42.86442	43.96017
42.79871	44.01081
42.73299	44.06145
42.66727	44.11209
42.60155	44.16273
42.53584	44.21337
42.47012	44.26401
42.40440	44.31465
42.33869	44.36529
42.27297	44.41593
42.20726	44.46657
42.14154	44.51721
42.07582	44.56784
42.01011	44.61848
41.94439	44.66912
41.87867	44.71976
41.81295	44.77040
41.74724	44.82104
41.68152	44.87169
41.61581	44.92232
41.55009	44.97296
41.48438	45.02360
41.41866	45.07424
41.35294	45.12488
41.28722	45.17552
41.22150	45.22616
41.15579	45.27680
41.09007	45.32744
41.02436	45.37808
40.95864	45.42872
40.89292	45.47936
40.82721	45.53000
40.76149	45.58064
40.69577	45.63128
40.63005	45.68192
40.56434	45.73256
40.49862	45.78320
40.43291	45.83384
40.36719	45.88448
40.30147	45.93512
40.23576	45.98576
40.17004	46.03640
40.10432	46.08703
40.03860	46.13768
39.97289	46.18831
39.90717	46.23895
39.84146	46.28959
39.77574	46.34023
39.71002	46.39087
39.64431	46.44151
39.57859	46.49215
39.51287	46.54279
39.44715	46.59343
39.38144	46.64407
39.31572	46.69471
39.25001	46.74535
39.18429	46.79599
39.11857	46.84663
39.05286	46.89727
38.98714	46.94791
38.92142	46.99855
38.85571	47.04919
38.78999	47.09983
38.72427	47.15047
38.65855	47.20110
38.59284	47.25175
38.52712	47.30239
38.46140	47.35302
38.39569	47.40366
38.32997	47.45430
38.26425	47.50494
38.19854	47.55558
38.13282	47.60622
38.06710	47.65686
38.00139	47.70750
37.93567	47.75814
37.86995	47.80878
37.80424	47.85942
37.73853	47.90994
37.68213	47.84910
37.62572	47.78826
37.56931	47.72742
37.51291	47.66658
37.45650	47.60574
37.40009	47.54490
37.34369	47.48407
37.28728	47.42323
37.23087	47.36238
37.17447	47.30155
37.11806	47.24071
37.06166	47.17987
37.00525	47.11903
36.94884	47.05819
36.89244	46.99736
36.83603	46.93651
36.77962	46.87568
36.72322	46.81484
36.66682	46.75400
36.61040	46.69316
36.55400	46.63232
36.49760	46.57148
36.44118	46.51064
36.38478	46.44980
36.32838	46.38897
36.27197	46.32813
36.21556	46.26728
36.15916	46.20645
36.10275	46.14561
36.04634	46.08477
35.98994	46.02393
35.93353	45.96309
35.87712	45.90226
35.82072	45.84141
35.76431	45.78057
35.70790	45.71974
35.65150	45.65890
35.59509	45.59806
35.53832	45.56364
35.48026	45.62290
35.42220	45.68216
35.36414	45.74142
35.30608	45.80069
35.24802	45.85995
35.18995	45.91921
35.13189	45.97847
35.07383	46.03773
35.01577	46.09700
34.95771	46.15626
34.89965	46.21552
34.84159	46.27478
34.78352	46.33405
34.72546	46.39330
34.66740	46.45256
34.60934	46.51183
34.55128	46.57109
34.49322	46.63035
34.43516	46.68961
34.37710	46.74888
34.31904	46.80814
34.26098	46.86740
34.20292	46.92666
34.14485	46.98592
34.08679	47.04519
34.02873	47.10444
33.97067	47.16371
33.91261	47.22297
33.85455	47.28223
33.79649	47.34149
33.73843	47.40076
33.68037	47.46002
33.62231	47.51928
33.56425	47.57854
33.50618	47.63780
33.44812	47.69706
33.39006	47.75632
33.33200	47.81559
33.27394	47.87485
33.21588	47.93411
33.15782	47.99337
33.09975	48.05264
33.04169	48.11190
32.98363	48.17116
32.92557	48.23042
32.86751	48.28968
32.80945	48.34894
32.75139	48.40820
32.69333	48.46747
32.63527	48.52673
32.57721	48.58599
32.51915	48.64525
32.46108	48.70451
32.40302	48.76377
32.34496	48.82304
32.28690	48.88230
32.22884	48.94156
32.17078	49.00082
32.11272	49.06008
32.05465	49.11935
31.99659	49.17861
31.93853	49.23787
31.88047	49.29713
31.82241	49.35640
31.76435	49.41566
31.70629	49.47491
31.64822	49.53418
31.59017	49.59344
31.53211	49.65270
31.47404	49.71197
31.41598	49.77123
31.35792	49.83049
31.29986	49.88975
31.24180	49.94901
31.18374	50.00827
31.12568	50.06754
31.06762	50.12680
31.00955	50.18606
30.95149	50.24532
30.89343	50.30458
30.83537	50.36385
30.77731	50.42311
30.71925	50.48237
30.66119	50.54163
30.60312	50.60089
30.54507	50.66015
30.48701	50.71941
30.42894	50.77868
30.37088	50.83794
30.31282	50.89720
30.25476	50.95646
30.19670	51.01573
30.13864	51.07499
30.08058	51.13425
30.02252	51.19351
29.96445	51.25277
29.90639	51.31203
29.84834	51.37129
29.79027	51.43056
29.73221	51.48982
29.67415	51.54908
29.61609	51.60834
29.55803	51.66761
29.49997	51.72687
29.44191	51.78613
29.38384	51.84539
29.32578	51.90465
29.26772	51.96391
29.20966	52.02317
29.15160	52.08244
29.09354	52.14170
29.03548	52.20096
28.97741	52.26022
28.91935	52.31948
28.86129	52.37875
28.80323	52.43801
28.74517	52.49727
28.68711	52.55653
28.62905	52.61579
28.57099	52.67505
28.51293	52.73432
28.45487	52.79358
28.39681	52.85284
28.33874	52.91211
28.28068	52.97137
28.22262	53.03062
28.16456	53.08989
28.10650	53.14915
28.04844	53.20841
27.99038	53.26767
27.93231	53.32694
27.87425	53.38620
27.81619	53.44546
27.75813	53.50472
27.70007	53.56398
27.64201	53.62325
27.58395	53.68251
27.52589	53.74176
27.46783	53.80103
27.40977	53.86029
27.35171	53.91955
27.29364	53.97882
27.23646	54.03127
27.19534	53.95921
27.15422	53.88716
27.11309	53.81510
27.07197	53.74305
27.03085	53.67099
26.98972	53.59893
26.94860	53.52688
26.90748	53.45483
26.86635	53.38277
26.82523	53.31071
26.78411	53.23866
26.74298	53.16661
26.70186	53.09454
26.66074	53.02249
26.61961	52.95044
26.57849	52.87838
26.53737	52.80632
26.49624	52.73427
26.45512	52.66222
26.41400	52.59016
26.37288	52.51810
26.33175	52.44605
26.27062	52.47551
26.20523	52.52658
26.13985	52.57764
26.07447	52.62871
26.00908	52.67977
25.94369	52.73084
25.87831	52.78191
25.81292	52.83297
25.74754	52.88404
25.68215	52.93510
25.61677	52.98617
25.55138	53.03724
25.48599	53.08830
25.42061	53.13937
25.35522	53.19043
25.28984	53.24150
25.22445	53.29257
25.15907	53.34364
25.09368	53.39470
25.02829	53.44577
24.96291	53.49683
24.89753	53.54790
24.83214	53.59896
24.76675	53.65003
24.70137	53.70110
24.63598	53.75216
24.57059	53.80323
24.50521	53.85430
24.43982	53.90536
24.37444	53.95643
24.30905	54.00750
24.24367	54.05856
24.17828	54.10963
24.11289	54.16070
24.04751	54.21176
23.98212	54.26283
23.91674	54.31389
23.85135	54.36496
23.78597	54.41603
23.72058	54.46709
23.65520	54.51816
23.58981	54.56923
23.52443	54.62029
23.45904	54.67136
23.39365	54.72243
23.32827	54.77349
23.26288	54.82456
23.19750	54.87562
23.13211	54.92669
23.06672	54.97776
23.00134	55.02882
22.93595	55.07989
22.87057	55.13095
22.80518	55.18202
22.73980	55.23309
22.67441	55.28416
22.60902	55.33522
22.54364	55.38628
22.47826	55.43735
22.41287	55.48842
22.34748	55.53949
22.28210	55.59055
22.21671	55.64162
22.15133	55.69268
22.08594	55.74375
22.02056	55.79482
21.95517	55.84589
21.88978	55.89695
21.82440	55.94801
21.75901	55.99908
21.69362	56.05015
21.62824	56.10122
21.56286	56.15228
21.49747	56.20335
21.43208	56.25441
21.36670	56.30548
21.30131	56.35655
21.23592	56.40762
21.17054	56.45868
21.10516	56.50974
21.03977	56.56081
20.97438	56.61188
20.90900	56.66294
20.84361	56.71401
20.77822	56.76508
20.71284	56.81614
20.64746	56.86721
20.58207	56.91828
20.51668	56.96934
20.45130	57.02041
20.38592	57.07147
20.32053	57.12254
20.25514	57.17361
20.18976	57.22467
20.12437	57.27574
20.05898	57.32681
19.99360	57.37787
19.92822	57.42894
19.86283	57.48001
19.79744	57.53107
19.73206	57.58214
19.66667	57.63320
19.60128	57.68427
19.53590	57.73534
19.47052	57.78640
19.40512	57.83747
19.33974	57.88853
19.27436	57.93960
19.20897	57.99067
19.14358	58.04174
19.07820	58.09280
19.01282	58.14387
18.94743	58.19493
18.88204	58.24600
18.81666	58.29707
18.75127	58.34813
18.68588	58.39920
18.62050	58.45026
18.55511	58.50133
18.48973	58.55240
18.42434	58.60347
18.35896	58.65453
18.29357	58.70559
18.22818	58.75666
18.16280	58.80773
18.09742	58.85880
18.03203	58.90986
17.96664	58.96093
17.90126	59.01199
17.83587	59.06306
17.77048	59.11413
17.70510	59.16519
17.63972	59.21626
17.57433	59.26732
17.50894	59.31839
17.44356	59.36946
17.37817	59.42052
17.31278	59.47159
17.24740	59.52266
17.18201	59.57372
17.11663	59.62479
17.05124	59.67586
16.98586	59.72692
16.92047	59.77799
16.85509	59.82905
16.78970	59.88012
16.72432	59.93119
16.65893	59.98225
16.59354	60.03332
16.52816	60.08439
16.46277	60.13545
16.39739	60.18652
16.33200	60.23759
16.26661	60.28865
16.20123	60.33972
16.13584	60.39079
16.07046	60.44185
16.00507	60.49292
15.93969	60.54398
15.87430	60.59505
15.80892	60.64611
15.74353	60.69718
15.67814	60.74825
15.61276	60.79932
15.54737	60.85038
15.48199	60.90145
15.41660	60.95251
15.35122	61.00358
15.28583	61.05465
15.22045	61.10571
15.15506	61.15678
15.08967	61.20784
15.02429	61.25891
14.95890	61.30998
14.89352	61.36105
14.82813	61.41211
14.76275	61.46317
14.69736	61.51424
14.63197	61.56531
14.56659	61.61637
14.50120	61.66744
14.43582	61.71851
14.37043	61.76957
14.30505	61.82064
14.23966	61.87171
14.17427	61.92278
14.10889	61.97384
14.04351	62.02490
13.97812	62.07597
13.91273	62.12704
13.84735	62.17810
13.78196	62.22917
13.71657	62.28024
13.67229	62.32248
13.75457	62.31181
13.83685	62.30114
13.91912	62.29047
14.00139	62.27980
14.08367	62.26912
14.16595	62.25845
14.24822	62.24778
14.33049	62.23711
14.41277	62.22644
14.49505	62.21577
14.57732	62.20510
14.65959	62.19443
14.74187	62.18376
14.82414	62.17309
14.90642	62.16242
14.98870	62.15174
15.07097	62.14108
15.15324	62.13041
15.23552	62.11973
15.31780	62.10906
15.40007	62.09839
15.48234	62.08772
15.56462	62.07705
15.64690	62.06638
15.72917	62.05571
15.81144	62.04504
15.89372	62.03437
15.97600	62.02369
16.05827	62.01302
16.14055	62.00235
16.22282	61.99168
16.30510	61.98101
16.38737	61.97034
16.46965	61.95967
16.55192	61.94900
16.63420	61.93833
16.71647	61.92766
16.79875	61.91698
16.88102	61.90631
16.96329	61.89565
17.04557	61.88497
17.12785	61.87430
17.21012	61.86363
17.29239	61.85296
17.37467	61.84229
17.45695	61.83162
17.53922	61.82095
17.62150	61.81028
17.70377	61.79961
17.78605	61.78894
17.86832	61.77826
17.95060	61.76759
18.03287	61.75692
18.11515	61.74625
18.19742	61.73558
18.27970	61.72491
18.36197	61.71424
18.44424	61.70357
18.52653	61.69290
18.60880	61.68222
18.69107	61.67155
18.77334	61.66088
18.85563	61.65022
18.93790	61.63954
19.02017	61.62887
19.10245	61.61820
19.18472	61.60753
19.26700	61.59686
19.34927	61.58619
19.43155	61.57552
19.51382	61.56485
19.59610	61.55418
19.67838	61.54350
19.76065	61.53283
19.84292	61.52216
19.92520	61.51149
20.00748	61.50082
20.08975	61.49015
20.13095	61.42623
20.16218	61.34937
20.19340	61.27250
20.22463	61.19563
20.25585	61.11877
20.28708	61.04190
20.31830	60.96504
20.34952	60.88818
20.38074	60.81132
20.41197	60.73445
20.44320	60.65759
20.47442	60.58072
20.50564	60.50385
20.53687	60.42699
20.56809	60.35013
20.59931	60.27327
20.63054	60.19640
20.66176	60.11953
20.69299	60.04267
20.72421	59.96581
20.75544	59.88894
20.78666	59.81208
20.81788	59.73521
20.84911	59.65834
20.88033	59.58148
20.91155	59.50462
20.94278	59.42776
20.97400	59.35089
21.00523	59.27403
21.03645	59.19717
21.06768	59.12030
21.09890	59.04343
21.13012	58.96657
21.16135	58.88971
21.19257	58.81284
21.22379	58.73598
21.25502	58.65911
21.28624	58.58224
21.31747	58.50538
21.34869	58.42852
21.37991	58.35166
21.41114	58.27479
21.44236	58.19793
21.47359	58.12106
21.50481	58.04420
21.53671	57.96795
21.61014	57.92934
21.68357	57.89074
21.75701	57.85212
21.83044	57.81352
21.90388	57.77491
21.97731	57.73631
22.05075	57.69770
22.12418	57.65909
22.19761	57.62048
22.27105	57.58187
22.34448	57.54327
22.41791	57.50466
22.49134	57.46606
22.56478	57.42744
22.63822	57.38884
22.71165	57.35023
22.78508	57.31163
22.85852	57.27302
22.93195	57.23441
23.00538	57.19580
23.07882	57.15720
23.15225	57.11859
23.22569	57.07998
23.29912	57.04137
23.37255	57.00277
23.44599	56.96416
23.51942	56.92555
23.59286	56.88694
23.66629	56.84834
23.73972	56.80973
23.81315	56.77113
23.88659	56.73252
23.96003	56.69391
24.03346	56.65530
24.10690	56.61669
24.18033	56.57809
24.25376	56.53948
24.32719	56.50087
24.40063	56.46227
24.47406	56.42366
24.54749	56.38505
24.62093	56.34645
24.69437	56.30784
24.76780	56.26923
24.84123	56.23063
24.91467	56.19202
24.98810	56.15341
25.06153	56.11480
25.13496	56.07619
25.20840	56.03759
25.28184	55.99898
25.35527	55.96037
25.42871	55.92176
25.50214	55.88316
25.57557	55.84455
25.64900	55.80595
25.72244	55.76733
25.79587	55.72873
25.86930	55.69012
25.94274	55.65152
26.01618	55.61291
26.08961	55.57430
26.16304	55.53569
26.23648	55.49709
26.30991	55.45848
26.38334	55.41987
26.45677	55.38127
26.53021	55.34266
26.60365	55.30405
26.67708	55.26545
26.75051	55.22683
26.82395	55.18823
26.89738	55.14962
26.97081	55.11102
27.04425	55.07241
27.11768	55.03380
27.19111	54.99519
27.26455	54.95658
27.33799	54.91798
27.41142	54.87937
27.48485	54.84077
27.55829	54.80215
27.63172	54.76355
27.70515	54.72494
27.77858	54.68634
27.85202	54.64773
27.92546	54.60912
27.99889	54.57051
28.07233	54.53191
28.14576	54.49330
28.21919	54.45469
28.29262	54.41609
28.36606	54.37748
28.43949	54.33887
28.51292	54.30026
28.58636	54.26165
28.65980	54.22305
28.73323	54.18444
28.80666	54.14584
28.88010	54.10723
28.95353	54.06862
29.02696	54.03001
29.10039	53.99141
29.17383	53.95280
29.24726	53.91419
29.32070	53.87558
29.34349	53.90608
29.32880	53.98773
29.31410	54.06938
29.29941	54.15103
29.28471	54.23269
29.27001	54.31434
29.25532	54.39599
29.24062	54.47765
29.22593	54.55930
29.21123	54.64095
29.19654	54.72260
29.18184	54.80426
29.16714	54.88591
29.15245	54.96756
29.13775	55.04921
29.12306	55.13086
29.10836	55.21251
29.09367	55.29416
29.07897	55.37582
29.06428	55.45747
29.04958	55.53912
29.03489	55.62077
29.02019	55.70243
29.00550	55.78408
28.99080	55.86573
28.97610	55.94739
28.96141	56.02904
28.94671	56.11069
28.93202	56.19234
28.91732	56.27400
28.90263	56.35565
28.88793	56.43730
28.87323	56.51896
28.85854	56.60061
28.84384	56.68225
28.82915	56.76390
28.81445	56.84556
28.79976	56.92721
28.78506	57.00886
28.77036	57.09052
28.78736	57.11042
28.84513	57.05087
28.90290	56.99133
28.96068	56.93178
29.01845	56.87224
29.07622	56.81269
29.13399	56.75315
29.19176	56.69360
29.24953	56.63406
29.30730	56.57452
29.36508	56.51497
29.42285	56.45543
29.48062	56.39589
29.53839	56.33634
29.59616	56.27679
29.65393	56.21725
29.71170	56.15771
29.76948	56.09816
29.82725	56.03862
29.88502	55.97907
29.94279	55.91953
30.00056	55.85998
30.05833	55.80044
30.11610	55.74090
30.17387	55.68135
30.23164	55.62180
30.28941	55.56226
30.34718	55.50272
30.40496	55.44317
30.46273	55.38363
30.52050	55.32409
30.57827	55.26454
30.63604	55.20499
30.69381	55.14545
30.75158	55.08591
30.80936	55.02636
30.86713	54.96682
30.92490	54.90727
30.98267	54.84773
31.04044	54.78818
31.09821	54.72864
31.15598	54.66910
31.21375	54.60955
31.27153	54.55000
31.32929	54.49046
31.38706	54.43092
31.44484	54.37137
31.50261	54.31183
31.56038	54.25229
31.61815	54.19274
31.67592	54.13319
31.73369	54.07365
31.79146	54.01411
31.84924	53.95456
31.90701	53.89502
31.95971	53.83144
32.00474	53.76176
32.04977	53.69208
32.09480	53.62241
32.13984	53.55273
32.18487	53.48305
32.22990	53.41336
32.27493	53.34369
32.31996	53.27401
32.36500	53.20433
32.41003	53.13465
32.45506	53.06497
32.50009	52.99529
32.54512	52.92561
32.59015	52.85593
32.63519	52.78625
32.68022	52.71657
32.72525	52.64690
32.77028	52.57722
32.81531	52.50754
32.86034	52.43785
32.90538	52.36818
32.95041	52.29850
32.99544	52.22882
33.04047	52.15914
33.08550	52.08946
33.13053	52.01978
33.17557	51.95010
33.22060	51.88042
33.26563	51.81075
33.31066	51.74107
33.35569	51.67138
33.40073	51.60171
33.44576	51.53203
33.49079	51.46235
33.53582	51.39267
33.58085	51.32299
33.62588	51.25331
33.67092	51.18363
33.71595	51.11395
33.76098	51.04427
33.80601	50.97459
33.85104	50.90491
33.89607	50.83524
33.94110	50.76556
33.98614	50.69587
34.03117	50.62620
34.07620	50.55652
34.12123	50.48684
34.16626	50.41716
34.21130	50.34747
34.25633	50.27780
34.30136	50.20812
34.34639	50.13844
34.37706	50.12305
34.38174	50.20588
34.38642	50.28870
34.39110	50.37155
34.39578	50.45438
34.40046	50.53721
34.40514	50.62004
34.40982	50.70287
34.41451	50.78570
34.41918	50.86853
34.42386	50.95136
34.42854	51.03421
34.43322	51.11703
34.43790	51.19986
34.44258	51.28270
34.44727	51.36552
34.45194	51.44836
34.45662	51.53119
34.46130	51.61403
34.46598	51.69686
34.47066	51.77969
34.47535	51.86252
34.48003	51.94535
34.48470	52.02818
34.48938	52.11101
34.49406	52.19386
34.49874	52.27668
34.50343	52.35952
34.50811	52.44234
34.51279	52.52517
34.51746	52.60801
34.52214	52.69083
34.52682	52.77368
34.53151	52.85651
34.53619	52.93934
34.54087	53.02217
34.54555	53.10500
34.55022	53.18783
34.55490	53.27066
34.55959	53.35350
34.56427	53.43633
34.56895	53.51917
34.57363	53.60199
34.57831	53.68483
34.58298	53.76765
34.58767	53.85048
34.59235	53.93333
34.59703	54.01616
34.60171	54.09899
34.60639	54.18182
34.61107	54.26465
34.61575	54.34748
34.62043	54.43031
34.67033	54.49069
34.73349	54.54451
34.79663	54.59832
34.85978	54.65213
34.92292	54.70594
34.98606	54.75975
35.04921	54.81356
35.11235	54.86737
35.17551	54.92120
35.23865	54.97501
35.30179	55.02882
35.36494	55.08263
35.42808	55.13644
35.49122	55.19025
35.55437	55.24406
35.61752	55.29788
35.68067	55.35169
35.74381	55.40550
35.80695	55.45931
35.87010	55.51312
35.93324	55.56693
35.99638	55.62074
36.05954	55.67456
36.12268	55.72837
36.18583	55.78218
36.24897	55.83599
36.31211	55.88980
36.37526	55.94361
36.43840	55.99743
36.50156	56.05125
36.56470	56.10506
36.62785	56.15887
36.69099	56.21268
36.75413	56.26649
36.81728	56.32030
36.88042	56.37411
36.94357	56.42793
37.00672	56.48174
37.06986	56.53555
37.13300	56.58936
37.19615	56.64317
37.25929	56.69698
37.32244	56.75080
37.38558	56.80461
37.44873	56.85843
37.51188	56.91224
37.57502	56.96605
37.63816	57.01986
37.70131	57.07367
37.76445	57.12748
37.82759	57.18129
37.89075	57.23511
37.95390	57.28892
38.01704	57.34273
38.08018	57.39654
38.14333	57.45036
38.20647	57.50417
38.26961	57.55798
38.33277	57.61179
38.39591	57.66561
38.45906	57.71942
38.52220	57.77323
38.58534	57.82704
38.64849	57.88085
38.71163	57.93466
38.77478	57.98848
38.83793	58.04229
38.90107	58.09610
38.96421	58.14991
39.02736	58.20372
39.09050	58.25753
39.15365	58.31134
39.21680	58.36517
39.22080	58.35479
39.17233	58.28746
39.12386	58.22013
39.07538	58.15281
39.02691	58.08548
38.97843	58.01815
38.92996	57.95082
38.88148	57.88348
38.83300	57.81615
38.78453	57.74883
38.73605	57.68150
38.68758	57.61417
38.63911	57.54684
38.59063	57.47952
38.54215	57.41218
38.49368	57.34485
38.44520	57.27752
38.39673	57.21020
38.34826	57.14287
38.29978	57.07554
38.25130	57.00822
38.20282	56.94088
38.15435	56.87355
38.10588	56.80622
38.05740	56.73889
38.00893	56.67157
37.96045	56.60424
37.91198	56.53691
37.86349	56.46957
37.81502	56.40224
37.76655	56.33492
37.71807	56.26759
37.66960	56.20026
37.62113	56.13293
37.57265	56.06561
37.52417	55.99827
37.47570	55.93094
37.42722	55.86361
37.37875	55.79628
37.33027	55.72896
37.28180	55.66163
37.23333	55.59430
37.18484	55.52696
37.13637	55.45964
37.08789	55.39231
37.03942	55.32498
36.99095	55.25765
36.94247	55.19033
36.89400	55.12300
36.84553	55.05567
36.79704	54.98833
36.74857	54.92101
36.70010	54.85368
36.65162	54.78635
36.60315	54.71902
36.55467	54.65170
36.50620	54.58437
36.45772	54.51703
36.40924	54.44970
36.36077	54.38237
36.31229	54.31504
36.27348	54.24451
36.27195	54.16156
36.27042	54.07862
36.26889	53.99566
36.26736	53.91270
36.26584	53.82976
36.26431	53.74681
36.26278	53.66386
36.26126	53.58091
36.25973	53.49797
36.25820	53.41500
36.25668	53.33205
36.25515	53.24911
36.25362	53.16616
36.25209	53.08321
36.25057	53.00026
36.24904	52.91732
36.24751	52.83435
36.24598	52.75140
36.24446	52.66846
36.24293	52.58551
36.24140	52.50256
36.23988	52.41961
36.23835	52.33666
36.23682	52.25370
36.23529	52.17075
36.23377	52.08780
36.23224	52.00486
36.23071	51.92191
36.22919	51.83896
36.22766	51.75601
36.22613	51.67307
36.22461	51.59010
36.22308	51.50715
36.22155	51.42421
36.22002	51.34126
36.21849	51.25831
36.21697	51.17536
36.21544	51.09241
36.21391	51.00945
36.21239	50.92650
36.21086	50.84356
36.20933	50.76060
36.20781	50.67766
36.20628	50.59471
36.20475	50.51176
36.20322	50.42880
36.20169	50.34585
36.20017	50.26291
36.23872	50.26212
36.30314	50.31439
36.36757	50.36666
36.43199	50.41893
36.49643	50.47121
36.56085	50.52348
36.62527	50.57576
36.68970	50.62803
36.75412	50.68029
36.81855	50.73257
36.88297	50.78484
36.94741	50.83712
37.01183	50.88939
37.07626	50.94166
37.14068	50.99393
37.20510	51.04620
37.26953	51.09847
37.33395	51.15074
37.39839	51.20302
37.46281	51.25529
37.52724	51.30756
37.59166	51.35983
37.65609	51.41210
37.72051	51.46437
37.78494	51.51664
37.84936	51.56891
37.91380	51.62119
37.97822	51.67346
38.04265	51.72573
38.10707	51.77800
38.17150	51.83027
38.23592	51.88254
38.30035	51.93481
38.36478	51.98709
38.42921	52.03936
38.49363	52.09163
38.55806	52.14391
38.62248	52.19617
38.68690	52.24844
38.75133	52.30072
38.81577	52.35300
38.88019	52.40527
38.94461	52.45753
39.00904	52.50981
39.07346	52.56208
39.13789	52.61435
39.20231	52.66662
39.26675	52.71890
39.33117	52.77117
39.39560	52.82344
39.46002	52.87571
39.52444	52.92798
39.58887	52.98025
39.65329	53.03252
39.71773	53.08480
39.78215	53.13707
39.84658	53.18934
39.91100	53.24161
39.97543	53.29388
40.03985	53.34615
40.10428	53.39842
40.16871	53.45070
40.23314	53.50297
40.29756	53.55524
40.36199	53.60751
40.42641	53.65978
40.49084	53.71206
40.55526	53.76432
40.61969	53.81659
40.66399	53.84644
40.61901	53.77673
40.57402	53.70702
40.52903	53.63732
40.48404	53.56761
40.43906	53.49791
40.39407	53.42820
40.34907	53.35849
40.30408	53.28878
40.25910	53.21907
40.21411	53.14937
40.16912	53.07967
40.12413	53.00996
40.07915	52.94025
40.03415	52.87054
39.98916	52.80083
39.94418	52.73112
39.89919	52.66142
39.85420	52.59171
39.80921	52.52201
39.76423	52.45230
39.71923	52.38259
39.67424	52.31288
39.62925	52.24318
39.58427	52.17347
39.53928	52.10377
39.49429	52.03406
39.44931	51.96436
39.40431	51.89464
39.35932	51.82493
39.31433	51.75523
39.26934	51.68552
39.22436	51.61582
39.17937	51.54611
39.13438	51.47641
39.08939	51.40669
39.04440	51.33698
38.99941	51.26728
38.95443	51.19757
38.90944	51.12787
38.86445	51.05816
38.81946	50.98846
38.77448	50.91875
38.72948	50.84903
38.68449	50.77933
38.63950	50.70962
38.59452	50.63992
38.54953	50.57021
38.50454	50.50051
38.45955	50.43080
38.41456	50.36108
38.36957	50.29138
38.32458	50.22167
38.27959	50.15197
38.23461	50.08226
38.18962	50.01256
38.14463	49.94285
38.09964	49.87313
38.05465	49.80343
38.00966	49.73372
38.01527	49.71620
38.08356	49.76331
38.15185	49.81042
38.22014	49.85754
38.28844	49.90466
38.35673	49.95177
38.42501	49.99888
38.49330	50.04599
38.56159	50.09310
38.62988	50.14021
38.69817	50.18732
38.76646	50.23444
38.83475	50.28156
38.90304	50.32867
38.97133	50.37578
39.03962	50.42289
39.10790	50.47000
39.17619	50.51711
39.24449	50.56423
39.31278	50.61134
39.38107	50.65845
39.44936	50.70557
39.51764	50.75268
39.58593	50.79979
39.65422	50.84690
39.72251	50.89401
39.79081	50.94113
39.85910	50.98824
39.92738	51.03535
39.99567	51.08247
40.06396	51.12957
40.13225	51.17669
40.20053	51.22380
40.26884	51.27092
40.33712	51.31803
40.40541	51.36514
40.47370	51.41225
40.54198	51.45936
40.61028	51.50647
40.67856	51.55359
40.74686	51.60070
40.81515	51.64782
40.88344	51.69493
40.95173	51.74204
41.02002	51.78915
41.08830	51.83626
41.15659	51.88337
41.22489	51.93049
41.29318	51.97760
41.36147	52.02472
41.42975	52.07183
41.49804	52.11894
41.56633	52.16605
41.63462	52.21316
41.70292	52.26028
41.77121	52.30739
41.83949	52.35450
41.90778	52.40162
41.97607	52.44873
42.04436	52.49583
42.11264	52.54295
42.18095	52.59007
42.24923	52.63718
42.31752	52.68429
42.38581	52.73140
42.45410	52.77851
42.52238	52.82562
42.59067	52.87273
42.65896	52.91985
42.72726	52.96696
42.79555	53.01408
42.86383	53.06119
42.93213	53.10830
43.00041	53.15541
43.06870	53.20252
43.13699	53.24963
43.20529	53.29675
43.27357	53.34386
43.34187	53.39098
43.41015	53.43809
43.47844	53.48520
43.54673	53.53231
43.61501	53.57942
43.68332	53.62654
43.75160	53.67365
43.81989	53.72076
43.88818	53.76788
43.95647	53.81499
44.02475	53.86210
44.09304	53.90921
44.16134	53.95633
44.22963	54.00344
44.29792	54.05055
44.36621	54.09766
44.43449	54.14477
44.50278	54.19188
44.57107	54.23899
44.63937	54.28611
44.70766	54.33323
44.77595	54.38034
44.84423	54.42745
44.91252	54.47456
44.98081	54.52167
45.04910	54.56878
45.11740	54.61590
45.18568	54.66301
45.25397	54.71012
45.32226	54.75724
45.39055	54.80435
45.45884	54.85146
45.52713	54.89857
45.59541	54.94568
45.66371	54.99280
45.73200	55.03991
45.80029	55.08702
45.86858	55.13414
45.93686	55.18125
46.00515	55.22836
46.07344	55.27547
46.14174	55.32259
46.21003	55.36970
46.27832	55.41681
46.34660	55.46392
46.41489	55.51103
46.42277	55.50414
46.36832	55.44155
46.31387	55.37894
46.25942	55.31634
46.20498	55.25375
46.15053	55.19115
46.09608	55.12855
46.04164	55.06596
45.98719	55.00336
45.93274	54.94075
45.87829	54.87815
45.82384	54.81556
45.76940	54.75296
45.71495	54.69036
45.66051	54.62777
45.60606	54.56517
45.55161	54.50256
45.49716	54.43996
45.44272	54.37737
45.38827	54.31477
45.33382	54.25217
45.27938	54.18958
45.22493	54.12698
45.17048	54.06437
45.11603	54.00177
45.06159	53.93918
45.00714	53.87658
44.95270	53.81398
44.89825	53.75138
44.84380	53.68879
44.78936	53.62619
44.73490	53.56358
44.68046	53.50099
44.62601	53.43839
44.57157	53.37579
44.51712	53.31319
44.46267	53.25060
44.40823	53.18800
44.35378	53.12539
44.29933	53.06280
44.24488	53.00020
44.19044	52.93760
44.13599	52.87501
44.08155	52.81241
44.02710	52.74981
43.97264	52.68720
43.91820	52.62461
43.86375	52.56201
43.80931	52.49941
43.75486	52.43682
43.70042	52.37422
43.64597	52.31162
43.59151	52.24902
43.53707	52.18642
43.48262	52.12382
43.42818	52.06122
43.37373	51.99863
43.31929	51.93603
43.26484	51.87343
43.21038	51.81083
43.15594	51.74823
43.10149	51.68563
43.04705	51.62304
42.99260	51.56044
42.93816	51.49784
42.88371	51.43524
42.82925	51.37263
42.77481	51.31004
42.72036	51.24744
42.66592	51.18484
42.61147	51.12225
42.55703	51.05965
42.50258	50.99706
42.44814	50.93446
42.39368	50.87185
42.33923	50.80925
42.28479	50.74665
42.23034	50.68406
42.17590	50.62146
42.12145	50.55886
42.06701	50.49627
42.01255	50.43366
41.95811	50.37106
41.90366	50.30846
41.84921	50.24587
41.79477	50.18327
41.74032	50.12067
41.68587	50.05807
41.63142	49.99547
41.57698	49.93287
41.52253	49.87027
41.46808	49.80768
41.41364	49.74508
41.35919	49.68248
41.30475	49.61989
41.25029	49.55728
41.19585	49.49468
41.14140	49.43208
41.08696	49.36949
41.03251	49.30689
40.97806	49.24429
40.92362	49.18170
40.86916	49.11909
40.87538	49.10201
40.95070	49.13679
41.02602	49.17157
41.10135	49.20634
41.17667	49.24112
41.25199	49.27589
41.32732	49.31067
41.40265	49.34545
41.47797	49.38022
41.55329	49.41500
41.62861	49.44977
41.70393	49.48455
41.77925	49.51933
41.85458	49.55410
41.92991	49.58888
42.00523	49.62366
42.08056	49.65843
42.15588	49.69321
42.23120	49.72798
42.30652	49.76276
42.38184	49.79753
42.45718	49.83231
42.53250	49.86709
42.60782	49.90187
42.68315	49.93664
42.75847	49.97142
42.83379	50.00619
42.90911	50.04097
42.98445	50.07575
43.05977	50.11052
43.13509	50.14530
43.21041	50.18007
43.28574	50.21485
43.36106	50.24963
43.43638	50.28440
43.51171	50.31918
43.58704	50.35396
43.66236	50.38873
43.73768	50.42351
43.81300	50.45828
43.88832	50.49306
43.96365	50.52783
44.03898	50.56261
44.11430	50.59739
44.18962	50.63217
44.26495	50.66694
44.34027	50.70172
44.41559	50.73649
44.49091	50.77127
44.56625	50.80605
44.64157	50.84082
44.71689	50.87560
44.79221	50.91037
44.86753	50.94515
44.94286	50.97993
45.01818	51.01470
45.09350	51.04948
45.16883	51.08426
45.24416	51.11903
45.31948	51.15381
45.39480	51.18858
45.47012	51.22336
45.54544	51.25813
45.62077	51.29291
45.69610	51.32769
45.77142	51.36247
45.84674	51.39724
45.92207	51.43202
45.99739	51.46679
46.07271	51.50157
46.14803	51.53634
46.22337	51.57113
46.29869	51.60590
46.37401	51.64067
46.44933	51.67545
46.47510	51.75422
46.50070	51.83314
46.52631	51.91205
46.55192	51.99097
46.57753	52.06989
46.60313	52.14880
46.62874	52.22771
46.65435	52.30662
46.67995	52.38553
46.70556	52.46444
46.73117	52.54337
46.75678	52.62228
46.78238	52.70119
46.80799	52.78010
46.83360	52.85901
46.85920	52.93792
46.88481	53.01683
46.91042	53.09576
46.93603	53.17467
46.96164	53.25359
46.98724	53.33250
47.01285	53.41141
47.03846	53.49032
47.06406	53.56923
47.08967	53.64814
47.11528	53.72707
47.14088	53.80598
47.16649	53.88489
47.19210	53.96380
47.22291	54.03758
47.30146	54.06426
47.38002	54.09095
47.45859	54.11763
47.53714	54.14431
47.61570	54.17099
47.69425	54.19767
47.77280	54.22435
47.85136	54.25104
47.92991	54.27772
48.00848	54.30440
48.08704	54.33109
48.16559	54.35777
48.24414	54.38445
48.32270	54.41113
48.40126	54.43781
48.47981	54.46449
48.55838	54.49118
48.63693	54.51786
48.71549	54.54454
48.79404	54.57122
48.87260	54.59790
48.95115	54.62458
49.02971	54.65126
49.10828	54.67795
49.18683	54.70463
49.26538	54.73131
49.34394	54.75799
49.42249	54.78467
49.50105	54.81135
49.57960	54.83804
49.65817	54.86472
49.73672	54.89140
49.81528	54.91808
49.89384	54.94476
49.91790	55.02367
49.94122	55.10329
49.96453	55.18291
49.98785	55.26252
50.01118	55.34216
50.03449	55.42178
50.05781	55.50139
50.08113	55.58101
50.10445	55.66063
50.12777	55.74025
50.15109	55.81986
50.17441	55.89949
50.19773	55.97911
50.22105	56.05873
50.24437	56.13835
50.26768	56.21796
50.29100	56.29758
50.31432	56.37720
50.33765	56.45683
50.36097	56.53645
50.38428	56.61607
50.40760	56.69568
50.43092	56.77530
50.45424	56.85492
50.47756	56.93454
50.50088	57.01417
50.52420	57.09378
50.54752	57.17340
50.57084	57.25302
50.59416	57.33264
50.61748	57.41225
50.64079	57.49187
50.66412	57.57150
50.68744	57.65112
50.71075	57.73074
50.73407	57.81036
50.75739	57.88997
50.78071	57.96959
50.80403	58.04921
50.82735	58.12884
50.85067	58.20846
50.87399	58.28807
50.89731	58.36769
50.92063	58.44731
50.94395	58.52693
50.96727	58.60654
50.99059	58.68616
51.01391	58.76579
51.03722	58.84541
51.06054	58.92503
51.08386	59.00465
51.10718	59.08426
51.13050	59.16388
51.16642	59.22319
51.24812	59.20867
51.32980	59.19415
51.41148	59.17963
51.49316	59.16511
51.57484	59.15059
51.65652	59.13608
51.73820	59.12156
51.81990	59.10704
51.90158	59.09252
51.98326	59.07800
52.06495	59.06348
52.14663	59.04897
52.22831	59.03445
52.30999	59.01993
52.39169	59.00541
52.47337	58.99089
52.55505	58.97637
52.63673	58.96185
52.71841	58.94733
52.80010	58.93282
52.88178	58.91830
52.96348	58.90377
53.04516	58.88926
53.12684	58.87474
53.20852	58.86022
53.29020	58.84570
53.37189	58.83118
53.45357	58.81667
53.53525	58.80215
53.61695	58.78762
53.69863	58.77311
53.78031	58.75859
53.86199	58.74407
53.94367	58.72955
54.02536	58.71503
54.10704	58.70052
54.18873	58.68599
54.27042	58.67147
54.35210	58.65696
54.43378	58.64244
54.51546	58.62792
54.59714	58.61340
54.67883	58.59888
54.76052	58.58436
54.84220	58.56985
54.92389	58.55533
55.00557	58.54081
55.08725	58.52629
55.16893	58.51177
55.25061	58.49725
55.33231	58.48273
55.41399	58.46822
55.49567	58.45370
55.57735	58.43918
55.65903	58.42466
55.74072	58.41014
55.82240	58.39562
55.90430	58.39849
55.98628	58.41117
56.06827	58.42386
56.15026	58.43654
56.23224	58.44923
56.31423	58.46191
56.39622	58.47459
56.47822	58.48728
56.56020	58.49997
56.64219	58.51265
56.72418	58.52534
56.80616	58.53802
56.88815	58.55070
56.97014	58.56339
57.05212	58.57607
57.13412	58.58876
57.21611	58.60144
57.29810	58.61413
57.38008	58.62682
57.46207	58.63950
57.54406	58.65218
57.62605	58.66487
57.70805	58.67756
57.79004	58.69024
57.87202	58.70292
57.95401	58.71561
58.03600	58.72829
58.11798	58.74098
58.19997	58.75366
58.28197	58.76635
58.36396	58.77903
58.44594	58.79172
58.52793	58.80440
58.60992	58.81709
58.69190	58.82977
58.77389	58.84246
58.85589	58.85514
58.93788	58.86783
59.01986	58.88051
59.10185	58.89320
59.18384	58.90588
59.26582	58.91857
59.34781	58.93125
59.42981	58.94394
59.51180	58.95662
59.59378	58.96931
59.67577	58.98199
59.75776	58.99467
59.83974	59.00736
59.92173	59.02005
60.00373	59.03273
60.08572	59.04542
60.16771	59.05810
60.24969	59.07079
60.33168	59.08347
60.41367	59.09615
60.49565	59.10884
60.57764	59.12152
60.65964	59.13421
60.74163	59.14690
60.82361	59.15958
60.90560	59.17226
60.98759	59.18495
61.06957	59.19763
61.15156	59.21032
61.23356	59.22300
61.31555	59.23569
61.39753	59.24837
61.47952	59.26106
61.56151	59.27374
61.64349	59.28643
61.72548	59.29911
61.80748	59.31180
61.88947	59.32448
61.97145	59.33717
62.05344	59.34985
62.13543	59.36254
62.21741	59.37522
62.29940	59.38791
62.38140	59.40059
62.46339	59.41328
62.54538	59.42596
62.62737	59.43864
62.70935	59.45133
62.79134	59.46402
62.87332	59.47670
62.95533	59.48939
63.03731	59.50207
63.11930	59.51476
63.20129	59.52744
63.28327	59.54012
63.36526	59.55281
63.44724	59.56549
63.42814	59.54932
63.35181	59.51683
63.27547	59.48433
63.19914	59.45183
63.12281	59.41933
63.04648	59.38684
62.97015	59.35434
62.89381	59.32184
62.81747	59.28934
62.74113	59.25684
62.66480	59.22434
62.58847	59.19184
62.51214	59.15935
62.43581	59.12685
62.35947	59.09435
62.28313	59.06185
62.20679	59.02935
62.13046	58.99685
62.05413	58.96436
61.97780	58.93186
61.90147	58.89936
61.82513	58.86686
61.74879	58.83436
61.67246	58.80186
61.59612	58.76936
61.51979	58.73687
61.44346	58.70437
61.36713	58.67187
61.29079	58.63937
61.21445	58.60687
61.13812	58.57437
61.06179	58.54187
60.98545	58.50938
60.90912	58.47688
60.83279	58.44438
60.75646	58.41188
60.68011	58.37938
60.60378	58.34688
60.52745	58.31438
60.45111	58.28189
60.37478	58.24939
60.29845	58.21689
60.22212	58.18439
60.14577	58.15189
60.06944	58.11939
59.99311	58.08689
59.91677	58.05440
59.84044	58.02190
59.76411	57.98940
59.68778	57.95691
59.61145	57.92441
59.53510	57.89190
59.45877	57.85941
59.38243	57.82691
59.30610	57.79441
59.22977	57.76191
59.15344	57.72942
59.07711	57.69692
59.00076	57.66441
58.92443	57.63192
58.84809	57.59942
58.77176	57.56692
58.69543	57.53442
58.61910	57.50193
58.54277	57.46943
58.46642	57.43692
58.39009	57.40443
58.31376	57.37193
58.23742	57.33943
58.16109	57.30693
58.08476	57.27444
58.00843	57.24194
57.93208	57.20943
57.85575	57.17694
57.77942	57.14444
57.70309	57.11194
57.62675	57.07944
57.55042	57.04695
57.47409	57.01445
57.39774	56.98195
57.32141	56.94945
57.24508	56.91695
57.16875	56.88445
57.09241	56.85196
57.01608	56.81946
56.93975	56.78696
56.86340	56.75446
56.78707	56.72196
56.71074	56.68946
56.63441	56.65696
56.55807	56.62447
56.48174	56.59197
56.40541	56.55947
56.32908	56.52697
56.25273	56.49447
56.18296	56.45435
56.13935	56.38377
56.09574	56.31319
56.05213	56.24261
56.00853	56.17204
55.96492	56.10146
55.92130	56.03087
55.87769	55.96030
55.83409	55.88972
55.79048	55.81914
55.74687	55.74857
55.70327	55.67799
55.65966	55.60741
55.61604	55.53682
55.57243	55.46624
55.52883	55.39567
55.48522	55.32509
55.44161	55.25452
55.39800	55.18394
55.35440	55.11336
55.31078	55.04277
55.26717	54.97219
55.22356	54.90162
55.17996	54.83104
55.13635	54.76046
55.09274	54.68989
55.04913	54.61931
55.00552	54.54872
54.96191	54.47815
54.91830	54.40757
54.87469	54.33699
54.82532	54.27231
54.75376	54.23033
54.68220	54.18835
54.61063	54.14636
54.53908	54.10438
54.46752	54.06240
54.39597	54.02042
54.32441	53.97844
54.25285	53.93646
54.18129	53.89448
54.10974	53.85250
54.03817	53.81051
53.96661	53.76853
53.89506	53.72655
53.82350	53.68457
53.75195	53.64259
53.68039	53.60061
53.60883	53.55862
53.53726	53.51664
53.46571	53.47466
53.39415	53.43267
53.32259	53.39069
53.25104	53.34871
53.17948	53.30673
53.10792	53.26475
53.03635	53.22276
52.96480	53.18078
52.89324	53.13880
52.82169	53.09682
52.75013	53.05484
52.67857	53.01286
52.60702	52.97088
52.53545	52.92889
52.46389	52.88691
52.39233	52.84493
52.32078	52.80295
52.24922	52.76097
52.17767	52.71899
52.10611	52.67701
52.03454	52.63502
51.96298	52.59304
51.89143	52.55106
51.81987	52.50908
51.74831	52.46709
51.67676	52.42511
51.60520	52.38313
51.53363	52.34114
51.46207	52.29916
51.39052	52.25718
51.31896	52.21520
51.24741	52.17322
51.17585	52.13124
51.10429	52.08926
51.03274	52.04728
50.96117	52.00529
50.88961	51.96331
50.81805	51.92133
50.74650	51.87934
50.67494	51.83736
50.60339	51.79538
50.58849	51.77970
50.66676	51.80724
50.74501	51.83479
50.82327	51.86233
50.90153	51.88987
50.97979	51.91741
51.05804	51.94495
51.13630	51.97250
51.21457	52.00004
51.29283	52.02758
51.37108	52.05513
51.44934	52.08267
51.52760	52.11021
51.60585	52.13775
51.68411	52.16529
51.76238	52.19284
51.84064	52.22038
51.91890	52.24792
51.99715	52.27546
52.07541	52.30301
52.15367	52.33055
52.23193	52.35809
52.31020	52.38564
52.38845	52.41318
52.46671	52.44072
52.54497	52.46826
52.62322	52.49580
52.70148	52.52335
52.77974	52.55089
52.85801	52.57843
52.93626	52.60598
53.01452	52.63352
53.09278	52.66106
53.17104	52.68860
53.24929	52.71614
53.32755	52.74369
53.40581	52.77123
53.48408	52.79877
53.56234	52.82632
53.64059	52.85386
53.71885	52.88140
53.79710	52.90894
53.87536	52.93649
53.95362	52.96403
54.03189	52.99157
54.11015	53.01912
54.18840	53.04666
54.26666	53.07420
54.34492	53.10174
54.42318	53.12928
54.50143	53.15682
54.57970	53.18437
54.65796	53.21191
54.73622	53.23946
54.81448	53.26700
54.89273	53.29454
54.97099	53.32208
55.04924	53.34962
55.12752	53.37717
55.20577	53.40471
55.28403	53.43225
55.36229	53.45979
55.44054	53.48734
55.51880	53.51488
55.59706	53.54242
55.67533	53.56997
55.75359	53.59751
55.83184	53.62505
55.91010	53.65259
55.98836	53.68013
56.06661	53.70768
56.14487	53.73522
56.22314	53.76276
56.30140	53.79031
56.37966	53.81785
56.45791	53.84539
56.53617	53.87293
56.61443	53.90047
56.69268	53.92802
56.77094	53.95556
56.84921	53.98310
56.92747	54.01065
57.00573	54.03819
57.08398	54.06573
57.16224	54.09327
57.24050	54.12082
57.31875	54.14836
57.39703	54.17590
57.47528	54.20345
57.55354	54.23099
57.63179	54.25853
57.68513	54.26977
57.62856	54.20909
57.57198	54.14841
57.51539	54.08772
57.45881	54.02705
57.40224	53.96637
57.34566	53.90569
57.28908	53.84502
57.23251	53.78434
57.17593	53.72366
57.11934	53.66298
57.06276	53.60229
57.00618	53.54162
56.94961	53.48094
56.89303	53.42027
56.83645	53.35959
56.77988	53.29891
56.72329	53.23822
56.66671	53.17755
56.61013	53.11687
56.55355	53.05619
56.49698	52.99551
56.44040	52.93484
56.38382	52.87416
56.32724	52.81347
56.27066	52.75280
56.21408	52.69212
56.15751	52.63144
56.10093	52.57076
56.04435	52.51009
55.98777	52.44941
55.93119	52.38873
55.87461	52.32804
55.81803	52.26737
55.76145	52.20669
55.70488	52.14602
55.64830	52.08533
55.59172	52.02466
55.53514	51.96398
55.47855	51.90329
55.42198	51.84262
55.36540	51.78194
55.30882	51.72126
55.25225	51.66059
55.19567	51.59991
55.13909	51.53923
55.08250	51.47854
55.02593	51.41787
54.96935	51.35719
54.91277	51.29651
54.85619	51.23584
54.79962	51.17516
54.74304	51.11448
54.68645	51.05379
54.62988	50.99311
54.57330	50.93244
54.51672	50.87176
54.46014	50.81108
54.40356	50.75041
54.34699	50.68973
54.29040	50.62904
54.23383	50.56836
54.17725	50.50769
54.12067	50.44701
54.06409	50.38633
54.00751	50.32566
53.95094	50.26498
53.89435	50.20429
53.83777	50.14362
53.78120	50.08294
53.72462	50.02226
53.66804	49.96158
53.61147	49.90091
53.55489	49.84023
53.49831	49.77955
53.44172	49.71886
53.38514	49.65819
53.32857	49.59751
53.27199	49.53683
53.21541	49.47615
53.15884	49.41548
53.10226	49.35480
53.04567	49.29411
52.98909	49.23344
52.93251	49.17276
52.87594	49.11208
52.81936	49.05140
52.76278	48.99073
52.70621	48.93005
52.64962	48.86936
52.59304	48.80869
52.53646	48.74801
52.47989	48.68733
52.42331	48.62665
52.36673	48.56598
52.31015	48.50530
52.25357	48.44461
52.19699	48.38393
52.14041	48.32326
52.08384	48.26258
52.02726	48.20190
51.97068	48.14122
51.91410	48.08055
51.85751	48.01986
51.80094	47.95918
51.74436	47.89851
51.68778	47.83783
51.63121	47.77715
51.57463	47.71648
51.51805	47.65580
51.46146	47.59511
51.40489	47.53443
51.34831	47.47375
51.29173	47.41308
51.23515	47.35240
51.17858	47.29173
51.12200	47.23105
51.06542	47.17037
51.00883	47.10968
50.95226	47.04900
50.89568	46.98833
50.83910	46.92765
50.78252	46.86697
50.72595	46.80630
50.66937	46.74562
50.61279	46.68493
50.55621	46.62425
50.49963	46.56358
50.44305	46.50290
50.38647	46.44222
50.32990	46.38155
50.27332	46.32087
50.21673	46.26018
50.16016	46.19950
50.10358	46.13882
50.04700	46.07815
49.99042	46.01747
49.93385	45.95679
49.87727	45.89612
49.82068	45.83543
49.76410	45.77475
49.70753	45.71407
49.65095	45.65340
49.59437	45.59272
49.57840	45.55981
49.65546	45.59052
49.73255	45.62124
49.80962	45.65195
49.88668	45.68267
49.96375	45.71338
50.04082	45.74409
50.11789	45.77481
50.19495	45.80552
50.27203	45.83624
50.34910	45.86695
50.42617	45.89767
50.50324	45.92838
50.58030	45.95909
50.65737	45.98981
50.73444	46.02052
50.81151	46.05123
50.88859	46.08195
50.96566	46.11266
51.04272	46.14338
51.11979	46.17409
51.19686	46.20480
51.27393	46.23552
51.35099	46.26623
51.42807	46.29695
51.50514	46.32766
51.58221	46.35838
51.65928	46.38909
51.73635	46.41980
51.81341	46.45052
51.89048	46.48123
51.96756	46.51195
52.04463	46.54266
52.12170	46.57337
52.19876	46.60408
52.27583	46.63480
52.35290	46.66551
52.42997	46.69622
52.50705	46.72694
52.58412	46.75766
52.66119	46.78837
52.73825	46.81908
52.71461	46.76364
52.67234	46.69226
52.63007	46.62088
52.58778	46.54948
52.54551	46.47810
52.50324	46.40671
52.46096	46.33533
52.41869	46.26394
52.37642	46.19256
52.33414	46.12118
52.29186	46.04978
52.24959	45.97839
52.20731	45.90701
52.16504	45.83563
52.12277	45.76424
52.08049	45.69286
52.03822	45.62148
51.99594	45.55009
51.95366	45.47869
51.91139	45.40731
51.86912	45.33593
51.82684	45.26455
51.78457	45.19316
51.74229	45.12178
51.70002	45.05039
51.65774	44.97900
51.61547	44.90761
51.57319	44.83623
51.53092	44.76485
51.48865	44.69346
51.44637	44.62208
51.40410	44.55069
51.36182	44.47930
51.31954	44.40791
51.27727	44.33653
51.23500	44.26515
51.19272	44.19376
51.15045	44.12238
51.10817	44.05099
51.06590	43.97960
51.02362	43.90821
50.98135	43.83683
50.93907	43.76545
50.89680	43.69407
50.85453	43.62268
50.81225	43.55130
50.76997	43.47990
50.72770	43.40852
50.68542	43.33713
50.64315	43.26575
50.60088	43.19437
50.55860	43.12298
50.51633	43.05160
50.47406	42.98021
50.43177	42.90882
50.38950	42.83743
50.34723	42.76605
50.32841	42.69467
50.37067	42.62328
50.41293	42.55188
50.45518	42.48049
50.49745	42.40908
50.53970	42.33769
50.58196	42.26629
50.62422	42.19490
50.66648	42.12351
50.70873	42.05211
50.75099	41.98072
50.79325	41.90931
50.83551	41.83792
50.87777	41.76653
50.92002	41.69513
50.96228	41.62374
51.00454	41.55235
51.04680	41.48095
51.08906	41.40955
51.13132	41.33815
51.17358	41.26676
51.21584	41.19537
51.25809	41.12397
51.30186	41.10202
51.34841	41.17070
51.39496	41.23938
51.44150	41.30806
51.48804	41.37674
51.53459	41.44542
51.58113	41.51409
51.62767	41.58277
51.67422	41.65144
51.72077	41.72013
51.76731	41.78881
51.81386	41.85748
51.86040	41.92616
51.90694	41.99484
51.95348	42.06351
52.00003	42.13219
52.04657	42.20087
52.09312	42.26955
52.13967	42.33823
52.18621	42.40691
52.23275	42.47559
52.27930	42.54426
52.32584	42.61294
52.37238	42.68161
52.41893	42.75030
52.46548	42.81898
52.51202	42.88765
52.55856	42.95633
52.60511	43.02501
52.65165	43.09369
52.69819	43.16236
52.74474	43.23105
52.79129	43.29972
52.83783	43.36840
52.88437	43.43708
52.93092	43.50575
52.97746	43.57443
53.02400	43.64311
53.07056	43.71180
53.11710	43.78047
53.16364	43.84915
53.21019	43.91782
53.25673	43.98650
53.30327	44.05518
53.34982	44.12385
53.39637	44.19254
53.44291	44.26122
53.48945	44.32990
53.53600	44.39857
53.58254	44.46725
53.62908	44.53592
53.67562	44.60460
53.72218	44.67329
53.76872	44.74197
53.81526	44.81064
53.86180	44.87932
53.90835	44.94799
53.95489	45.01667
54.00143	45.08535
54.06467	45.13875
54.12898	45.19118
54.19327	45.24360
54.25758	45.29603
54.32190	45.34846
54.38618	45.40087
54.45050	45.45330
54.51479	45.50572
54.57910	45.55815
54.64339	45.61057
54.70770	45.66300
54.77201	45.71543
54.83630	45.76784
54.90061	45.82027
54.96490	45.87269
55.02921	45.92512
55.09350	45.97754
55.15781	46.02997
55.22213	46.08240
55.28642	46.13481
55.35073	46.18724
55.41502	46.23966
55.47933	46.29209
55.54362	46.34451
55.60793	46.39693
55.67221	46.44935
55.73653	46.50178
55.80084	46.55421
55.86513	46.60663
55.92944	46.65906
55.99373	46.71147
56.05804	46.76390
56.12233	46.81632
56.18664	46.86875
56.25095	46.92118
56.31524	46.97360
56.37955	47.02603
56.44384	47.07844
56.50816	47.13087
56.57244	47.18329
56.63676	47.23572
56.70107	47.28815
56.76536	47.34056
56.82967	47.39300
56.89396	47.44541
56.95827	47.49784
57.02256	47.55026
57.08687	47.60269
57.15118	47.65512
57.21547	47.70753
57.27979	47.75997
57.34407	47.81238
57.40839	47.86481
57.47268	47.91723
57.53699	47.96966
57.60130	48.02209
57.66559	48.07450
57.72990	48.12694
57.79419	48.17935
57.85850	48.23178
57.92279	48.28419
57.98710	48.33663
58.05141	48.38906
58.11570	48.44147
58.18002	48.49391
58.24430	48.54632
58.30862	48.59875
58.37291	48.65117
58.43722	48.70360
58.50153	48.75603
58.56582	48.80844
58.63013	48.86088
58.69442	48.91329
58.75873	48.96572
58.82302	49.01814
58.88733	49.07057
58.95164	49.12300
59.01593	49.17542
59.08025	49.22784
59.14454	49.28026
59.20885	49.33269
59.27314	49.38511
59.33745	49.43754
59.40176	49.48997
59.46605	49.54238
59.53036	49.59481
59.59465	49.64723
59.65896	49.69966
59.72325	49.75208
59.78756	49.80451
59.85188	49.85694
59.91616	49.90935
59.98048	49.96178
60.04477	50.01420
60.10908	50.06663
60.17337	50.11905
60.23768	50.17147
60.30199	50.22391
60.36628	50.27632
60.43059	50.32875
60.49488	50.38117
60.55919	50.43360
60.62348	50.48601
60.68779	50.53844
60.75211	50.59088
60.81639	50.64329
60.88071	50.69572
60.94499	50.74814
61.00931	50.80057
61.07359	50.85298
61.13791	50.90541
61.20219	50.95783
61.25072	51.02431
61.29525	51.09433
61.33977	51.16431
61.38431	51.23433
61.42883	51.30431
61.47336	51.37432
61.51788	51.44431
61.56242	51.51433
61.60695	51.58434
61.65147	51.65433
61.69601	51.72434
61.74053	51.79433
61.78506	51.86434
61.82958	51.93433
61.87412	52.00434
61.91865	52.07435
61.96317	52.14434
62.00771	52.21435
62.05223	52.28434
62.09676	52.35435
62.14128	52.42434
62.18582	52.49435
62.23035	52.56437
62.27487	52.63435
62.31941	52.70436
62.36393	52.77435
62.40846	52.84436
62.45298	52.91435
62.49752	52.98436
62.54205	53.05438
62.58657	53.12437
62.63111	53.19438
62.67563	53.26437
62.72017	53.33438
62.76468	53.40437
62.80922	53.47438
62.85376	53.54439
62.89827	53.61438
62.94281	53.68439
62.98733	53.75438
63.03186	53.82439
63.07639	53.89438
63.10085	53.95810
63.02433	53.99019
62.94784	54.02227
62.87132	54.05437
62.79483	54.08645
62.71831	54.11854
62.64182	54.15063
62.56530	54.18272
62.48878	54.21481
62.41229	54.24689
62.33577	54.27899
62.25928	54.31107
62.18276	54.34317
62.10627	54.37525
62.02975	54.40734
61.95323	54.43943
61.87674	54.47152
61.80022	54.50361
61.72372	54.53569
61.64721	54.56779
61.57072	54.59987
61.49419	54.63196
61.41768	54.66405
61.34119	54.69614
61.26467	54.72823
61.18818	54.76031
61.11166	54.79241
61.17409	54.79441
61.25703	54.79198
61.33997	54.78954
61.42289	54.78711
61.50583	54.78468
61.58874	54.78225
61.67168	54.77982
61.75459	54.77739
61.83753	54.77495
61.92048	54.77252
62.00339	54.77009
62.08633	54.76766
62.16924	54.76522
62.25218	54.76279
62.33509	54.76036
62.41803	54.75793
62.50095	54.75550
62.58389	54.75307
62.66683	54.75063
62.74974	54.74820
62.83268	54.74577
62.91559	54.74334
62.99853	54.74091
63.08144	54.73848
63.16439	54.73604
63.24733	54.73361
63.33024	54.73118
63.41318	54.72875
63.49609	54.72631
63.57903	54.72388
63.66195	54.72145
63.74488	54.71902
63.77577	54.65726
63.78894	54.57536
63.80211	54.49344
63.81528	54.41154
63.82845	54.32962
63.84163	54.24773
63.85480	54.16580
63.86797	54.08388
63.88114	54.00198
63.89432	53.92006
63.90749	53.83816
63.92066	53.75624
63.93383	53.67434
63.94700	53.59242
63.96018	53.51049
63.97335	53.42860
63.98652	53.34667
63.99969	53.26478
64.01286	53.18285
64.02603	53.10096
64.03921	53.01904
64.05238	52.93711
64.06555	52.85522
64.07873	52.77329
64.09190	52.69139
64.10507	52.60947
64.17645	52.63935
64.25111	52.67554
64.32578	52.71173
64.40042	52.74791
64.47509	52.78410
64.54974	52.82028
64.62440	52.85647
64.69904	52.89264
64.77372	52.92883
64.84839	52.96502
64.92303	53.00120
64.99770	53.03739
65.07234	53.07357
65.14701	53.10976
65.22165	53.14593
65.29632	53.18212
65.37099	53.21831
65.44563	53.25449
65.52030	53.29068
65.59494	53.32685
65.66961	53.36304
65.74426	53.39922
65.81892	53.43541
65.89359	53.47160
65.96823	53.50778
66.04291	53.54397
66.11755	53.58014
66.19221	53.61633
66.26686	53.65251
66.34153	53.68870
66.41620	53.72489
66.49084	53.76107
66.56551	53.79726
66.64015	53.83344
66.71482	53.86963
66.78946	53.90580
66.86413	53.94199
66.93877	53.97816
67.01344	54.01435
67.08811	54.05054
67.16275	54.08672
67.23742	54.12291
67.31207	54.15909
67.38673	54.19528
67.46138	54.23146
67.53605	54.26765
67.61072	54.30384
67.68536	54.34001
67.76003	54.37620
67.83467	54.41238
67.90934	54.44857
67.98398	54.48475
68.05865	54.52094
68.13332	54.55713
68.20796	54.59330
68.28263	54.62949
68.35727	54.66567
68.43194	54.70186
68.50658	54.73803
68.58125	54.77422
68.65592	54.81041
68.73056	54.84659
68.80524	54.88278
68.87988	54.91896
68.95454	54.95515
69.02919	54.99133
69.10386	55.02752
69.17853	55.06371
69.25317	55.09988
69.32784	55.13607
69.40248	55.17225
69.47715	55.20844
69.55179	55.24461
69.62646	55.28080
69.70113	55.31699
69.77577	55.35317
69.85044	55.38936
69.92508	55.42554
69.99976	55.46173
70.07439	55.49790
70.14906	55.53409
70.22373	55.57028
70.29838	55.60646
70.37305	55.64265
70.44769	55.67883
70.52235	55.71502
70.59700	55.75119
70.67167	55.78738
70.74634	55.82357
70.82098	55.85975
70.83076	55.85089
70.77077	55.79359
70.71077	55.73629
70.65079	55.67899
70.59078	55.62168
70.53078	55.56437
70.47079	55.50708
70.41079	55.44977
70.35081	55.39248
70.29080	55.33517
70.23081	55.27788
70.17081	55.22057
70.11080	55.16325
70.05082	55.10596
69.99081	55.04865
69.93083	54.99136
69.87083	54.93405
69.81084	54.87676
69.75084	54.81945
69.69083	54.76214
69.63085	54.70485
69.57085	54.64754
69.51086	54.59025
69.45086	54.53294
69.39088	54.47565
69.33087	54.41833
69.27087	54.36102
69.21088	54.30373
69.15087	54.24642
69.09089	54.18913
69.03088	54.13182
68.97090	54.07453
68.91090	54.01722
68.85091	53.95993
68.79091	53.90261
68.73090	53.84530
68.67092	53.78801
68.61092	53.73070
68.55093	53.67341
68.49093	53.61610
68.43095	53.55881
68.37094	53.50150
68.31094	53.44419
68.25095	53.38690
68.19094	53.32959
68.13096	53.27230
68.07095	53.21498
68.01097	53.15769
67.95097	53.10038
67.89096	53.04307
67.83098	52.98578
67.77097	52.92847
67.71099	52.87118
67.65099	52.81387
67.59100	52.75658
67.53100	52.69926
67.47099	52.64196
67.41101	52.58466
67.35101	52.52735
67.29102	52.47006
67.23101	52.41275
67.17103	52.35546
67.11102	52.29815
67.05102	52.24084
66.99104	52.18355
66.93103	52.12624
66.87105	52.06895
66.81104	52.01163
66.75106	51.95435
66.69106	51.89703
66.63105	51.83972
66.57107	51.78243
66.51106	51.72512
66.45108	51.66783
66.39108	51.61052
66.33109	51.55323
66.27108	51.49592
66.21107	51.43861
66.15109	51.38132
66.09109	51.32401
66.03111	51.26671
65.97110	51.20940
65.91112	51.15211
65.85111	51.09480
65.79111	51.03749
65.73112	50.98020
65.67112	50.92289
65.61114	50.86560
65.55113	50.80828
65.49115	50.75100
65.43114	50.69368
65.37114	50.63637
65.31115	50.57908
65.25114	50.52177
65.19116	50.46448
65.13116	50.40717
65.07117	50.34988
65.01117	50.29257
64.95116	50.23526
64.89118	50.17797
64.83118	50.12066
64.77119	50.06337
64.71119	50.00605
64.65121	49.94876
64.59120	49.89145
64.53120	49.83414
64.47121	49.77685
64.41121	49.71954
64.35122	49.66225
64.29121	49.60493
64.23123	49.54765
64.17123	49.49033
64.11122	49.43302
64.05124	49.37573
63.99123	49.31842
63.93125	49.26113
63.87125	49.20382
63.81126	49.14653
63.75126	49.08922
63.69127	49.03193
63.63127	48.97462
63.57126	48.91730
63.51128	48.86002
63.45127	48.80270
63.39129	48.74541
63.33129	48.68810
63.27131	48.63081
63.21130	48.57350
63.15129	48.51619
63.09131	48.45890
63.03130	48.40159
62.97132	48.34430
62.91132	48.28698
62.85133	48.22969
62.79133	48.17238
62.73132	48.11507
62.67134	48.05778
62.61133	48.00047
62.55135	47.94318
62.49134	47.88587
62.43136	47.82858
62.37136	47.77127
62.31135	47.71395
62.25137	47.65667
62.19136	47.59935
62.13138	47.54206
62.07137	47.48475
62.01139	47.42746
61.95139	47.37015
61.90864	47.32261
61.98862	47.34459
62.06863	47.36657
62.14861	47.38855
62.22862	47.41054
62.30861	47.43252
62.38862	47.45450
62.46863	47.47649
62.54861	47.49847
62.62862	47.52045
62.70860	47.54243
62.78862	47.56442
62.86860	47.58640
62.94861	47.60838
63.02862	47.63037
63.10860	47.65235
63.18861	47.67433
63.26860	47.69631
63.34861	47.71830
63.42859	47.74028
63.50860	47.76226
63.58861	47.78425
63.66859	47.80622
63.74861	47.82821
63.82859	47.85019
63.90860	47.87218
63.98858	47.89415
64.06860	47.91614
64.14861	47.93813
64.22858	47.96011
64.30860	47.98209
64.38858	48.00407
64.46859	48.02605
64.54858	48.04803
64.62859	48.07002
64.61781	48.04016
64.55824	47.98244
64.49865	47.92470
64.43908	47.86698
64.37949	47.80924
64.31992	47.75152
64.26032	47.69378
64.20073	47.63604
64.14116	47.57832
64.08157	47.52058
64.02200	47.46286
63.96240	47.40512
63.90283	47.34740
63.84324	47.28967
63.78365	47.23193
63.72408	47.17421
63.66448	47.11647
63.60491	47.05875
63.54532	47.00101
63.48574	46.94329
63.42615	46.88555
63.36658	46.82783
63.30699	46.77009
63.24739	46.71235
63.18782	46.65463
63.12823	46.59689
63.06866	46.53917
63.00907	46.48143
62.94950	46.42371
62.88990	46.36597
62.83031	46.30824
62.77074	46.25051
62.71115	46.19278
62.65158	46.13506
62.59198	46.07732
62.53241	46.01960
62.47282	45.96186
62.41323	45.90412
62.35365	45.84640
62.29406	45.78866
62.23449	45.73094
62.17490	45.67320
62.18219	45.66141
62.25746	45.69632
62.33274	45.73122
62.40799	45.76612
62.48327	45.80102
62.55852	45.83591
62.63380	45.87082
62.70905	45.90571
62.78433	45.94062
62.85960	45.97552
62.93486	46.01042
63.01014	46.04533
63.08538	46.08022
63.16066	46.11512
63.23591	46.15002
63.31119	46.18493
63.38647	46.21983
63.46172	46.25472
63.53700	46.28963
63.61225	46.32452
63.68753	46.35943
63.76278	46.39432
63.83805	46.42923
63.91333	46.46413
63.98858	46.49903
64.06387	46.53393
64.13911	46.56882
64.21439	46.60373
64.28964	46.63863
64.36492	46.67353
64.44020	46.70844
64.51545	46.74333
64.59073	46.77824
64.66598	46.81313
64.74126	46.84803
64.81651	46.88293
64.89178	46.91784
64.96706	46.95274
65.04231	46.98763
65.11759	47.02254
65.19284	47.05743
65.26812	47.09234
65.34337	47.12723
65.41865	47.16214
65.49393	47.19704
65.56918	47.23194
65.64445	47.26684
65.71970	47.30174
65.79498	47.33664
65.87023	47.37154
65.94551	47.40644
66.02079	47.44135
66.09604	47.47624
66.17132	47.51115
66.24657	47.54604
66.32185	47.58095
66.39709	47.61584
66.47237	47.65075
66.54765	47.68565
66.62290	47.72055
66.69818	47.75545
66.77343	47.79034
66.84871	47.82525
66.92396	47.86014
66.99924	47.89505
67.07449	47.92994
67.14977	47.96485
67.22504	47.99976
67.30029	48.03465
67.37557	48.06955
67.45083	48.10445
67.49995	48.16768
67.54070	48.23993
67.58145	48.31221
67.62221	48.38449
67.66295	48.45674
67.70370	48.52902
67.74445	48.60127
67.78519	48.67355
67.82594	48.74580
67.86669	48.81808
67.90745	48.89036
67.94819	48.96261
67.98895	49.03489
68.02969	49.10714
68.07044	49.17942
68.11118	49.25167
68.15194	49.32395
68.19270	49.39623
68.23344	49.46848
68.27419	49.54076
68.31493	49.61301
68.35569	49.68529
68.39643	49.75754
68.43719	49.82982
68.47794	49.90210
68.51868	49.97435
68.56137	50.04517
68.61974	50.10411
68.67812	50.16307
68.73648	50.22202
68.79486	50.28098
68.85325	50.33994
68.91161	50.39888
68.96999	50.45784
69.02836	50.51678
69.08674	50.57575
69.14510	50.63469
69.20348	50.69365
69.26187	50.75261
69.32024	50.81155
69.37862	50.87051
69.43698	50.92945
69.49536	50.98842
69.55373	51.04736
69.61211	51.10632
69.67049	51.16528
69.72885	51.22422
69.78724	51.28319
69.84560	51.34212
69.90398	51.40109
69.96235	51.46003
70.02073	51.51899
70.07912	51.57795
70.13748	51.63689
70.19586	51.69586
70.25423	51.75480
70.31261	51.81376
70.37097	51.87270
70.42935	51.93166
70.48774	51.99063
70.54610	52.04957
70.60448	52.10853
70.66285	52.16747
70.72123	52.22643
70.77959	52.28537
70.83797	52.34433
70.89636	52.40330
70.95472	52.46224
71.01311	52.52120
71.07147	52.58014
71.12985	52.63910
71.18822	52.69804
71.24660	52.75701
71.30499	52.81597
71.36334	52.87491
71.42173	52.93387
71.48009	52.99281
71.53848	53.05177
71.59684	53.11071
71.65522	53.16968
71.71358	53.22862
71.77197	53.28758
71.83035	53.34654
71.88872	53.40548
71.94710	53.46445
72.00546	53.52339
72.06384	53.58235
72.12221	53.64129
72.18059	53.70025
72.23898	53.75921
72.29734	53.81815
72.35572	53.87712
72.41409	53.93606
72.47247	53.99502
72.53083	54.05396
72.58921	54.11292
72.64760	54.17189
72.70596	54.23083
72.76434	54.28979
72.82271	54.34873
72.88109	54.40769
72.93945	54.46663
72.99783	54.52559
73.05622	54.58456
73.11458	54.64350
73.17297	54.70246
73.23133	54.76140
73.28971	54.82036
73.34808	54.87930
73.40646	54.93827
73.46484	54.99723
73.52320	55.05617
73.58159	55.11513
73.63995	55.17407
73.69833	55.23303
73.75670	55.29197
73.81508	55.35094
73.87347	55.40990
73.93182	55.46884
73.99021	55.52780
74.04858	55.58674
74.10696	55.64571
74.16532	55.70465
74.22370	55.76361
74.28209	55.82257
74.34045	55.88151
74.39883	55.94047
74.45720	55.99941
74.53185	56.03212
74.61061	56.05810
74.68941	56.08410
74.76821	56.11010
74.84698	56.13608
74.92578	56.16208
75.00455	56.18806
75.08336	56.21406
75.16212	56.24005
75.24093	56.26604
75.31973	56.29204
75.39850	56.31803
75.47729	56.34402
75.55607	56.37001
75.63486	56.39601
75.71364	56.42199
75.79243	56.44799
75.87124	56.47398
75.95001	56.49997
76.02881	56.52597
76.10758	56.55196
76.18638	56.57795
76.26515	56.60394
76.34395	56.62994
76.42275	56.65593
76.50152	56.68192
76.58032	56.70792
76.65910	56.73390
76.73789	56.75990
76.81667	56.78588
76.89546	56.81188
76.97427	56.83788
77.05303	56.86386
77.13184	56.88986
77.21060	56.91585
77.28941	56.94184
77.36818	56.96783
77.44698	56.99383
77.52575	57.01981
77.60455	57.04581
77.68335	57.07180
77.76212	57.09779
77.84092	57.12379
77.91969	57.14978
77.99849	57.17577
78.07726	57.20176
78.15606	57.22776
78.23486	57.25375
78.31363	57.27974
78.39243	57.30573
78.47120	57.33172
78.55000	57.35772
78.62877	57.38371
78.70757	57.40970
78.78637	57.43570
78.86514	57.46169
78.94394	57.48768
79.02271	57.51367
79.10151	57.53966
79.18028	57.56565
79.25909	57.59165
79.33788	57.61764
79.41666	57.64363
79.49545	57.66962
79.57423	57.69561
79.65302	57.72161
79.73180	57.74760
79.81059	57.77359
79.88940	57.79959
79.96816	57.82558
80.04697	57.85157
80.12574	57.87756
80.20454	57.90355
80.28331	57.92954
80.36211	57.95554
80.44091	57.98153
80.51968	58.00752
80.59848	58.03352
80.67725	58.05951
80.75605	58.08550
80.83482	58.11149
80.91362	58.13748
80.99242	58.16348
81.07119	58.18946
81.14999	58.21546
81.22876	58.24145
81.30756	58.26744
81.38633	58.29343
81.46513	58.31943
81.54393	58.34542
81.62270	58.37141
81.69836	58.40358
81.76562	58.45213
81.83290	58.50069
81.90015	58.54924
81.96744	58.59780
82.03471	58.64637
82.10197	58.69492
82.16925	58.74348
82.23651	58.79203
82.30379	58.84059
82.37105	58.88914
82.43832	58.93770
82.50561	58.98627
82.57286	59.03481
82.64014	59.08338
82.70740	59.13192
82.77468	59.18049
82.84193	59.22903
82.90922	59.27760
82.97650	59.32616
83.04375	59.37471
83.11104	59.42327
83.17829	59.47182
83.24557	59.52039
83.31283	59.56894
83.38011	59.61750
83.44739	59.66606
83.51465	59.71461
83.58192	59.76318
83.64919	59.81172
83.71646	59.86029
83.78372	59.90883
83.85100	59.95740
83.91826	60.00594
83.98553	60.05451
84.05282	60.10307
84.12007	60.15162
84.18736	60.20018
84.25462	60.24873
84.32189	60.29729
84.38915	60.34584
84.45643	60.39441
84.52371	60.44297
84.59097	60.49152
84.65825	60.54008
84.72550	60.58863
84.79279	60.63720
84.86004	60.68574
84.92732	60.73431
84.99461	60.78287
85.06186	60.83142
85.12914	60.87998
85.19640	60.92853
85.26368	60.97709
85.33093	61.02564
85.39822	61.07420
85.46549	61.12277
85.53275	61.17131
85.60003	61.21988
85.66729	61.26843
85.73457	61.31699
85.80183	61.36554
85.86910	61.41410
85.93639	61.46267
86.00364	61.51122
86.07092	61.55978
86.13818	61.60833
86.20546	61.65689
86.27271	61.70544
Deni Sudibyo
https://thenounproject.com/icon/mountain-6834840/
