68.50000	74.40000
68.54884	74.32513
68.59753	74.25017
68.64607	74.17510
68.69446	74.09994
68.74268	74.02467
68.79071	73.94928
68.83858	73.87379
68.88631	73.79820
68.93388	73.72252
68.98127	73.64672
69.02847	73.57081
69.07552	73.49480
69.12241	73.41869
69.16913	73.34248
69.21567	73.26617
69.26203	73.18974
69.30823	73.11321
69.35427	73.03659
69.40015	72.95987
69.44583	72.88303
69.49133	72.80609
69.53667	72.72905
69.58186	72.65192
69.62687	72.57468
69.67169	72.49734
69.71632	72.41989
69.76079	72.34235
69.80509	72.26471
69.84923	72.18697
69.89318	72.10913
69.93693	72.03117
69.98051	71.95313
70.02392	71.87498
70.06716	71.79675
70.11024	71.71842
70.15308	71.63997
70.19576	71.56142
70.23827	71.48279
70.28061	71.40406
70.32278	71.32524
70.36473	71.24631
70.40650	71.16727
70.44810	71.08815
70.48951	71.00893
70.53076	70.92963
70.57181	70.85021
70.61265	70.77070
70.65331	70.69109
70.69380	70.61140
70.73412	70.53162
70.77425	70.45174
70.81416	70.37175
70.85389	70.29167
70.89344	70.21150
70.93280	70.13125
70.97198	70.05090
71.01097	69.97047
71.04975	69.88992
71.08834	69.80929
71.12675	69.72857
71.16498	69.64777
71.20302	69.56687
71.24085	69.48588
71.27848	69.40479
71.31592	69.32362
71.35317	69.24236
71.39024	69.16102
71.42712	69.07960
71.46379	68.99807
71.50025	68.91645
71.53653	68.83475
71.57262	68.75297
71.60852	68.67110
71.64423	68.58916
71.67971	68.50711
71.71499	68.42497
71.75008	68.34276
71.78500	68.26047
71.81971	68.17809
71.85423	68.09563
71.88852	68.01308
71.92262	67.93045
71.95651	67.84773
71.99022	67.76495
72.02374	67.68208
72.05706	67.59913
72.09015	67.51608
72.12304	67.43296
72.15573	67.34976
72.18823	67.26649
72.22054	67.18314
72.25265	67.09972
72.28453	67.01620
72.31620	66.93261
72.34768	66.84895
72.37896	66.76521
72.41004	66.68140
72.44093	66.59751
72.47160	66.51354
72.50204	66.42950
72.53229	66.34538
72.56233	66.26119
72.59219	66.17693
72.62184	66.09260
72.65128	66.00819
72.68050	65.92371
72.70950	65.83916
72.73832	65.75454
72.76694	65.66985
72.79534	65.58510
72.82355	65.50027
72.85151	65.41537
72.87928	65.33040
72.90684	65.24536
72.93420	65.16026
72.96136	65.07510
72.98831	64.98987
73.01505	64.90456
73.04156	64.81920
73.06786	64.73376
73.09397	64.64827
73.11987	64.56271
73.14558	64.47710
73.17107	64.39142
73.19633	64.30566
73.22137	64.21986
73.24622	64.13399
73.27087	64.04807
73.29531	63.96208
73.31955	63.87603
73.34355	63.78993
73.36734	63.70376
73.39092	63.61753
73.41430	63.53125
73.43748	63.44492
73.46044	63.35853
73.48321	63.27208
73.50573	63.18558
73.52804	63.09901
73.55015	63.01240
73.57205	62.92574
73.59375	62.83902
73.61524	62.75225
73.63653	62.66543
73.65757	62.57855
73.67841	62.49162
73.69905	62.40464
73.71948	62.31762
73.73971	62.23055
73.75973	62.14342
73.77951	62.05625
73.79907	61.96903
73.81843	61.88176
73.83759	61.79445
73.85655	61.70709
73.87531	61.61969
73.89384	61.53224
73.91214	61.44474
73.93023	61.35720
73.94812	61.26962
73.96581	61.18200
73.98329	61.09433
74.00057	61.00662
74.01763	60.91888
74.03446	60.83108
74.05108	60.74325
74.06750	60.65538
74.08372	60.56747
74.09973	60.47953
74.11555	60.39155
74.13112	60.30352
74.14648	60.21546
74.16164	60.12737
74.17660	60.03923
74.19135	59.95107
74.20589	59.86287
74.22024	59.77464
74.23434	59.68637
74.24825	59.59806
74.26194	59.50973
74.27544	59.42136
74.28873	59.33297
74.30183	59.24454
74.31470	59.15608
74.32735	59.06758
74.33980	58.97906
74.35204	58.89052
74.36409	58.80194
74.37594	58.71334
74.38758	58.62471
74.39899	58.53605
74.41020	58.44736
74.42121	58.35866
74.43201	58.26992
74.44263	58.18116
74.45305	58.09238
74.46323	58.00357
74.47321	57.91474
74.48298	57.82588
74.49255	57.73701
74.50192	57.64811
74.51111	57.55919
74.52010	57.47025
74.52885	57.38129
74.53740	57.29231
74.54575	57.20331
74.55390	57.11429
74.56187	57.02525
74.56964	56.93620
74.57719	56.84713
74.58453	56.75804
74.59167	56.66893
74.59862	56.57981
74.60538	56.49068
74.61194	56.40153
74.61830	56.31236
74.62432	56.22318
74.63033	56.13399
74.63613	56.04478
74.64169	55.95557
74.64706	55.86634
74.65223	55.77709
74.65719	55.68784
74.66184	55.59857
74.66644	55.50930
74.67082	55.42002
74.67496	55.33072
74.67906	55.24142
74.68285	55.15211
74.68643	55.06279
74.68974	54.97346
74.69296	54.88413
74.69601	54.79479
74.69876	54.70544
74.70150	54.61609
74.70382	54.52673
74.70611	54.43737
74.70821	54.34800
74.71008	54.25863
74.71174	54.16925
74.71310	54.07988
74.71448	53.99049
74.71551	53.90111
74.71642	53.81172
74.71719	53.72234
74.71764	53.63295
74.71811	53.54356
74.71815	53.45416
74.71815	53.36478
74.71793	53.27538
74.71748	53.18599
74.71699	53.09661
74.71610	53.00722
74.71523	52.91783
74.71401	52.82845
74.71268	52.73907
74.71120	52.64969
74.70943	52.56031
74.70766	52.47094
74.70550	52.38158
74.70329	52.29221
74.70086	52.20286
74.69821	52.11350
74.69553	52.02415
74.69244	51.93481
74.68935	51.84548
74.68597	51.75615
74.68246	51.66683
74.67884	51.57751
74.67488	51.48821
74.67092	51.39891
74.66663	51.30962
74.66223	51.22034
74.65769	51.13106
74.65288	51.04180
74.64806	50.95254
74.64285	50.86330
74.63760	50.77406
74.63216	50.68484
74.62649	50.59563
74.62080	50.50642
74.61471	50.41724
74.60862	50.32805
74.60228	50.23888
74.59576	50.14973
74.58920	50.06059
74.58226	49.97146
74.57533	49.88234
74.56812	49.79324
74.56078	49.70415
74.55333	49.61507
74.54557	49.52602
74.53781	49.43697
74.52972	49.34794
74.52156	49.25892
74.51326	49.16992
74.50468	49.08094
74.49611	48.99196
74.48718	48.90302
74.47820	48.81408
74.46906	48.72515
74.45966	48.63626
74.45026	48.54736
74.44051	48.45851
74.43073	48.36966
74.42075	48.28082
74.41056	48.19201
74.40037	48.10320
74.39023	48.01439
74.37969	47.92562
74.36873	47.83691
74.35734	47.74825
74.34554	47.65964
74.33331	47.57108
74.32059	47.48260
74.30747	47.39418
74.29395	47.30582
74.28001	47.21752
74.26570	47.12928
74.25096	47.04111
74.23576	46.95303
74.22018	46.86501
74.20422	46.77705
74.18787	46.68917
74.17117	46.60135
74.15400	46.51362
74.13644	46.42598
74.11852	46.33840
74.10023	46.25090
74.08160	46.16348
74.06255	46.07614
74.04308	45.98889
74.02328	45.90172
74.00313	45.81463
73.98263	45.72762
73.96173	45.64071
73.94044	45.55389
73.91882	45.46715
73.89687	45.38050
73.87459	45.29393
73.85189	45.20747
73.82884	45.12110
73.80546	45.03482
73.78176	44.94863
73.75774	44.86253
73.73331	44.77654
73.70855	44.69064
73.68348	44.60484
73.65810	44.51913
73.63238	44.43352
73.60627	44.34803
73.57986	44.26263
73.55315	44.17732
73.52613	44.09211
73.49874	44.00702
73.47102	43.92203
73.44301	43.83714
73.41471	43.75235
73.38608	43.66768
73.35708	43.58311
73.32780	43.49865
73.29823	43.41430
73.26838	43.33003
73.23814	43.24591
73.20762	43.16190
73.17682	43.07798
73.14576	42.99416
73.11431	42.91048
73.08257	42.82691
73.05058	42.74345
73.01831	42.66008
72.98569	42.57685
72.95277	42.49374
72.91959	42.41074
72.88615	42.32785
72.85236	42.24508
72.81828	42.16245
72.78394	42.07991
72.74933	41.99749
72.71441	41.91520
72.67918	41.83305
72.64370	41.75100
72.60797	41.66906
72.57191	41.58726
72.53557	41.50559
72.49898	41.42404
72.46214	41.34259
72.42496	41.26130
72.38751	41.18013
72.34982	41.09907
72.31190	41.01812
72.27363	40.93734
72.23509	40.85668
72.19633	40.77613
72.15732	40.69570
72.11796	40.61544
72.07836	40.53530
72.03853	40.45527
71.99844	40.37537
71.95803	40.29564
71.91738	40.21603
71.87650	40.13653
71.83535	40.05718
71.79389	39.97798
71.75221	39.89890
71.71030	39.81994
71.66809	39.74115
71.62561	39.66249
71.58291	39.58396
71.53999	39.50555
71.49673	39.42733
71.45323	39.34922
71.40953	39.27125
71.36557	39.19341
71.32130	39.11576
71.27681	39.03822
71.23211	38.96081
71.18711	38.88357
71.14186	38.80648
71.09639	38.72952
71.05070	38.65268
71.00469	38.57605
70.95845	38.49954
70.91201	38.42316
70.86531	38.34694
70.81831	38.27090
70.77112	38.19498
70.72371	38.11919
70.67599	38.04361
70.62805	37.96817
70.57990	37.89285
70.53150	37.81769
70.48282	37.74272
70.43392	37.66788
70.38483	37.59319
70.33544	37.51867
70.28580	37.44433
70.23598	37.37012
70.18591	37.29605
70.13555	37.22220
70.08499	37.14849
70.03423	37.07491
69.98318	37.00153
69.93188	36.92831
69.88039	36.85524
69.82869	36.78232
69.77667	36.70962
69.72446	36.63706
69.67207	36.56465
69.61938	36.49243
69.56645	36.42039
69.51333	36.34850
69.45999	36.27676
69.40635	36.20526
69.35252	36.13389
69.29849	36.06268
69.24419	35.99168
69.18964	35.92085
69.13491	35.85017
69.07996	35.77967
69.02470	35.70940
68.96927	35.63928
68.91364	35.56930
68.85772	35.49956
68.80159	35.42999
68.74526	35.36057
68.68870	35.29136
68.63187	35.22236
68.57484	35.15351
68.51764	35.08483
68.46011	35.01641
68.40240	34.94814
68.34451	34.88004
68.28635	34.81215
68.22794	34.74447
68.16936	34.67696
68.11057	34.60962
68.05148	34.54254
67.99220	34.47563
67.93275	34.40888
67.87302	34.34238
67.81306	34.27608
67.75291	34.20995
67.69255	34.14402
67.63190	34.07833
67.57108	34.01283
67.51008	33.94749
67.44878	33.88242
67.38728	33.81755
67.32561	33.75285
67.26369	33.68838
67.20152	33.62415
67.13916	33.56010
67.07661	33.49623
67.01377	33.43266
66.95074	33.36927
66.88754	33.30606
66.82407	33.24311
66.76037	33.18039
66.69650	33.11785
66.63242	33.05553
66.56805	32.99350
66.50351	32.93165
66.43880	32.86998
66.37379	32.80862
66.30859	32.74747
66.24321	32.68650
66.17760	32.62580
66.11174	32.56535
66.04570	32.50510
65.97948	32.44506
65.91296	32.38534
65.84628	32.32582
65.77940	32.26649
65.71227	32.20746
65.64494	32.14867
65.57742	32.09009
65.50969	32.03175
65.44170	31.97372
65.37353	31.91589
65.30518	31.85827
65.23656	31.80099
65.16775	31.74393
65.09876	31.68708
65.02954	31.63052
64.96009	31.57424
64.89046	31.51818
64.82066	31.46235
64.75056	31.40687
64.68030	31.35161
64.60986	31.29657
64.53917	31.24186
64.46828	31.18741
64.39722	31.13318
64.32594	31.07923
64.25442	31.02562
64.18272	30.97222
64.11086	30.91905
64.03872	30.86627
63.96640	30.81372
63.89392	30.76141
63.82120	30.70942
63.74826	30.65773
63.67517	30.60629
63.60188	30.55510
63.52833	30.50429
63.45462	30.45373
63.38074	30.40340
63.30661	30.35345
63.23229	30.30378
63.15780	30.25435
63.08311	30.20524
63.00819	30.15648
62.93311	30.10797
62.85786	30.05972
62.78234	30.01188
62.70667	29.96431
62.63083	29.91698
62.55476	29.87002
62.47850	29.82340
62.40208	29.77703
62.32548	29.73095
62.24863	29.68529
62.17163	29.63989
62.09447	29.59475
62.01707	29.55003
61.93949	29.50561
61.86176	29.46147
61.78384	29.41766
61.70570	29.37425
61.62741	29.33111
61.54897	29.28824
61.47030	29.24579
61.39146	29.20365
61.31244	29.16186
61.23325	29.12041
61.15388	29.07928
61.07432	29.03852
60.99460	28.99807
60.91470	28.95799
60.83463	28.91825
60.75439	28.87885
60.67397	28.83982
60.59340	28.80111
60.51263	28.76279
60.43172	28.72480
60.35063	28.68717
60.26937	28.64991
60.18797	28.61299
60.10638	28.57647
60.02464	28.54028
59.94273	28.50447
59.86067	28.46902
59.77846	28.43393
59.69607	28.39924
59.61354	28.36489
59.53085	28.33094
59.44801	28.29736
59.36502	28.26413
59.28187	28.23132
59.19859	28.19885
59.11514	28.16680
59.03155	28.13511
58.94782	28.10380
58.86395	28.07290
58.77993	28.04236
58.69577	28.01224
58.61147	27.98249
58.52704	27.95313
58.44246	27.92419
58.35777	27.89561
58.27292	27.86746
58.18795	27.83969
58.10286	27.81232
58.01762	27.78537
57.93228	27.75878
57.84679	27.73265
57.76120	27.70689
57.67548	27.68154
57.58963	27.65662
57.50367	27.63207
57.41759	27.60798
57.33140	27.58427
57.24510	27.56097
57.15868	27.53811
57.07216	27.51563
56.98553	27.49361
56.89879	27.47198
56.81195	27.45076
56.72501	27.43000
56.63797	27.40962
56.55083	27.38969
56.46359	27.37018
56.37627	27.35107
56.28885	27.33243
56.20134	27.31418
56.11374	27.29637
56.02605	27.27900
55.93829	27.26202
55.85043	27.24553
55.76250	27.22943
55.67449	27.21376
55.58641	27.19856
55.49825	27.18375
55.41002	27.16940
55.32172	27.15549
55.23335	27.14198
55.14492	27.12895
55.05642	27.11633
54.96786	27.10415
54.87924	27.09243
54.79057	27.08112
54.70184	27.07026
54.61306	27.05985
54.52423	27.04985
54.43534	27.04033
54.34642	27.03123
54.25745	27.02256
54.16844	27.01436
54.07939	27.00658
54.00000	27.00973
54.00000	27.09912
54.00000	27.18851
54.00000	27.27790
54.00000	27.36729
54.00000	27.45669
54.00000	27.54608
54.00000	27.63547
54.00000	27.72486
54.00000	27.81425
54.00000	27.90364
54.00000	27.99303
54.00000	28.08242
54.00000	28.17182
54.00000	28.26121
54.00000	28.35060
54.00000	28.43999
54.00000	28.52938
54.00000	28.61877
54.00000	28.70816
54.00000	28.79755
54.00000	28.88695
54.00000	28.97634
54.00000	29.06573
54.00000	29.15512
54.00000	29.24451
54.00000	29.33390
54.00000	29.42329
54.00000	29.51268
54.00000	29.60208
54.00000	29.69147
54.00000	29.78086
54.00000	29.87025
54.00000	29.95964
54.00000	30.04903
54.00000	30.13842
54.00000	30.22781
54.00000	30.31720
54.00000	30.40660
54.00000	30.49599
54.00000	30.58538
54.00000	30.67477
54.00000	30.76416
54.00000	30.85355
54.00000	30.94294
54.00000	31.03233
54.00000	31.12173
54.00000	31.21112
54.00000	31.30051
54.00000	31.38990
54.00000	31.47929
54.00000	31.56868
54.00000	31.65807
54.00000	31.74746
54.00000	31.83686
54.00000	31.92625
54.00000	32.01564
54.00000	32.10503
54.00000	32.19442
54.00000	32.28381
54.00000	32.37320
54.00000	32.46259
54.00000	32.55199
54.00000	32.64137
54.00000	32.73077
54.00000	32.82016
54.00000	32.90955
54.00000	32.99894
54.00000	33.08833
54.00000	33.17773
54.00000	33.26711
54.00000	33.35651
54.00000	33.44590
54.00000	33.53529
54.00000	33.62468
54.00000	33.71407
54.00000	33.80346
54.00000	33.89285
54.00000	33.98225
54.00000	34.07163
54.00000	34.16103
54.00000	34.25042
54.00000	34.33981
54.00000	34.42920
54.00000	34.51859
54.00000	34.60799
54.00000	34.69737
54.00000	34.78677
54.00000	34.87616
54.00000	34.96555
54.00000	35.05494
54.00000	35.14433
54.00000	35.23372
54.00000	35.32311
54.00000	35.41251
54.00000	35.50189
54.00000	35.59129
54.00000	35.68068
54.00000	35.77007
54.00000	35.85946
54.00000	35.94885
54.00000	36.03824
54.00000	36.12763
54.00000	36.21703
54.00000	36.30641
54.00000	36.39581
54.00000	36.48520
54.00000	36.57459
54.00000	36.66398
54.00000	36.75337
54.00000	36.84277
54.00000	36.93215
54.00000	37.02155
54.00000	37.11094
54.00000	37.20033
54.00000	37.28972
54.00000	37.37911
54.00000	37.46850
54.00000	37.55789
54.00000	37.64729
54.00000	37.73667
54.00000	37.82607
54.00000	37.91546
54.00000	38.00484
54.00000	38.09424
54.00000	38.18363
54.00000	38.27303
54.00000	38.36241
54.00000	38.45181
54.00000	38.54120
54.00000	38.63058
54.00000	38.71998
54.00000	38.80937
54.00000	38.89876
54.00000	38.98815
54.00000	39.07755
54.00000	39.16693
54.00000	39.25632
54.00000	39.34572
54.00000	39.43510
54.00000	39.52450
54.00000	39.61389
54.00000	39.70328
54.00000	39.79267
54.00000	39.88206
54.00000	39.97145
54.00000	40.06084
54.00000	40.15024
54.00000	40.23963
54.00000	40.32902
54.00000	40.41841
54.00000	40.50780
54.00000	40.59719
54.00000	40.68658
54.00000	40.77598
54.00000	40.86536
54.00000	40.95476
54.00000	41.04415
54.00000	41.13354
54.00000	41.22293
54.00000	41.31232
54.00000	41.40171
54.00000	41.49110
54.00000	41.58050
54.00000	41.66988
54.00000	41.75928
54.00000	41.84867
54.00000	41.93806
54.00000	42.02745
54.00000	42.11684
54.00000	42.20624
54.00000	42.29562
54.00000	42.38502
54.00000	42.47441
54.00000	42.56380
54.00000	42.65319
54.00000	42.74258
54.00000	42.83197
54.00000	42.92136
54.00000	43.01076
54.00000	43.10014
54.00000	43.18954
54.00000	43.27893
54.00000	43.36832
54.00000	43.45771
54.00000	43.54710
54.00000	43.63650
54.00000	43.72588
54.00000	43.81528
54.00000	43.90467
54.00000	43.99406
54.00000	44.08345
54.00000	44.17284
54.00000	44.26223
54.00000	44.35162
54.00000	44.44102
54.00000	44.53040
54.00000	44.61980
54.00000	44.70919
54.00000	44.79858
54.00000	44.88797
54.00000	44.97736
54.00000	45.06675
54.00000	45.15614
54.00000	45.24554
54.00000	45.33492
54.00000	45.42432
54.00000	45.51371
54.00000	45.60310
54.00000	45.69249
54.00000	45.78188
54.00000	45.87128
54.00000	45.96066
54.00000	46.05006
54.00000	46.13945
54.00000	46.22884
54.00000	46.31823
54.00000	46.40762
54.00000	46.49701
54.00000	46.58640
54.00000	46.67580
54.00000	46.76518
54.00000	46.85458
54.00000	46.94397
54.00000	47.03336
54.00000	47.12275
54.00000	47.21214
54.00000	47.30154
54.00000	47.39092
54.00000	47.48032
54.00000	47.56971
54.00000	47.65910
54.00000	47.74849
54.00000	47.83788
54.00000	47.92727
54.00000	48.01666
54.00000	48.10606
54.00000	48.19544
54.00000	48.28484
54.00000	48.37423
54.00000	48.46362
54.00000	48.55301
54.00000	48.64240
54.00000	48.73179
54.00000	48.82118
54.00000	48.91058
54.00000	48.99996
54.00000	49.08936
54.00000	49.17875
54.00000	49.26814
54.00000	49.35753
54.00000	49.44692
54.00000	49.53632
54.00000	49.62570
54.00000	49.71510
54.00000	49.80449
54.00000	49.89388
54.00000	49.98327
54.00000	50.07266
54.00000	50.16205
54.00000	50.25144
54.00000	50.34084
54.00000	50.43022
54.00000	50.51962
54.00000	50.60901
54.00000	50.69839
54.00000	50.78779
54.00000	50.87718
54.00000	50.96658
54.00000	51.05596
54.00000	51.14536
54.00000	51.23475
54.00000	51.32413
54.00000	51.41353
54.00000	51.50292
54.00000	51.59231
54.00000	51.68170
54.00000	51.77110
54.00000	51.86048
54.00000	51.94987
54.00000	52.03927
54.00000	52.12865
54.00000	52.21805
54.00000	52.30744
54.00000	52.39683
54.00000	52.48622
54.00000	52.57561
54.00000	52.66500
54.00000	52.75439
54.00000	52.84379
54.00000	52.93318
54.00000	53.02257
54.00000	53.11196
54.00000	53.20135
54.00000	53.29074
54.00000	53.38013
54.00000	53.46953
54.00000	53.55891
54.00000	53.64831
54.00000	53.73770
54.00000	53.82709
54.00000	53.91648
54.00000	54.00587
54.00000	54.09526
54.00000	54.18465
54.00000	54.27405
54.00000	54.36343
54.00000	54.45283
54.00000	54.54222
54.00000	54.63161
54.00000	54.72100
54.00000	54.81039
54.00000	54.89979
54.00000	54.98917
54.00000	55.07857
54.00000	55.16796
54.00000	55.25735
54.00000	55.34674
54.00000	55.43613
54.00000	55.52552
54.00000	55.61491
54.00000	55.70431
54.00000	55.79369
54.00000	55.88309
54.00000	55.97248
54.00000	56.06187
54.00000	56.15126
54.00000	56.24065
54.00000	56.33004
54.00000	56.41943
54.00000	56.50883
54.00000	56.59822
54.00000	56.68761
54.00000	56.77700
54.00000	56.86639
54.00000	56.95578
54.00000	57.04517
54.00000	57.13457
54.00000	57.22395
54.00000	57.31335
54.00000	57.40274
54.00000	57.49213
54.00000	57.58152
54.00000	57.67091
54.00000	57.76030
54.00000	57.84969
54.00000	57.93909
54.00000	58.02847
54.00000	58.11787
54.00000	58.20726
54.00000	58.29665
54.00000	58.38604
54.00000	58.47543
54.00000	58.56483
54.00000	58.65421
54.00000	58.74361
54.00000	58.83300
54.00000	58.92239
54.00000	59.01178
54.00000	59.10117
54.00000	59.19056
54.00000	59.27995
54.00000	59.36935
54.00000	59.45873
54.00000	59.54813
54.00000	59.63752
54.00000	59.72691
54.00000	59.81630
54.00000	59.90569
54.00000	59.99508
54.00000	60.08447
54.00000	60.17387
54.00000	60.26326
54.00000	60.35265
54.00000	60.44204
54.00000	60.53143
54.00000	60.62082
54.00000	60.71021
54.00000	60.79961
54.00000	60.88899
54.00000	60.97839
54.00000	61.06778
54.00000	61.15717
54.00000	61.24656
54.00000	61.33595
54.00000	61.42534
54.00000	61.51473
54.00000	61.60413
54.00000	61.69351
54.00000	61.78291
54.00000	61.87230
54.00000	61.96169
54.00000	62.05108
54.00000	62.14047
54.00000	62.22987
54.00000	62.31925
54.00000	62.40865
54.00000	62.49804
54.00000	62.58743
54.00000	62.67682
54.00000	62.76621
54.00000	62.85560
54.00000	62.94499
54.00000	63.03439
54.00000	63.12377
54.00000	63.21317
54.00000	63.30256
54.00000	63.39194
54.00000	63.48134
54.00000	63.57073
54.00000	63.66012
54.00000	63.74951
54.00000	63.83891
54.00000	63.92830
54.00000	64.01768
54.00000	64.10708
54.00000	64.19647
54.00000	64.28586
54.00000	64.37525
54.00000	64.46465
54.00000	64.55403
54.00000	64.64342
54.00000	64.73282
54.00000	64.82220
54.00000	64.91160
54.00000	65.00099
54.00000	65.09038
54.00000	65.17977
54.00000	65.26917
54.00000	65.35855
54.00000	65.44794
54.00000	65.53734
54.00000	65.62673
54.00000	65.71612
54.00000	65.80551
54.00000	65.89491
54.00000	65.98429
54.00000	66.07368
54.00000	66.16308
54.00000	66.25246
54.00000	66.34186
54.00000	66.43125
54.00000	66.52064
54.00000	66.61003
54.00000	66.69942
54.00000	66.78881
54.00000	66.87820
54.00000	66.96760
54.00000	67.05698
54.00000	67.14638
54.00000	67.23577
54.00000	67.32516
54.00000	67.41455
54.00000	67.50394
54.00000	67.59334
54.00000	67.68272
54.00000	67.77212
54.00000	67.86151
54.00000	67.95090
54.00000	68.04029
54.00000	68.12968
54.00000	68.21907
54.00000	68.30846
54.00000	68.39786
54.00000	68.48724
54.00000	68.57664
54.00000	68.66603
54.00000	68.75542
54.00000	68.84481
54.00000	68.93420
54.00000	69.02359
54.00000	69.11298
54.00000	69.20238
54.00000	69.29177
54.00000	69.38116
54.00000	69.47055
54.00000	69.55994
54.00000	69.64933
54.00000	69.73872
54.00000	69.82812
54.00000	69.91750
54.00000	70.00690
54.00000	70.09629
54.00000	70.18568
54.00000	70.27507
54.00000	70.36446
54.00000	70.45385
54.00000	70.54324
54.00000	70.63264
54.00000	70.72202
54.00000	70.81142
54.00000	70.90081
54.00000	70.99020
54.00000	71.07959
54.00000	71.16898
54.00000	71.25838
54.00000	71.34776
54.00000	71.43716
54.00000	71.52655
54.00000	71.61594
54.00000	71.70533
54.00000	71.79472
54.00000	71.88411
54.00000	71.97350
54.00000	72.06290
54.00000	72.15228
54.00000	72.24168
54.00000	72.33107
54.00000	72.42046
54.00000	72.50985
54.00000	72.59924
54.00000	72.68863
54.00000	72.77802
54.00000	72.86742
54.00000	72.95681
54.00000	73.04620
54.00000	73.13559
54.00000	73.22498
54.00000	73.31437
54.00000	73.40376
54.00000	73.49316
54.00000	73.58254
54.00000	73.67194
54.00000	73.76133
54.00000	73.85072
54.00000	73.94011
54.00000	74.02950
54.00000	74.11889
54.00000	74.20828
54.00000	74.29768
54.00000	74.38706
54.00000	74.47646
54.00000	74.56585
54.00000	74.65524
54.00000	74.74463
54.00000	74.83402
54.00000	74.92342
54.00000	75.01280
54.00000	75.10220
54.00000	75.19159
54.00000	75.28098
54.00000	75.37037
54.00000	75.45976
54.00000	75.54915
54.00000	75.63854
54.00000	75.72794
54.00000	75.81732
54.00000	75.90672
54.00000	75.99611
54.00000	76.08549
54.00000	76.17489
54.00000	76.26428
54.00000	76.35367
54.00000	76.44306
54.00000	76.53246
54.00000	76.62185
54.00000	76.71124
54.00000	76.80063
54.00000	76.89002
54.00000	76.97941
54.00000	77.06880
54.00000	77.15820
54.00000	77.24758
54.00000	77.33698
54.00000	77.42637
54.00000	77.51575
54.00000	77.60515
54.00000	77.69454
54.00000	77.78393
54.00000	77.87332
54.00000	77.96272
54.00000	78.05210
54.00000	78.14149
54.00000	78.23089
54.00000	78.32028
54.00000	78.40967
54.00000	78.49906
54.00000	78.58846
54.00000	78.67784
54.00000	78.76723
54.00000	78.85663
54.00000	78.94601
54.00000	79.03541
54.00000	79.12480
54.00000	79.21419
54.00000	79.30358
54.00000	79.39297
54.00000	79.48236
54.00000	79.57175
54.00000	79.66115
54.00000	79.75053
54.00000	79.83993
54.00000	79.92932
54.00000	80.01871
54.00000	80.10810
54.00000	80.19749
54.00000	80.28689
54.00000	80.37627
54.00000	80.46567
54.00000	80.55506
54.00000	80.64445
54.00000	80.73384
54.00000	80.82323
54.00000	80.91262
54.00000	81.00201
54.00000	81.09141
54.00000	81.18079
54.00000	81.27019
54.00000	81.35958
54.00000	81.44897
54.00000	81.53836
54.00000	81.62775
54.00000	81.71714
54.00000	81.80653
54.00000	81.89593
54.00000	81.98532
54.00000	82.07471
54.00000	82.16410
54.00000	82.25349
54.00000	82.34288
54.00000	82.43227
54.00000	82.52167
54.00000	82.61105
53.99999	82.70045
53.99780	82.78981
53.99496	82.87915
53.99136	82.96848
53.98709	83.05776
53.98209	83.14701
53.97642	83.23623
53.97002	83.32539
53.96298	83.41449
53.95522	83.50356
53.94682	83.59255
53.93771	83.68147
53.92797	83.77033
53.91753	83.85911
53.90648	83.94782
53.89473	84.03642
53.88238	84.12496
53.86934	84.21340
53.85571	84.30174
53.84140	84.38998
53.82652	84.47813
53.81095	84.56615
53.79483	84.65408
53.77804	84.74187
53.76068	84.82957
53.74269	84.91713
53.72413	85.00457
53.70496	85.09187
53.68520	85.17906
53.66488	85.26611
53.64394	85.35301
53.62248	85.43979
53.60039	85.52641
53.57778	85.61289
53.55457	85.69922
53.53084	85.78540
53.50654	85.87143
53.48169	85.95729
53.45631	86.04301
53.43036	86.12856
53.40392	86.21394
53.37690	86.29915
53.34938	86.38420
53.32135	86.46908
53.29277	86.55378
53.26372	86.63832
53.23411	86.72266
53.20402	86.80683
53.17342	86.89082
53.14231	86.97463
53.11076	87.05827
53.07864	87.14169
53.04608	87.22494
53.01303	87.30799
52.97948	87.39085
52.94550	87.47353
52.91100	87.55600
52.87606	87.63827
52.84066	87.72036
52.80476	87.80222
52.76843	87.88390
52.73164	87.96538
52.69439	88.04663
52.65672	88.12770
52.61858	88.20853
52.57999	88.28918
52.54100	88.36961
52.50153	88.44982
52.46166	88.52982
52.42137	88.60962
52.38061	88.68918
52.33946	88.76853
52.29790	88.84767
52.25589	88.92657
52.21349	89.00527
52.17069	89.08376
52.12744	89.16199
52.08382	89.24001
52.03981	89.31782
51.99536	89.39538
51.95054	89.47272
51.90535	89.54984
51.85971	89.62671
51.81372	89.70336
51.76736	89.77979
51.72058	89.85596
51.67344	89.93191
51.62593	90.00764
51.57803	90.08311
51.52976	90.15834
51.48114	90.23335
51.43214	90.30812
51.38276	90.38264
51.33303	90.45692
51.28296	90.53097
51.23249	90.60475
51.18169	90.67831
51.13056	90.75163
51.07905	90.82468
51.02719	90.89750
50.97500	90.97007
50.92247	91.04240
50.86958	91.11446
50.81636	91.18628
50.76281	91.25787
50.70892	91.32919
50.65469	91.40025
50.60014	91.47106
50.54527	91.54164
50.49006	91.61193
50.43452	91.68198
50.37868	91.75178
50.32253	91.82133
50.26601	91.89059
50.20921	91.95961
50.15210	92.02839
50.09468	92.09689
50.03693	92.16512
49.97887	92.23310
49.92053	92.30083
49.86188	92.36829
49.80291	92.43547
49.74366	92.50239
49.68410	92.56906
49.62426	92.63548
49.56411	92.70158
49.50365	92.76744
49.44293	92.83304
49.38193	92.89838
49.32061	92.96342
49.25901	93.02821
49.19713	93.09272
49.13499	93.15697
49.07255	93.22095
49.00983	93.28463
48.94683	93.34805
48.88357	93.41122
48.82004	93.47411
48.75621	93.53668
48.69213	93.59900
48.62777	93.66105
48.56317	93.72282
48.49829	93.78432
48.43313	93.84553
48.36773	93.90645
48.30206	93.96710
48.23615	94.02749
48.16996	94.08758
48.10351	94.14737
48.03683	94.20689
47.96988	94.26614
47.90270	94.32510
47.83526	94.38377
47.76756	94.44215
47.69962	94.50024
47.63144	94.55806
47.56302	94.61559
47.49436	94.67284
47.42546	94.72977
47.35630	94.78642
47.28693	94.84280
47.21733	94.89887
47.14749	94.95468
47.07740	95.01017
47.00710	95.06536
46.93655	95.12028
46.86579	95.17489
46.79480	95.22923
46.72359	95.28326
46.65214	95.33698
46.58047	95.39041
46.50859	95.44356
46.43650	95.49640
46.36419	95.54896
46.29165	95.60121
46.21891	95.65314
46.14594	95.70478
46.07276	95.75613
45.99939	95.80718
45.92580	95.85793
45.85202	95.90839
45.77800	95.95852
45.70378	96.00835
45.62936	96.05788
45.55476	96.10712
45.47995	96.15604
45.40494	96.20468
45.32974	96.25299
45.25432	96.30099
45.17872	96.34869
45.10294	96.39608
45.02694	96.44318
44.95079	96.48997
44.87442	96.53645
44.79786	96.58261
44.72113	96.62844
44.64421	96.67397
44.56702	96.71909
44.48963	96.76379
44.41205	96.80821
44.33426	96.85227
44.25632	96.89602
44.17820	96.93946
44.09990	96.98261
44.02144	97.02544
43.94283	97.06798
43.86401	97.11017
43.78502	97.15202
43.70586	97.19357
43.62656	97.23479
43.54710	97.27573
43.46745	97.31635
43.38766	97.35664
43.30768	97.39656
43.22754	97.43616
43.14725	97.47545
43.06680	97.51443
42.98619	97.55308
42.90544	97.59141
42.82453	97.62940
42.74343	97.66703
42.66221	97.70432
42.58082	97.74129
42.49928	97.77794
42.41761	97.81425
42.33578	97.85024
42.25380	97.88590
42.17167	97.92118
42.08939	97.95611
42.00695	97.99072
41.92440	98.02498
41.84171	98.05891
41.75885	98.09250
41.67588	98.12575
41.59277	98.15865
41.50949	98.19115
41.42609	98.22333
41.34257	98.25514
41.25890	98.28662
41.17510	98.31775
41.09118	98.34853
41.00711	98.37897
40.92295	98.40904
40.83863	98.43872
40.75418	98.46805
40.66961	98.49702
40.58493	98.52562
40.50011	98.55387
40.41518	98.58176
40.33013	98.60931
40.24498	98.63647
40.15971	98.66328
40.07430	98.68968
39.98878	98.71571
39.90316	98.74137
39.81741	98.76666
39.73156	98.79158
39.64561	98.81613
39.55955	98.84030
39.47338	98.86411
39.38713	98.88754
39.30074	98.91058
39.21427	98.93322
39.12770	98.95547
39.04102	98.97733
38.95425	98.99881
38.86740	99.01991
38.78043	99.04062
38.69337	99.06094
38.60624	99.08088
38.51901	99.10042
38.43169	99.11957
38.34431	99.13832
38.25681	99.15668
38.16924	99.17461
38.08159	99.19214
37.99384	99.20927
37.90604	99.22599
37.81816	99.24232
37.73019	99.25823
37.64214	99.27374
37.55404	99.28885
37.46586	99.30354
37.37762	99.31782
37.28932	99.33170
37.20094	99.34515
37.11251	99.35818
37.02401	99.37080
36.93545	99.38300
36.84684	99.39475
36.75816	99.40609
36.66945	99.41698
36.58068	99.42746
36.49185	99.43751
36.40298	99.44713
36.31406	99.45631
36.22510	99.46507
36.13609	99.47337
36.04706	99.48125
35.95797	99.48869
35.86885	99.49569
35.77971	99.50224
35.69052	99.50835
35.60130	99.51401
35.51207	99.51923
35.42281	99.52399
35.33353	99.52829
35.24422	99.53214
35.15488	99.53554
35.06554	99.53848
34.97619	99.54095
34.88682	99.54296
34.79745	99.54451
34.70807	99.54559
34.61866	99.54620
34.52927	99.54635
34.43990	99.54601
34.35050	99.54522
34.26112	99.54392
34.17175	99.54215
34.08239	99.53989
33.99304	99.53717
33.90371	99.53395
33.81438	99.53025
33.72510	99.52605
33.63583	99.52138
33.54659	99.51619
33.45738	99.51052
33.36821	99.50435
33.27905	99.49767
33.18995	99.49050
33.10088	99.48283
33.01188	99.47464
32.92291	99.46594
32.83398	99.45673
32.74513	99.44700
32.65633	99.43675
32.56759	99.42599
32.47892	99.41471
32.39031	99.40291
32.30177	99.39057
32.21331	99.37772
32.12493	99.36433
32.03662	99.35040
31.94841	99.33595
31.86030	99.32095
31.77225	99.30542
31.68433	99.28934
31.59650	99.27273
31.50877	99.25556
31.42115	99.23785
31.33364	99.21959
31.24626	99.20078
31.15899	99.18140
31.07186	99.16147
30.98483	99.14098
30.89797	99.11994
30.81123	99.09833
30.72462	99.07614
30.63818	99.05339
30.55190	99.03004
30.46577	99.00612
30.37981	98.98162
30.29400	98.95655
30.20837	98.93089
30.12292	98.90466
30.03765	98.87783
29.95255	98.85042
29.86767	98.82243
29.78297	98.79385
29.69847	98.76466
29.61419	98.73489
29.53010	98.70452
29.44627	98.67354
29.36265	98.64192
29.27926	98.60971
29.19612	98.57690
29.11320	98.54348
29.03054	98.50945
28.94813	98.47482
28.86599	98.43959
28.78411	98.40372
28.70250	98.36726
28.62117	98.33018
28.54012	98.29241
28.45939	98.25405
28.37896	98.21507
28.29881	98.17545
28.21899	98.13522
28.13949	98.09438
28.06029	98.05290
27.98144	98.01080
27.90292	97.96809
27.82476	97.92468
27.74697	97.88065
27.66954	97.83601
27.59245	97.79071
27.51576	97.74481
27.43944	97.69829
27.36349	97.65112
27.28795	97.60332
27.21285	97.55486
27.13815	97.50574
27.06388	97.45602
26.99002	97.40567
26.91658	97.35468
26.84360	97.30308
26.77105	97.25085
26.69897	97.19797
26.62739	97.14443
26.55627	97.09028
26.48562	97.03551
26.41548	96.98012
26.34579	96.92411
26.27662	96.86749
26.20796	96.81024
26.13986	96.75233
26.07229	96.69382
26.00524	96.63470
25.93872	96.57499
25.87275	96.51469
25.80732	96.45377
25.74248	96.39224
25.67823	96.33009
25.61456	96.26734
25.55146	96.20402
25.48896	96.14011
25.42705	96.07564
25.36573	96.01059
25.30506	95.94495
25.24503	95.87872
25.18562	95.81192
25.12684	95.74457
25.06870	95.67668
25.01119	95.60824
24.95433	95.53927
24.89814	95.46975
24.84265	95.39965
24.78784	95.32905
24.73370	95.25793
24.68021	95.18629
24.62742	95.11417
24.57531	95.04153
24.52389	94.96841
24.47324	94.89476
24.42329	94.82062
24.37403	94.74602
24.32550	94.67096
24.27768	94.59544
24.23056	94.51947
24.18417	94.44307
24.13853	94.36620
24.09364	94.28890
24.04949	94.21119
24.00605	94.13304
23.96337	94.05451
23.92146	93.97556
23.88027	93.89620
23.83985	93.81648
23.80018	93.73638
23.76129	93.65588
23.72317	93.57504
23.68581	93.49384
23.64923	93.41225
23.61344	93.33035
23.57842	93.24811
23.54417	93.16553
23.51076	93.08263
23.47808	92.99942
23.44621	92.91589
23.41513	92.83209
23.38486	92.74799
23.35540	92.66358
23.32668	92.57893
23.29881	92.49400
23.27173	92.40881
23.24544	92.32337
23.22002	92.23767
23.19532	92.15176
23.17142	92.06563
23.14830	91.97929
23.12606	91.89270
23.10460	91.80592
23.08394	91.71896
23.06406	91.63179
23.04497	91.54447
23.02667	91.45699
23.00914	91.36932
22.99248	91.28149
22.97661	91.19354
22.96152	91.10542
22.94720	91.01719
22.93366	90.92883
22.92089	90.84035
22.90890	90.75178
22.89774	90.66307
22.88736	90.57430
22.87774	90.48543
22.86889	90.39646
22.86079	90.30744
22.85346	90.21837
22.84687	90.12920
22.84106	90.04001
22.83605	89.95077
22.83178	89.86147
22.82825	89.77216
22.82546	89.68281
22.82340	89.59344
22.82207	89.50406
22.82146	89.41467
22.82161	89.32527
22.82252	89.23590
22.82413	89.14653
22.82646	89.05715
22.82950	88.96782
22.83323	88.87851
22.83767	88.78922
22.84280	88.69999
22.84863	88.61079
22.85518	88.52163
22.86243	88.43253
22.87036	88.34351
22.87896	88.25452
22.88824	88.16562
22.89817	88.07678
22.90877	87.98801
22.92002	87.89935
22.93193	87.81075
22.94449	87.72224
22.95773	87.63383
22.97161	87.54555
22.98614	87.45732
23.00129	87.36924
23.01707	87.28124
23.03347	87.19337
23.05049	87.10562
23.06812	87.01797
23.08636	86.93047
23.10521	86.84310
23.12466	86.75584
23.14470	86.66873
23.16534	86.58176
23.18661	86.49492
23.20845	86.40824
23.23086	86.32172
23.25386	86.23533
23.27743	86.14910
23.30155	86.06303
23.32625	85.97712
23.35150	85.89137
23.37730	85.80579
23.40365	85.72035
23.43055	85.63512
23.45799	85.55006
23.48597	85.46514
23.51448	85.38043
23.54352	85.29588
23.57309	85.21152
23.60318	85.12734
23.63378	85.04336
23.66491	84.95956
23.69655	84.87596
23.72870	84.79255
23.76136	84.70933
23.79451	84.62631
23.82815	84.54350
23.86229	84.46088
23.89691	84.37848
23.93202	84.29626
23.96760	84.21426
24.00366	84.13247
24.04019	84.05090
24.07720	83.96951
24.11467	83.88835
24.15260	83.80740
24.19099	83.72668
24.22983	83.64618
24.26913	83.56588
24.30887	83.48580
24.34904	83.40597
24.38968	83.32633
24.43074	83.24693
24.47224	83.16776
24.51417	83.08881
24.55653	83.01009
24.59931	82.93161
24.64252	82.85334
24.68614	82.77532
24.73018	82.69754
24.77464	82.61997
24.81950	82.54266
24.86476	82.46558
24.91044	82.38873
24.95650	82.31213
25.00297	82.23577
25.04984	82.15965
25.09709	82.08377
25.14473	82.00814
25.19276	81.93273
25.24118	81.85760
25.28998	81.78271
25.33917	81.70806
25.38872	81.63367
25.43865	81.55952
25.48895	81.48561
25.53960	81.41198
25.59063	81.33858
25.64203	81.26543
25.69377	81.19254
25.74587	81.11991
25.79833	81.04752
25.85114	80.97540
25.90429	80.90353
25.95780	80.83192
26.01164	80.76056
26.06583	80.68945
26.12035	80.61863
26.17520	80.54805
26.23040	80.47771
26.28593	80.40767
26.34179	80.33790
26.39800	80.26837
26.45452	80.19913
26.51135	80.13014
26.56852	80.06141
26.62600	79.99295
26.68379	79.92477
26.74191	79.85683
26.80032	79.78918
26.85904	79.72178
26.91808	79.65464
26.97741	79.58778
27.03704	79.52119
27.09699	79.45487
27.15725	79.38885
27.21780	79.32310
27.27866	79.25761
27.33979	79.19240
27.40121	79.12746
27.46293	79.06277
27.52491	78.99839
27.58719	78.93427
27.64976	78.87040
27.71259	78.80682
27.77571	78.74354
27.83914	78.68052
27.90282	78.61781
27.96678	78.55537
28.03102	78.49319
28.09551	78.43130
28.16027	78.36968
28.22530	78.30834
28.29058	78.24728
28.35611	78.18649
28.42195	78.12601
28.48804	78.06582
28.55438	78.00590
28.62097	77.94627
28.68781	77.88692
28.75491	77.82784
28.82225	77.76904
28.88982	77.71054
28.95766	77.65231
29.02576	77.59441
29.09408	77.53678
29.16266	77.47943
29.23146	77.42238
29.30050	77.36560
29.36979	77.30909
29.43928	77.25288
29.50902	77.19697
29.57903	77.14136
29.64925	77.08604
29.71969	77.03102
29.79036	76.97626
29.86123	76.92181
29.93233	76.86763
30.00365	76.81374
30.07521	76.76017
30.14700	76.70690
30.21900	76.65392
30.29120	76.60123
30.36362	76.54881
30.43624	76.49668
30.50907	76.44485
30.58212	76.39334
30.65540	76.34213
30.72886	76.29121
30.80253	76.24057
30.87640	76.19023
30.95046	76.14017
31.02471	76.09041
31.09921	76.04099
31.17389	75.99185
31.24874	75.94302
31.32381	75.89445
31.39904	75.84618
31.47447	75.79820
31.55011	75.75057
31.62593	75.70324
31.70195	75.65619
31.77813	75.60944
31.85449	75.56297
31.93104	75.51677
32.00778	75.47094
32.08471	75.42542
32.16180	75.38017
32.23907	75.33522
32.31647	75.29049
32.39394	75.24586
32.47156	75.20155
32.54936	75.15753
32.62734	75.11383
32.70548	75.07043
32.78380	75.02734
32.86232	74.98457
32.94096	74.94211
33.01978	74.89996
33.09879	74.85811
33.17795	74.81658
33.25726	74.77538
33.33676	74.73447
33.41641	74.69389
33.49622	74.65363
33.57619	74.61368
33.65632	74.57406
33.73660	74.53475
33.81704	74.49577
33.89765	74.45712
33.97840	74.41879
34.05931	74.38078
34.14037	74.34310
34.22157	74.30576
34.30295	74.26873
34.38446	74.23205
34.46613	74.19569
34.54794	74.15966
34.62989	74.12397
34.71201	74.08860
34.79425	74.05358
34.87663	74.01891
34.95917	73.98456
35.04184	73.95055
35.12464	73.91691
35.20760	73.88358
35.29068	73.85061
35.37391	73.81798
35.45726	73.78569
35.54075	73.75375
35.62437	73.72217
35.70813	73.69093
35.79202	73.66005
35.87602	73.62952
35.96017	73.59932
36.04443	73.56950
36.12883	73.54003
36.21336	73.51091
36.29799	73.48216
36.38274	73.45377
36.46764	73.42574
36.55263	73.39806
36.63774	73.37075
36.72299	73.34380
36.80833	73.31723
36.89378	73.29103
36.97937	73.26518
37.06504	73.23972
37.15083	73.21461
37.23675	73.18988
37.32276	73.16552
37.40887	73.14156
37.49510	73.11797
37.58142	73.09476
37.66784	73.07192
37.75438	73.04948
37.84100	73.02741
37.92772	73.00572
38.01454	72.98442
38.10145	72.96351
38.18845	72.94299
38.27555	72.92286
38.36272	72.90312
38.45000	72.88376
38.53736	72.86481
38.62479	72.84624
38.71234	72.82808
38.79993	72.81030
38.88761	72.79294
38.97540	72.77596
39.06324	72.75940
39.15115	72.74326
39.23915	72.72752
39.32721	72.71220
39.41534	72.69728
39.50356	72.68276
39.59183	72.66866
39.68015	72.65497
39.76857	72.64170
39.85702	72.62885
39.94554	72.61640
40.03412	72.60438
40.12275	72.59278
40.21144	72.58162
40.30019	72.57090
40.38899	72.56060
40.47783	72.55073
40.56673	72.54128
40.65565	72.53226
40.74463	72.52368
40.83366	72.51553
40.92271	72.50783
41.01180	72.50055
41.10094	72.49374
41.19009	72.48739
41.27930	72.48147
41.36853	72.47599
41.45778	72.47096
41.54704	72.46638
41.63634	72.46226
41.72565	72.45858
41.81499	72.45535
41.90434	72.45261
41.99370	72.45034
42.08307	72.44853
42.17245	72.44717
42.26183	72.44627
42.35124	72.44585
42.44062	72.44589
42.53001	72.44640
42.61940	72.44743
42.70877	72.44892
42.79814	72.45088
42.88750	72.45332
42.97684	72.45624
43.06617	72.45963
43.15548	72.46352
43.24475	72.46794
43.33401	72.47284
43.42324	72.47823
43.51244	72.48410
43.60160	72.49046
43.69074	72.49731
43.77981	72.50471
43.86885	72.51262
43.95785	72.52103
44.04680	72.52993
44.13569	72.53934
44.22453	72.54924
44.31331	72.55972
44.40201	72.57072
44.49067	72.58221
44.57924	72.59423
44.66774	72.60676
44.75618	72.61983
44.84453	72.63346
44.93279	72.64761
45.02097	72.66228
45.10906	72.67747
45.19704	72.69322
45.28495	72.70954
45.37272	72.72640
45.46041	72.74379
45.54798	72.76170
45.63544	72.78020
45.72279	72.79928
45.80999	72.81889
45.89708	72.83905
45.98404	72.85976
46.07085	72.88105
46.15752	72.90293
46.24406	72.92537
46.33043	72.94834
46.41666	72.97189
46.50274	72.99606
46.58863	73.02081
46.67436	73.04610
46.75994	73.07196
46.84532	73.09845
46.93050	73.12553
47.01551	73.15318
47.10033	73.18139
47.18494	73.21022
47.26935	73.23966
47.35354	73.26968
47.43753	73.30028
47.52131	73.33150
47.60482	73.36335
47.68813	73.39577
47.77121	73.42878
47.85402	73.46243
47.93657	73.49670
48.01890	73.53156
48.10096	73.56700
48.18271	73.60312
48.26422	73.63984
48.34545	73.67714
48.42641	73.71506
48.50703	73.75366
48.58738	73.79285
48.66741	73.83263
48.74715	73.87307
48.82654	73.91414
48.90563	73.95583
48.98439	73.99809
49.06277	74.04107
49.14083	74.08464
49.21855	74.12881
49.29588	74.17362
49.37284	74.21910
49.44945	74.26517
49.52567	74.31184
49.60149	74.35923
49.67691	74.40720
49.75195	74.45576
49.82656	74.50502
49.90074	74.55489
49.97451	74.60535
50.04787	74.65647
50.12073	74.70823
50.19318	74.76059
50.26520	74.81356
50.33670	74.86721
50.40775	74.92143
50.47836	74.97626
50.54842	75.03177
50.61802	75.08788
50.68715	75.14455
50.75571	75.20190
50.82378	75.25984
50.89135	75.31837
50.95837	75.37753
51.02483	75.43729
51.09079	75.49763
51.15619	75.55856
51.20000	75.57091
51.20000	75.48151
51.20000	75.39212
51.20000	75.30273
51.20000	75.21333
51.20000	75.12395
51.20000	75.03456
51.20000	74.94516
51.20000	74.85577
51.20000	74.76637
51.20000	74.67699
51.20000	74.58760
51.20000	74.49820
51.20000	74.40881
51.20000	74.31943
51.20000	74.23003
51.20000	74.14064
51.20000	74.05125
51.20000	73.96185
51.20000	73.87247
51.20000	73.78308
51.20000	73.69368
51.20000	73.60429
51.20000	73.51491
51.20000	73.42551
51.20000	73.33612
51.20000	73.24673
51.20000	73.15733
51.20000	73.06795
51.20000	72.97856
51.20000	72.88916
51.20000	72.79977
51.20000	72.71039
51.20000	72.62099
51.20000	72.53160
51.20000	72.44221
51.20000	72.35281
51.20000	72.26343
51.20000	72.17404
51.20000	72.08464
51.20000	71.99525
51.20000	71.90587
51.20000	71.81647
51.20000	71.72708
51.20000	71.63770
51.20000	71.54829
51.20000	71.45891
51.20000	71.36952
51.20000	71.28012
51.20000	71.19073
51.20000	71.10133
51.20000	71.01195
51.20000	70.92256
51.20000	70.83316
51.20000	70.74377
51.20000	70.65439
51.20000	70.56499
51.20000	70.47560
51.20000	70.38622
51.20000	70.29681
51.20000	70.20743
51.20000	70.11804
51.20000	70.02864
51.20000	69.93925
51.20000	69.84987
51.20000	69.76047
51.20000	69.67108
51.20000	69.58170
51.20000	69.49229
51.20000	69.40291
51.20000	69.31352
51.20000	69.22412
51.20000	69.13474
51.20000	69.04535
51.20000	68.95595
51.20000	68.86656
51.20000	68.77718
51.20000	68.68777
51.20000	68.59839
51.20000	68.50900
51.20000	68.41960
51.20000	68.33022
51.20000	68.24083
51.20000	68.15143
51.20000	68.06204
51.20000	67.97266
51.20000	67.88326
51.20000	67.79387
51.20000	67.70448
51.20000	67.61508
51.20000	67.52570
51.20000	67.43629
51.20000	67.34691
51.20000	67.25752
51.20000	67.16812
51.20000	67.07874
51.20000	66.98935
51.20000	66.89995
51.20000	66.81056
51.20000	66.72118
51.20000	66.63177
51.20000	66.54239
51.20000	66.45300
51.20000	66.36360
51.20000	66.27422
51.20000	66.18483
51.20000	66.09543
51.20000	66.00604
51.20000	65.91666
51.20000	65.82726
51.20000	65.73787
51.20000	65.64848
51.20000	65.55908
51.20000	65.46970
51.20000	65.38031
51.20000	65.29091
51.20000	65.20152
51.20000	65.11214
51.20000	65.02274
51.20000	64.93335
51.20000	64.84396
51.20000	64.75456
51.20000	64.66518
51.20000	64.57579
51.20000	64.48639
51.20000	64.39700
51.20000	64.30762
51.20000	64.21822
51.20000	64.12883
51.20000	64.03943
51.20000	63.95004
51.20000	63.86066
51.20000	63.77126
51.20000	63.68187
51.20000	63.59248
51.20000	63.50308
51.20000	63.41370
51.20000	63.32431
51.20000	63.23491
51.20000	63.14552
51.20000	63.05614
51.20000	62.96674
51.20000	62.87735
51.20000	62.78796
51.20000	62.69856
51.20000	62.60918
51.20000	62.51979
51.20000	62.43039
51.20000	62.34100
51.20000	62.25162
51.20000	62.16222
51.20000	62.07283
51.20000	61.98344
51.20000	61.89404
51.20000	61.80466
51.20000	61.71527
51.20000	61.62587
51.20000	61.53648
51.20000	61.44710
51.20000	61.35770
51.20000	61.26831
51.20000	61.17892
51.20000	61.08952
51.20000	61.00014
51.20000	60.91075
51.20000	60.82135
51.20000	60.73196
51.20000	60.64258
51.20000	60.55318
51.20000	60.46379
51.20000	60.37439
51.20000	60.28500
51.20000	60.19562
51.20000	60.10622
51.20000	60.01683
51.20000	59.92744
51.20000	59.83804
51.20000	59.74866
51.20000	59.65927
51.20000	59.56987
51.20000	59.48048
51.20000	59.39110
51.20000	59.30170
51.20000	59.21231
51.20000	59.12292
51.20000	59.03352
51.20000	58.94414
51.20000	58.85475
51.20000	58.76535
51.20000	58.67596
51.20000	58.58658
51.20000	58.49718
51.20000	58.40779
51.20000	58.31841
51.20000	58.22900
51.20000	58.13962
51.20000	58.05023
51.20000	57.96083
51.20000	57.87144
51.20000	57.78206
51.20000	57.69266
51.20000	57.60327
51.20000	57.51389
51.20000	57.42448
51.20000	57.33510
51.20000	57.24571
51.20000	57.15631
51.20000	57.06693
51.20000	56.97754
51.20000	56.88814
51.20000	56.79875
51.20000	56.70935
51.20000	56.61996
51.20000	56.53058
51.20000	56.44118
51.20000	56.35179
51.20000	56.26241
51.20000	56.17300
51.20000	56.08362
51.20000	55.99423
51.20000	55.90483
51.20000	55.81544
51.20000	55.72606
51.20000	55.63666
51.20000	55.54727
51.20000	55.45789
51.20000	55.36848
51.20000	55.27910
51.20000	55.18971
51.20000	55.10031
51.20000	55.01093
51.20000	54.92154
51.20000	54.83214
51.20000	54.74275
51.20000	54.65337
51.20000	54.56396
51.20000	54.47458
51.20000	54.38519
51.20000	54.29579
51.20000	54.20641
51.20000	54.11702
51.20000	54.02762
51.20000	53.93823
51.20000	53.84885
51.20000	53.75945
51.20000	53.67006
51.20000	53.58067
51.20000	53.49127
51.20000	53.40189
51.20000	53.31250
51.20000	53.22310
51.20000	53.13371
51.20000	53.04431
51.20000	52.95493
51.20000	52.86554
51.20000	52.77614
51.20000	52.68675
51.20000	52.59737
51.20000	52.50797
51.20000	52.41858
51.20000	52.32919
51.20000	52.23979
51.20000	52.15041
51.20000	52.06102
51.20000	51.97162
51.20000	51.88223
51.20000	51.79285
51.20000	51.70345
51.20000	51.61406
51.20000	51.52467
51.20000	51.43527
51.20000	51.34589
51.20000	51.25650
51.20000	51.16710
51.20000	51.07771
51.20000	50.98833
51.20000	50.89893
51.20000	50.80954
51.20000	50.72015
51.20000	50.63075
51.20000	50.54137
51.20000	50.45198
51.20000	50.36258
51.20000	50.27319
51.20000	50.18381
51.20000	50.09441
51.20000	50.00502
51.20000	49.91563
51.20000	49.82623
51.20000	49.73685
51.20000	49.64746
51.20000	49.55806
51.20000	49.46867
51.20000	49.37927
51.20000	49.28989
51.20000	49.20050
51.20000	49.11110
51.20000	49.02171
51.20000	48.93233
51.20000	48.84293
51.20000	48.75354
51.20000	48.66415
51.20000	48.57475
51.20000	48.48537
51.20000	48.39598
51.20000	48.30658
51.20000	48.21719
51.20000	48.12781
51.20000	48.03841
51.20000	47.94902
51.20000	47.85963
51.20000	47.77023
51.20000	47.68085
51.20000	47.59146
51.20000	47.50206
51.20000	47.41267
51.20000	47.32329
51.20000	47.23389
51.20000	47.14450
51.20000	47.05511
51.20000	46.96571
51.20000	46.87633
51.20000	46.78694
51.20000	46.69754
51.20000	46.60815
51.20000	46.51877
51.20000	46.42937
51.20000	46.33998
51.20000	46.25060
51.20000	46.16119
51.20000	46.07181
51.20000	45.98242
51.20000	45.89302
51.20000	45.80363
51.20000	45.71423
51.20000	45.62485
51.20000	45.53546
51.20000	45.44606
51.20000	45.35667
51.20000	45.26729
51.20000	45.17789
51.20000	45.08850
51.20000	44.99911
51.20000	44.90971
51.20000	44.82033
51.20000	44.73094
51.20000	44.64154
51.20000	44.55215
51.20000	44.46277
51.20000	44.37337
51.20000	44.28398
51.20000	44.19460
51.20000	44.10519
51.20000	44.01581
51.20000	43.92642
51.20000	43.83702
51.20000	43.74763
51.20000	43.65825
51.20000	43.56885
51.20000	43.47946
51.20000	43.39008
51.20000	43.30067
51.20000	43.21129
51.20000	43.12190
51.20000	43.03250
51.20000	42.94312
51.20000	42.85373
51.20000	42.76433
51.20000	42.67494
51.20000	42.58556
51.20000	42.49615
51.20000	42.40677
51.20000	42.31738
51.20000	42.22798
51.20000	42.13860
51.20000	42.04919
51.20000	41.95981
51.20000	41.87042
51.20000	41.78102
51.20000	41.69164
51.20000	41.60225
51.20000	41.51285
51.20000	41.42346
51.20000	41.33408
51.20000	41.24467
51.20000	41.15529
51.20000	41.06590
51.20000	40.97650
51.20000	40.88712
51.20000	40.79773
51.20000	40.70833
51.20000	40.61894
51.20000	40.52956
51.20000	40.44016
51.20000	40.35077
51.20000	40.26138
51.20000	40.17198
51.20000	40.08260
51.20000	39.99321
51.20000	39.90381
51.20000	39.81442
51.20000	39.72504
51.20000	39.63564
51.20000	39.54625
51.20000	39.45686
51.20000	39.36746
51.20000	39.27808
51.20000	39.18869
51.20000	39.09929
51.20000	39.00990
51.20000	38.92052
51.20000	38.83112
51.20000	38.74173
51.20000	38.65234
51.20000	38.56294
51.20000	38.47356
51.20000	38.38416
51.20000	38.29477
51.20000	38.20538
51.20000	38.11598
51.20000	38.02660
51.20000	37.93721
51.20000	37.84781
51.20000	37.75842
51.20000	37.66904
51.20000	37.57964
51.20000	37.49025
51.20000	37.40086
51.20000	37.31146
51.20000	37.22208
51.20000	37.13269
51.20000	37.04329
51.20000	36.95390
51.20000	36.86452
51.20000	36.77512
51.20000	36.68573
51.20000	36.59634
51.20000	36.50694
51.20000	36.41756
51.20000	36.32817
51.20000	36.23877
51.20000	36.14938
51.20000	36.06000
51.20000	35.97060
51.20000	35.88121
51.20000	35.79182
51.20000	35.70242
51.20000	35.61304
51.20000	35.52365
51.20000	35.43425
51.20000	35.34486
51.20000	35.25548
51.20000	35.16608
51.20000	35.07669
51.20000	34.98730
51.20000	34.89790
51.20000	34.80852
51.20000	34.71912
51.20000	34.62973
51.20000	34.54034
51.20000	34.45094
51.20000	34.36156
51.20000	34.27217
51.20000	34.18277
51.20000	34.09338
51.20000	34.00400
51.20000	33.91460
51.20000	33.82521
51.20000	33.73582
51.20000	33.64642
51.20000	33.55704
51.20000	33.46765
51.20000	33.37825
51.20000	33.28886
51.20000	33.19948
51.20000	33.11008
51.20000	33.02069
51.20000	32.93130
51.20000	32.84190
51.20000	32.75252
51.20000	32.66313
51.20000	32.57373
51.20000	32.48434
51.20000	32.39496
51.20000	32.30556
51.20000	32.21617
51.20000	32.12679
51.20000	32.03738
51.20000	31.94800
51.20000	31.85861
51.20000	31.76921
51.20000	31.67982
51.20000	31.59044
51.20000	31.50104
51.20000	31.41165
51.20000	31.32227
51.20000	31.23286
51.20000	31.14348
51.20000	31.05408
51.20000	30.96469
51.20000	30.87531
51.20000	30.78590
51.20000	30.69652
51.20000	30.60713
51.20000	30.51773
51.20000	30.42834
51.20000	30.33896
51.20000	30.24956
51.20000	30.16017
51.20000	30.07079
51.20000	29.98138
51.20000	29.89200
51.20000	29.80261
51.20000	29.71321
51.20000	29.62383
51.20000	29.53444
51.20000	29.44504
51.20000	29.35565
51.20000	29.26627
51.20000	29.17686
51.20000	29.08748
51.20000	28.99809
51.20000	28.90869
51.20000	28.81931
51.20000	28.72992
51.20000	28.64052
51.20000	28.55113
51.20000	28.46175
51.20000	28.37234
51.20000	28.28296
51.20000	28.19357
51.20000	28.10417
51.20000	28.01479
51.20000	27.92540
51.20000	27.83600
51.20000	27.74661
51.20000	27.65723
51.20000	27.56783
51.20000	27.47844
51.20000	27.38904
51.20000	27.29965
51.20000	27.21027
51.20000	27.12086
51.20000	27.03148
51.20000	26.94209
51.20000	26.85269
51.20000	26.76331
51.20000	26.67392
51.20000	26.58452
51.20000	26.49513
51.20000	26.40575
51.20000	26.31635
51.20000	26.22696
51.20000	26.13757
51.20000	26.04817
51.20000	25.95879
51.20000	25.86940
51.20000	25.78000
51.20000	25.69061
51.20000	25.60123
51.20000	25.51183
51.20000	25.42244
51.20000	25.33305
51.20000	25.24365
51.20000	25.15427
51.20000	25.06488
51.20000	24.97548
51.20000	24.88609
51.20000	24.79671
51.20000	24.70731
51.20000	24.61792
51.20000	24.52853
51.20000	24.43913
51.20000	24.34975
51.20000	24.26036
51.20000	24.17096
51.20000	24.08157
51.20000	23.99219
51.20000	23.90279
51.20000	23.81340
51.20000	23.72400
51.20000	23.63461
51.20000	23.54523
51.20000	23.45583
51.20000	23.36644
51.20000	23.27705
51.20000	23.18765
51.20000	23.09827
51.20000	23.00888
51.20000	22.91948
51.20000	22.83009
51.20000	22.74071
51.20000	22.65131
51.20000	22.56192
51.20000	22.47253
51.20000	22.38313
51.20000	22.29375
51.20000	22.20436
51.20000	22.11496
51.20000	22.02557
51.20000	21.93619
51.20000	21.84679
51.20000	21.75740
51.20000	21.66801
51.20000	21.57861
51.20000	21.48923
51.20000	21.39984
51.20000	21.31044
51.20000	21.22105
51.20000	21.13167
51.20000	21.04227
51.20000	20.95288
51.20000	20.86349
51.20000	20.77409
51.20000	20.68471
51.20000	20.59532
51.20000	20.50592
51.20000	20.41653
51.20000	20.32715
51.20000	20.23775
51.20000	20.14836
51.20000	20.05896
51.20000	19.96957
51.20000	19.88019
51.20000	19.79079
51.20000	19.70140
51.20000	19.61201
51.20000	19.52261
51.20000	19.43323
51.20000	19.34384
51.20000	19.25444
51.20000	19.16505
51.20000	19.07567
51.20000	18.98627
51.20000	18.89688
51.20000	18.80750
51.20000	18.71809
51.20000	18.62871
51.20000	18.53932
51.20000	18.44992
51.20000	18.36053
51.20000	18.27115
51.20000	18.18175
51.20000	18.09236
51.20000	18.00298
51.20000	17.91357
51.20000	17.82419
51.20000	17.73480
51.20000	17.64542
51.20000	17.55600
51.20000	17.46661
51.20000	17.37723
51.20000	17.28784
51.20000	17.19846
51.20000	17.10907
51.20000	17.01965
51.20000	16.93027
51.20000	16.84088
51.20000	16.75150
51.20000	16.66211
51.20000	16.57272
51.20000	16.48331
51.20000	16.39392
51.20000	16.30453
51.20000	16.21515
51.20000	16.12576
51.20000	16.03638
51.20000	15.94696
51.20000	15.85757
51.20000	15.76819
51.20000	15.67880
51.20000	15.58942
51.20000	15.50003
51.20000	15.41061
51.20000	15.32123
51.20000	15.23184
51.20000	15.14246
51.20000	15.05307
51.20000	14.96368
51.20000	14.87427
51.20000	14.78488
51.20000	14.69550
51.20000	14.60611
51.20000	14.51672
51.20000	14.42731
51.20000	14.33792
51.20000	14.24854
51.20000	14.15915
51.20000	14.06976
51.20000	13.98038
51.20000	13.89096
51.20000	13.80157
51.20000	13.71219
51.20000	13.62280
51.20000	13.53342
51.20000	13.44403
51.20000	13.35461
51.20000	13.26523
51.20000	13.17584
51.20000	13.08646
51.20000	12.99707
51.20000	12.90768
51.20000	12.81827
51.20000	12.72888
51.20000	12.63950
51.20000	12.55011
51.20000	12.46072
51.20000	12.37134
51.20000	12.28192
51.20000	12.19254
51.20000	12.10315
51.20000	12.01376
51.20000	11.92438
51.20000	11.83499
51.20000	11.74557
51.20000	11.65619
51.20000	11.56680
51.20000	11.47742
51.20000	11.38803
51.20000	11.29865
51.20000	11.20923
51.20000	11.11984
51.20000	11.03046
51.20000	10.94107
51.20000	10.85168
51.20000	10.76227
51.20000	10.67288
51.20000	10.58350
51.20000	10.49411
51.20000	10.40472
51.20000	10.31534
51.20000	10.22592
51.20000	10.13654
51.20000	10.04715
51.20000	9.95776
51.20000	9.86838
51.20000	9.77899
51.20000	9.68958
51.20000	9.60019
51.20000	9.51080
51.20000	9.42142
51.20000	9.33203
51.20000	9.24265
51.20000	9.15323
51.20000	9.06384
51.20000	8.97446
51.20000	8.88507
51.20000	8.79568
51.20000	8.70630
51.20000	8.61688
51.20000	8.52750
51.20000	8.43811
51.20000	8.34872
51.20000	8.25934
51.20000	8.16995
51.20000	8.08054
51.20000	7.99115
51.20000	7.90176
51.20000	7.81238
51.20000	7.72299
51.20000	7.63361
51.20000	7.54419
51.20000	7.45480
51.20000	7.36542
51.20000	7.27603
51.20000	7.18665
51.20000	7.09723
51.20000	7.00784
51.20000	6.91846
51.20000	6.82907
51.20000	6.73969
51.20000	6.65030
51.20000	6.56088
51.20000	6.47150
51.20000	6.38211
51.20000	6.29272
51.20000	6.20334
51.20000	6.11395
51.20000	6.02454
51.20000	5.93515
51.20000	5.84576
51.20000	5.75638
51.20000	5.66699
51.20000	5.57761
51.20000	5.48819
51.20000	5.39880
51.20000	5.30942
51.20000	5.22003
51.20000	5.13065
51.20000	5.04126
51.20000	4.95184
51.20000	4.86246
51.20000	4.77307
51.20000	4.68369
51.20000	4.59430
51.20000	4.50491
51.20000	4.41550
51.20000	4.32611
51.20000	4.23672
51.20000	4.14734
51.20000	4.05795
51.20000	3.96857
51.20000	3.87915
51.20000	3.78976
51.20000	3.70038
51.20000	3.61099
51.20000	3.52161
51.20000	3.43219
51.20000	3.34280
51.20000	3.25342
51.20000	3.16403
51.20000	3.07465
51.20000	2.98526
51.20000	2.89584
51.20000	2.80646
51.20000	2.71707
51.20000	2.62769
51.20000	2.53830
51.20000	2.44891
51.20000	2.35950
51.20000	2.27011
51.20000	2.18073
51.20000	2.09134
51.20000	2.00195
51.20278	1.91262
51.21133	1.82363
51.22559	1.73543
51.24537	1.64824
51.27053	1.56251
51.30089	1.47843
51.33626	1.39635
51.37641	1.31650
51.42113	1.23911
51.47021	1.16443
51.52344	1.09264
51.58063	1.02394
51.64154	0.95855
51.70602	0.89664
51.77386	0.83842
51.84484	0.78410
51.91875	0.73389
51.99545	0.68798
52.07466	0.64660
52.15618	0.60993
52.23975	0.57821
52.32505	0.55163
52.41188	0.53038
52.49982	0.51462
52.58868	0.50452
52.67794	0.50018
52.76728	0.50165
52.85636	0.50892
52.94480	0.52190
53.03222	0.54044
53.11834	0.56441
53.20279	0.59362
53.28535	0.62788
53.36573	0.66698
53.44367	0.71068
53.51897	0.75878
53.59148	0.81113
53.66088	0.86743
53.72703	0.92751
53.78973	0.99119
53.84880	1.05829
53.90400	1.12857
53.95517	1.20188
54.00206	1.27798
54.04448	1.35663
54.08223	1.43764
54.11511	1.52073
54.14283	1.60569
54.16533	1.69222
54.18233	1.77997
54.19370	1.86859
54.19934	1.95779
54.20000	2.04718
54.20000	2.13657
54.20000	2.22598
54.20000	2.31537
54.20000	2.40475
54.20000	2.49414
54.20000	2.58353
54.20000	2.67291
54.20000	2.76233
54.20000	2.85172
54.20000	2.94110
54.20000	3.03049
54.20000	3.11987
54.20000	3.20929
54.20000	3.29868
54.20000	3.38806
54.20000	3.47745
54.20000	3.56683
54.20000	3.65622
54.20000	3.74564
54.20000	3.83502
54.20000	3.92441
54.20005	4.01380
54.20083	4.10318
54.20289	4.19254
54.20610	4.28191
54.21044	4.37118
54.21598	4.46037
54.22262	4.54954
54.23030	4.63858
54.23911	4.72754
54.24894	4.81639
54.25973	4.90513
54.27160	4.99374
54.28436	5.08219
54.29809	5.17052
54.31275	5.25871
54.32826	5.34676
54.34472	5.43460
54.36197	5.52233
54.38008	5.60985
54.39898	5.69722
54.41868	5.78440
54.43917	5.87142
54.46038	5.95826
54.48235	6.04490
54.50501	6.13139
54.52839	6.21765
54.55241	6.30374
54.57714	6.38967
54.60249	6.47540
54.62847	6.56092
54.65506	6.64626
54.68224	6.73142
54.71004	6.81640
54.73835	6.90119
54.76728	6.98575
54.79671	7.07017
54.82669	7.15437
54.85717	7.23838
54.88815	7.32228
54.91965	7.40592
54.95159	7.48940
54.98402	7.57269
55.01691	7.65580
55.05022	7.73875
55.08402	7.82155
55.11821	7.90412
55.15279	7.98656
55.18783	8.06880
55.22324	8.15087
55.25902	8.23278
55.29523	8.31454
55.33177	8.39610
55.36867	8.47752
55.40594	8.55877
55.44356	8.63984
55.48151	8.72080
55.51979	8.80160
55.55841	8.88221
55.59733	8.96268
55.63655	9.04299
55.67608	9.12316
55.71593	9.20318
55.75607	9.28308
55.79646	9.36281
55.83715	9.44241
55.87814	9.52183
55.91938	9.60113
55.96089	9.68031
56.00256	9.75942
56.04464	9.83828
56.08685	9.91706
56.12932	9.99571
56.17207	10.07421
56.21496	10.15268
56.25821	10.23091
56.30157	10.30906
56.34518	10.38708
56.38902	10.46497
56.43299	10.54279
56.47732	10.62046
56.52172	10.69805
56.56638	10.77548
56.61121	10.85281
56.65620	10.93004
56.70144	11.00714
56.74678	11.08420
56.79240	11.16106
56.83812	11.23789
56.88405	11.31457
56.93012	11.39115
56.97635	11.46766
57.02280	11.54406
57.06931	11.62039
57.11609	11.69655
57.16293	11.77268
57.20999	11.84868
57.25715	11.92461
57.30449	12.00047
57.35196	12.07621
57.39954	12.15188
57.44732	12.22745
57.49514	12.30296
57.54318	12.37831
57.59129	12.45370
57.63960	12.52891
57.68796	12.60409
57.73650	12.67916
57.78510	12.75415
57.83386	12.82907
57.88274	12.90394
57.93171	12.97872
57.98082	13.05342
58.03000	13.12806
58.07932	13.20258
58.12872	13.27712
58.17828	13.35152
58.22786	13.42590
58.27762	13.50015
58.32738	13.57438
58.37734	13.64851
58.42735	13.72266
58.47748	13.79667
58.52764	13.87064
58.57795	13.94452
58.62830	14.01839
58.67878	14.09216
58.72932	14.16592
58.77997	14.23957
58.83066	14.31319
58.88146	14.38674
58.93232	14.46025
58.98327	14.53369
59.03429	14.60711
59.08539	14.68045
59.13655	14.75375
59.18780	14.82699
59.23911	14.90019
59.29050	14.97333
59.34194	15.04644
59.39346	15.11949
59.44507	15.19248
59.49677	15.26539
59.54848	15.33830
59.60019	15.41122
59.65201	15.48407
59.70396	15.55682
59.75591	15.62956
59.80785	15.70230
59.85989	15.77498
59.91206	15.84757
59.96424	15.92017
60.01641	15.99275
60.06865	16.06530
60.12103	16.13774
60.17340	16.21017
60.22580	16.28262
60.27820	16.35502
60.33077	16.42731
60.38334	16.49961
60.43591	16.57190
60.48848	16.64420
60.54124	16.71639
60.59399	16.78856
60.64673	16.86072
60.69948	16.93289
60.75235	17.00495
60.80525	17.07700
60.85817	17.14907
60.91108	17.22112
60.96408	17.29311
61.01712	17.36505
61.07018	17.43699
61.12322	17.50894
61.17635	17.58087
61.22953	17.65272
61.28271	17.72456
61.33588	17.79641
61.38909	17.86824
61.44238	17.94000
61.49570	18.01178
61.54900	18.08354
61.60229	18.15530
61.65568	18.22698
61.70908	18.29867
61.76248	18.37035
61.81590	18.44205
61.86935	18.51370
61.92284	18.58531
61.97633	18.65693
62.02982	18.72854
62.08334	18.80012
62.13695	18.87168
62.19055	18.94321
62.24415	19.01474
62.29775	19.08628
62.35135	19.15781
62.40497	19.22936
62.45857	19.30090
62.51217	19.37243
62.56583	19.44392
62.61954	19.51538
62.67324	19.58683
62.72696	19.65831
62.78067	19.72976
62.83437	19.80122
62.88807	19.87267
62.94178	19.94413
62.99548	20.01558
63.04924	20.08702
63.10301	20.15842
63.15677	20.22983
63.21054	20.30124
63.26430	20.37265
63.31807	20.44406
63.37185	20.51550
63.42561	20.58690
63.47937	20.65831
63.53314	20.72972
63.58690	20.80113
63.64067	20.87254
63.69445	20.94398
63.74821	21.01539
63.80198	21.08680
63.85574	21.15821
63.90950	21.22961
63.96328	21.30104
64.01703	21.37250
64.07076	21.44393
64.12449	21.51537
64.17822	21.58680
64.23195	21.65823
64.28570	21.72969
64.33943	21.80113
64.39317	21.87256
64.44689	21.94399
64.50053	22.01549
64.55418	22.08698
64.60785	22.15850
64.66150	22.23000
64.71515	22.30150
64.76880	22.37299
64.82245	22.44449
64.87609	22.51599
64.92976	22.58751
64.98333	22.65908
65.03689	22.73064
65.09045	22.80220
65.14400	22.87377
65.19751	22.94534
65.25101	23.01698
65.30450	23.08860
65.35798	23.16022
65.41146	23.23184
65.46487	23.30352
65.51827	23.37520
65.57169	23.44691
65.62508	23.51859
65.67846	23.59031
65.73176	23.66206
65.78506	23.73382
65.83836	23.80557
65.89168	23.87735
65.94490	23.94918
65.99810	24.02101
66.05129	24.09285
66.10448	24.16468
66.15766	24.23654
66.21075	24.30849
66.26382	24.38041
66.31689	24.45233
66.36997	24.52426
66.42297	24.59623
66.47593	24.66827
66.52887	24.74029
66.58182	24.81231
66.63476	24.88433
66.68757	24.95645
66.74037	25.02857
66.79319	25.10072
66.84599	25.17285
66.89874	25.24501
66.95139	25.31725
67.00404	25.38948
67.05669	25.46172
67.10935	25.53398
67.16187	25.60630
67.21436	25.67865
67.26685	25.75101
67.31933	25.82336
67.37178	25.89572
67.42411	25.96823
67.47643	26.04071
67.52873	26.11319
67.58105	26.18567
67.63327	26.25824
67.68539	26.33086
67.73753	26.40350
67.78966	26.47612
67.84178	26.54873
67.89371	26.62146
67.94564	26.69421
67.99757	26.76697
68.04951	26.83975
68.10138	26.91256
68.15310	26.98547
68.20481	27.05837
68.25652	27.13128
68.30824	27.20419
68.35983	27.27723
68.41132	27.35029
68.46281	27.42336
68.51431	27.49642
68.56580	27.56949
68.61712	27.64268
68.66843	27.71587
68.71968	27.78913
68.77087	27.86240
68.82203	27.93571
68.87310	28.00907
68.92419	28.08245
68.97514	28.15590
69.02608	28.22934
69.07693	28.30284
69.12774	28.37638
69.17850	28.44995
69.22920	28.52361
69.27988	28.59725
69.33042	28.67097
69.38097	28.74469
69.43140	28.81848
69.48181	28.89230
69.53218	28.96620
69.58245	29.04011
69.63268	29.11402
69.68280	29.18803
69.73292	29.26204
69.78292	29.33615
69.83292	29.41029
69.88280	29.48445
69.93262	29.55867
69.98240	29.63290
70.03207	29.70722
70.08173	29.78154
70.13126	29.85599
70.18077	29.93041
70.23018	30.00491
70.27952	30.07945
70.32880	30.15399
70.37798	30.22864
70.42717	30.30331
70.47620	30.37808
70.52520	30.45284
70.57408	30.52765
70.62291	30.60252
70.67171	30.67747
70.72037	30.75246
70.76900	30.82743
70.81748	30.90253
70.86595	30.97764
70.91429	31.05283
70.96260	31.12808
71.01081	31.20335
71.05891	31.27869
71.10699	31.35405
71.15490	31.42951
71.20281	31.50497
71.25058	31.58057
71.29829	31.65615
71.34589	31.73178
71.39340	31.80749
71.44086	31.88323
71.48818	31.95907
71.53551	32.03493
71.58263	32.11089
71.62974	32.18686
71.67671	32.26292
71.72360	32.33902
71.77042	32.41517
71.81712	32.49142
71.86377	32.56765
71.91023	32.64401
71.95669	32.72038
72.00298	32.79686
72.04922	32.87336
72.09536	32.94995
72.14137	33.02659
72.18732	33.10324
72.23309	33.18001
72.27887	33.25679
72.32443	33.33370
72.37000	33.41064
72.41538	33.48765
72.46069	33.56470
72.50589	33.64180
72.55094	33.71901
72.59599	33.79625
72.64079	33.87360
72.68559	33.95094
72.73020	34.02842
72.77475	34.10590
72.81916	34.18348
72.86346	34.26115
72.90768	34.33884
72.95171	34.41663
72.99574	34.49442
73.03951	34.57236
73.08327	34.65030
73.12682	34.72836
73.17031	34.80645
73.21367	34.88464
73.25688	34.96289
73.30002	35.04117
73.34295	35.11958
73.38589	35.19800
73.42854	35.27655
73.47118	35.35511
73.51360	35.43378
73.55595	35.51250
73.59815	35.59130
73.64022	35.67020
73.68220	35.74912
73.72395	35.82816
73.76569	35.90721
73.80714	35.98641
73.84858	36.06561
73.88979	36.14495
73.93092	36.22431
73.97186	36.30376
74.01267	36.38328
74.05339	36.46288
74.09388	36.54257
74.13434	36.62229
74.17450	36.70215
74.21465	36.78201
74.25452	36.86202
74.29435	36.94204
74.33395	37.02220
74.37344	37.10239
74.41277	37.18267
74.45191	37.26303
74.49096	37.34343
74.52975	37.42397
74.56853	37.50453
74.60696	37.58523
74.64539	37.66594
74.68353	37.74679
74.72159	37.82766
74.75941	37.90863
74.79713	37.98970
74.83471	38.07083
74.87205	38.15202
74.90923	38.23332
74.94623	38.31467
74.98307	38.39614
75.01973	38.47770
75.05618	38.55928
75.09247	38.64098
75.12858	38.72277
75.16450	38.80461
75.20023	38.88653
75.23579	38.96860
75.27114	39.05066
75.30632	39.13284
75.34132	39.21510
75.37611	39.29745
75.41071	39.37986
75.44512	39.46238
75.47932	39.54496
75.51331	39.62762
75.54711	39.71040
75.58070	39.79323
75.61409	39.87614
75.64729	39.95916
75.68027	40.04225
75.71304	40.12539
75.74561	40.20864
75.77796	40.29198
75.81011	40.37539
75.84204	40.45890
75.87374	40.54247
75.90524	40.62614
75.93650	40.70988
75.96753	40.79370
75.99834	40.87763
76.02892	40.96161
76.05928	41.04569
76.08940	41.12984
76.11929	41.21408
76.14896	41.29841
76.17840	41.38285
76.20758	41.46734
76.23653	41.55190
76.26524	41.63657
76.29371	41.72128
76.32193	41.80611
76.34991	41.89103
76.37764	41.97601
76.40511	42.06106
76.43234	42.14621
76.45930	42.23143
76.48600	42.31675
76.51244	42.40215
76.53862	42.48763
76.56453	42.57316
76.59018	42.65878
76.61556	42.74449
76.64069	42.83028
76.66553	42.91616
76.69010	43.00212
76.71439	43.08811
76.73841	43.17422
76.76215	43.26040
76.78560	43.34664
76.80782	43.43326
76.82827	43.52027
76.84838	43.60736
76.86834	43.69448
76.88781	43.78171
76.90713	43.86901
76.92609	43.95636
76.94476	44.04380
76.96323	44.13125
76.98125	44.21879
76.99913	44.30639
77.01663	44.39408
77.03385	44.48176
77.05085	44.56952
77.06744	44.65736
77.08387	44.74522
77.09989	44.83315
77.11570	44.92116
77.13124	45.00918
77.14640	45.09727
77.16140	45.18540
77.17597	45.27359
77.19034	45.36180
77.20444	45.45010
77.21816	45.53843
77.23174	45.62678
77.24487	45.71519
77.25782	45.80364
77.27048	45.89213
77.28280	45.98069
77.29497	46.06924
77.30668	46.15785
77.31821	46.24650
77.32946	46.33518
77.34037	46.42390
77.35114	46.51267
77.36143	46.60146
77.37157	46.69027
77.38141	46.77911
77.39093	46.86798
77.40029	46.95687
77.40921	47.04585
77.41796	47.13480
77.42641	47.22379
77.43455	47.31280
77.44253	47.40183
77.45007	47.49093
77.45744	47.58002
77.46452	47.66912
77.47128	47.75823
77.47790	47.84739
77.48408	47.93657
77.49009	48.02577
77.49582	48.11497
77.50122	48.20420
77.50648	48.29341
77.51131	48.38266
77.51598	48.47195
77.52037	48.56126
77.52444	48.65055
77.52835	48.73983
77.53186	48.82915
77.53519	48.91849
77.53827	49.00782
77.54102	49.09720
77.54360	49.18653
77.54581	49.27589
77.54781	49.36525
77.54958	49.45462
77.55101	49.54400
77.55229	49.63340
77.55321	49.72278
77.55391	49.81216
77.55441	49.90155
77.55453	49.99095
77.55451	50.08034
77.55417	50.16975
77.55358	50.25912
77.55281	50.34850
77.55166	50.43788
77.55035	50.52727
77.54876	50.61664
77.54690	50.70603
77.54488	50.79539
77.54247	50.88475
77.53990	50.97409
77.53706	51.06343
77.53395	51.15279
77.53069	51.24214
77.52704	51.33145
77.52322	51.42075
77.51917	51.51004
77.51482	51.59930
77.51031	51.68863
77.50547	51.77788
77.50043	51.86712
77.49518	51.95635
77.48960	52.04554
77.48387	52.13477
77.47784	52.22398
77.47158	52.31314
77.46516	52.40229
77.45837	52.49143
77.45144	52.58053
77.44424	52.66962
77.43678	52.75875
77.42918	52.84781
77.42122	52.93684
77.41309	53.02586
77.40475	53.11485
77.39612	53.20380
77.38733	53.29279
77.37823	53.38171
77.36893	53.47062
77.35947	53.55950
77.34966	53.64833
77.33971	53.73717
77.32950	53.82600
77.31904	53.91479
77.30845	54.00352
77.29751	54.09224
77.28642	54.18093
77.27510	54.26960
77.26350	54.35827
77.25176	54.44687
77.23973	54.53545
77.22749	54.62401
77.21510	54.71253
77.20238	54.80101
77.18952	54.88947
77.17643	54.97789
77.16308	55.06630
77.14959	55.15466
77.13579	55.24298
77.12181	55.33128
77.10766	55.41954
77.09321	55.50776
77.07863	55.59594
77.06378	55.68408
77.04871	55.77219
77.03350	55.86031
77.01797	55.94834
77.00230	56.03633
76.98644	56.12429
76.97030	56.21220
76.95402	56.30012
76.93748	56.38799
76.92073	56.47577
76.90385	56.56354
76.88665	56.65126
76.86931	56.73895
76.85177	56.82660
76.83396	56.91425
76.81603	57.00180
76.79784	57.08932
76.77945	57.17678
76.76093	57.26423
76.74208	57.35160
76.72310	57.43898
76.70393	57.52629
76.68450	57.61355
76.66495	57.70076
76.64515	57.78793
76.62514	57.87506
76.60499	57.96216
76.58456	58.04918
76.56397	58.13617
76.54323	58.22312
76.52220	58.31000
76.50104	58.39688
76.47968	58.48368
76.45809	58.57040
76.43636	58.65712
76.41438	58.74376
76.39223	58.83034
76.36993	58.91693
76.34734	59.00342
76.32462	59.08987
76.30173	59.17627
76.27858	59.26260
76.25530	59.34891
76.23181	59.43518
76.20810	59.52139
76.18427	59.60751
76.16018	59.69359
76.13592	59.77964
76.11153	59.86563
76.08686	59.95157
76.06205	60.03745
76.03709	60.12328
76.01186	60.20903
75.98650	60.29475
75.96095	60.38041
75.93517	60.46603
75.90927	60.55158
75.88316	60.63706
75.85685	60.72248
75.83041	60.80787
75.80372	60.89318
75.77686	60.97846
75.74989	61.06367
75.72263	61.14880
75.69524	61.23391
75.66770	61.31895
75.63991	61.40390
75.61198	61.48882
75.58390	61.57368
75.55556	61.65847
75.52711	61.74321
75.49847	61.82789
75.46960	61.91250
75.44062	61.99706
75.41145	62.08155
75.38206	62.16596
75.35253	62.25034
75.32281	62.33464
75.29288	62.41891
75.26285	62.50308
75.23260	62.58719
75.20216	62.67123
75.17159	62.75522
75.14080	62.83914
75.10982	62.92303
75.07873	63.00684
75.04742	63.09056
75.01593	63.17422
74.98431	63.25782
74.95248	63.34135
74.92046	63.42483
74.88833	63.50822
74.85597	63.59155
74.82343	63.67484
74.79079	63.75802
74.75792	63.84114
74.72485	63.92424
74.69167	64.00724
74.65829	64.09016
74.62473	64.17300
74.59103	64.25579
74.55714	64.33850
74.52306	64.42116
74.48885	64.50373
74.45445	64.58624
74.41985	64.66866
74.38512	64.75102
74.35023	64.83331
74.31510	64.91555
74.27985	64.99770
74.24446	65.07979
74.20884	65.16177
74.17307	65.24368
74.13715	65.32557
74.10102	65.40733
74.06474	65.48902
74.02833	65.57064
73.99171	65.65219
73.95491	65.73366
73.91798	65.81506
73.88087	65.89638
73.84355	65.97761
73.80610	66.05877
73.76850	66.13986
73.73067	66.22085
73.69268	66.30180
73.65457	66.38265
73.61626	66.46341
73.57776	66.54408
73.53913	66.62469
73.50035	66.70522
73.46131	66.78568
73.42216	66.86603
73.38286	66.94631
73.34336	67.02650
73.30368	67.10658
73.26384	67.18662
73.22385	67.26660
73.18365	67.34643
73.14330	67.42618
73.10281	67.50586
73.06213	67.58546
73.02125	67.66495
72.98020	67.74441
72.93903	67.82372
72.89765	67.90295
72.85608	67.98211
72.81438	68.06113
72.77251	68.14014
72.73041	68.21902
72.68816	68.29779
72.64577	68.37648
72.60323	68.45508
72.56044	68.53356
72.51748	68.61198
72.47438	68.69028
72.43113	68.76851
72.38765	68.84661
72.34400	68.92462
72.30020	69.00256
72.25623	69.08039
72.21205	69.15810
72.16769	69.23570
72.12317	69.31322
72.07850	69.39063
72.03362	69.46793
71.98853	69.54515
71.94328	69.62225
71.89787	69.69924
71.85229	69.77615
71.80649	69.85291
71.76052	69.92955
71.71436	70.00613
71.66805	70.08257
71.62154	70.15891
71.57481	70.23512
71.52792	70.31121
71.48084	70.38720
71.43356	70.46310
71.38612	70.53886
71.33846	70.61447
71.29062	70.68996
71.24258	70.76536
71.19436	70.84063
71.14594	70.91579
71.09733	70.99080
71.04850	71.06569
70.99950	71.14043
70.95029	71.21507
70.90090	71.28954
70.85129	71.36393
70.80148	71.43816
70.75144	71.51225
70.70122	71.58618
70.65079	71.65997
70.60014	71.73366
70.54931	71.80720
70.49828	71.88056
70.44702	71.95380
70.39551	72.02688
70.34381	72.09978
70.29188	72.17255
70.23973	72.24516
70.18737	72.31762
70.13480	72.38991
70.08199	72.46203
70.02897	72.53399
69.97570	72.60579
69.92220	72.67740
69.86845	72.74882
69.81447	72.82006
69.76025	72.89113
69.70579	72.96202
69.65106	73.03274
69.59612	73.10322
69.54090	73.17354
69.48545	73.24364
69.42974	73.31353
69.37376	73.38322
69.31750	73.45273
69.26100	73.52197
69.20421	73.59103
69.14717	73.65981
69.08982	73.72839
69.03220	73.79671
68.97427	73.86483
68.91608	73.93266
68.85757	74.00026
68.79876	74.06758
68.73965	74.13462
68.68022	74.20140
68.62045	74.26791
68.56039	74.33410