81.69900	2.69920
81.25694	2.80681
80.81489	2.91441
80.37283	3.02202
79.93077	3.12963
79.48872	3.23723
79.04666	3.34484
78.60460	3.45244
78.16255	3.56005
77.72049	3.66765
77.27844	3.77526
76.83638	3.88287
76.39432	3.99047
75.95227	4.09808
75.51021	4.20569
75.06816	4.31329
74.62610	4.42090
74.18404	4.52850
73.74199	4.63611
73.29993	4.74372
72.85788	4.85132
72.41582	4.95893
71.97376	5.06653
71.53171	5.17414
71.08965	5.28175
70.64760	5.38935
70.20554	5.49696
69.76348	5.60456
69.32143	5.71217
68.87937	5.81978
68.43732	5.92738
67.99525	6.03499
67.55320	6.14259
67.11115	6.25020
66.66909	6.35781
66.22704	6.46541
65.78497	6.57302
65.34292	6.68062
64.90086	6.78823
64.45881	6.89584
64.01675	7.00344
63.57470	7.11105
63.13264	7.21866
62.69058	7.32626
62.24853	7.43387
61.80647	7.54147
61.36441	7.64908
60.92236	7.75669
60.48030	7.86429
60.03825	7.97190
59.59619	8.07950
59.15414	8.18711
58.71208	8.29472
58.27002	8.40232
57.82796	8.50993
57.38591	8.61753
56.94386	8.72514
56.50180	8.83275
56.05974	8.94035
55.61769	9.04796
55.17563	9.15556
54.73357	9.26317
54.29152	9.37078
53.84946	9.47838
53.40740	9.58599
52.96535	9.69359
52.52329	9.80120
52.08124	9.90881
51.63918	10.01641
51.19712	10.12402
50.75507	10.23162
50.31301	10.33923
49.87095	10.44684
49.42890	10.55444
48.98684	10.66205
48.54479	10.76966
48.10273	10.87726
47.66067	10.98487
47.21862	11.09247
46.77656	11.20008
46.33451	11.30768
45.89245	11.41529
45.45039	11.52290
45.00834	11.63050
44.56628	11.73811
44.12423	11.84571
43.68217	11.95332
43.24011	12.06093
42.79806	12.16853
42.35600	12.27614
41.91394	12.38375
41.47189	12.49135
41.02983	12.59896
40.58778	12.70656
40.14577	12.81435
39.70813	12.93847
39.27903	13.08945
38.86008	13.26667
38.45288	13.46943
38.05893	13.69686
37.67965	13.94801
37.31640	14.22183
36.97047	14.51723
36.64307	14.83303
36.33534	15.16805
36.04836	15.52100
35.78316	15.89059
35.54068	16.27547
35.32184	16.67426
35.12744	17.08553
34.95826	17.50779
34.81492	17.93951
34.69797	18.37911
34.60782	18.82498
34.54477	19.27549
34.50892	19.72897
34.49980	20.18378
34.49980	20.63874
34.49980	21.09371
34.49980	21.54868
34.49980	22.00364
34.49980	22.45860
34.49980	22.91357
34.49980	23.36853
34.49980	23.82350
34.49980	24.27846
34.49980	24.73343
34.49980	25.18839
34.49980	25.64336
34.49980	26.09832
34.49980	26.55328
34.49980	27.00825
34.49980	27.46321
34.49980	27.91818
34.49980	28.37314
34.49980	28.82811
34.49980	29.28307
34.49980	29.73804
34.49980	30.19300
34.49980	30.64796
34.49980	31.10293
34.49980	31.55789
34.49980	32.01286
34.49980	32.46782
34.49980	32.92279
34.49980	33.37775
34.49980	33.83272
34.49980	34.28768
34.49980	34.74265
34.49980	35.19761
34.49980	35.65257
34.49980	36.10754
34.49980	36.56250
34.49980	37.01747
34.49980	37.47243
34.49980	37.92740
34.49980	38.38236
34.49980	38.83733
34.49980	39.29229
34.49980	39.74725
34.49980	40.20222
34.49980	40.65718
34.49980	41.11214
34.49980	41.56712
34.49980	42.02208
34.49980	42.47704
34.49980	42.93201
34.49980	43.38697
34.49980	43.84193
34.49980	44.29690
34.49980	44.75186
34.49980	45.20683
34.49980	45.66180
34.49980	46.11676
34.49980	46.57172
34.49980	47.02669
34.49980	47.48165
34.49980	47.93661
34.49980	48.39158
34.49980	48.84654
34.49980	49.30151
34.49980	49.75648
34.49980	50.21144
34.49980	50.66640
34.49980	51.12137
34.49980	51.57633
34.49980	52.03130
34.49980	52.48626
34.49980	52.94122
34.49980	53.39619
34.49980	53.85116
34.49980	54.30612
34.49980	54.76109
34.49980	55.21605
34.49980	55.67101
34.49980	56.12598
34.49980	56.58094
34.49980	57.03590
34.49980	57.49087
34.49980	57.94583
34.49980	58.40080
34.49980	58.85577
34.49980	59.31073
34.49980	59.76569
34.49980	60.22066
34.49980	60.67562
34.49980	61.13058
34.49980	61.58555
34.49980	62.04051
34.49980	62.49548
34.49980	62.95045
34.49980	63.40541
34.49980	63.86037
34.49980	64.31534
34.49980	64.77030
34.49980	65.22527
34.49980	65.68023
34.49980	66.13519
34.49980	66.59016
34.49980	67.04513
34.49980	67.50009
34.49980	67.95506
34.49980	68.41002
34.49980	68.86498
34.31222	68.99104
33.91631	68.76691
33.51469	68.55318
33.10762	68.35001
32.69531	68.15771
32.27802	67.97646
31.85602	67.80648
31.42956	67.64803
30.99894	67.50123
30.56444	67.36636
30.12639	67.24355
29.68508	67.13300
29.24085	67.03483
28.79403	66.94920
28.34497	66.87621
27.89402	66.81602
27.44156	66.76859
26.98792	66.73412
26.53348	66.71251
26.07861	66.70381
25.62369	66.70788
25.16903	66.72421
24.71499	66.75304
24.26192	66.79424
23.81016	66.84804
23.36005	66.91424
22.91197	66.99298
22.46626	67.08420
22.02327	67.18779
21.58339	67.30389
21.14692	67.43224
20.71423	67.57281
20.28571	67.72562
19.86166	67.89042
19.44243	68.06711
19.02841	68.25569
18.61990	68.45593
18.21723	68.66767
17.82072	68.89073
17.43075	69.12504
17.04762	69.37038
16.67164	69.62654
16.30313	69.89332
15.94238	70.17052
15.58975	70.45798
15.24556	70.75548
14.91008	71.06276
14.58360	71.37961
14.26643	71.70576
13.95885	72.04098
13.66116	72.38502
13.37368	72.73762
13.09668	73.09852
12.83042	73.46741
12.57517	73.84400
12.33118	74.22799
12.09871	74.61906
11.87801	75.01688
11.66937	75.42116
11.47300	75.83154
11.28910	76.24766
11.11784	76.66914
10.95944	77.09561
10.81404	77.52670
10.68192	77.96204
10.56312	78.40121
10.45775	78.84379
10.36588	79.28935
10.28773	79.73753
10.22324	80.18788
10.17240	80.63998
10.13532	81.09339
10.11195	81.54775
10.10212	82.00259
10.10604	82.45751
10.12347	82.91213
10.15461	83.36601
10.19950	83.81873
10.25804	84.26989
10.33031	84.71906
10.41629	85.16580
10.51581	85.60973
10.62881	86.05043
10.75523	86.48744
10.89495	86.92040
11.04775	87.34892
11.21348	87.77261
11.39194	88.19108
11.58298	88.60399
11.78641	89.01090
12.00196	89.41155
12.22938	89.80560
12.46841	90.19267
12.71884	90.57249
12.98038	90.94475
13.25278	91.30912
13.53579	91.66531
13.82912	92.01309
14.13244	92.35216
14.44549	92.68228
14.76795	93.00319
15.09956	93.31467
15.44003	93.61642
15.78904	93.90825
16.14629	94.18996
16.51144	94.46130
16.88420	94.72214
17.26423	94.97224
17.65129	95.21135
18.04497	95.43935
18.44498	95.65608
18.85096	95.86140
19.26261	96.05507
19.67962	96.23698
20.10158	96.40704
20.52818	96.56516
20.95910	96.71105
21.39394	96.84478
21.83236	96.96631
22.27406	97.07534
22.71861	97.17200
23.16569	97.25621
23.61496	97.32788
24.06603	97.38714
24.51859	97.43378
24.97224	97.46804
25.42667	97.48975
25.88152	97.49916
26.33645	97.49618
26.79115	97.48088
27.24524	97.45319
27.69844	97.41300
28.15032	97.36035
28.60058	97.29520
29.04883	97.21755
29.49478	97.12747
29.93801	97.02485
30.37820	96.90990
30.81498	96.78262
31.24798	96.64304
31.67690	96.49134
32.10135	96.32761
32.52099	96.15186
32.93547	95.96432
33.34450	95.76514
33.74769	95.55441
34.14472	95.33224
34.53528	95.09890
34.91903	94.85455
35.29567	94.59935
35.66483	94.33349
36.02622	94.05714
36.37954	93.77054
36.72451	93.47392
37.06078	93.16750
37.38808	92.85149
37.70608	92.52614
38.01446	92.19167
38.31298	91.84835
38.60135	91.49648
38.87930	91.13630
39.14652	90.76812
39.40277	90.39220
39.64775	90.00886
39.88119	89.61835
40.10289	89.22106
40.31256	88.81734
40.51005	88.40748
40.69507	87.99187
40.86748	87.57085
41.02694	87.14478
41.17342	86.71405
41.30672	86.27909
41.42673	85.84025
41.53328	85.39797
41.62624	84.95261
41.70560	84.50465
41.77136	84.05447
41.82331	83.60251
41.86157	83.14918
41.88623	82.69490
41.89709	82.24010
41.89780	81.78513
41.89780	81.33017
41.89780	80.87520
41.89780	80.42023
41.89780	79.96527
41.89780	79.51030
41.89780	79.05534
41.89780	78.60037
41.89780	78.14542
41.89780	77.69044
41.89780	77.23549
41.89780	76.78052
41.89780	76.32555
41.89780	75.87059
41.89780	75.41562
41.89780	74.96066
41.89780	74.50569
41.89780	74.05074
41.89780	73.59576
41.89780	73.14081
41.89780	72.68584
41.89780	72.23087
41.89780	71.77591
41.89780	71.32094
41.89780	70.86598
41.89780	70.41101
41.89780	69.95605
41.89780	69.50108
41.89780	69.04613
41.89780	68.59116
41.89780	68.13618
41.89780	67.68123
41.89780	67.22626
41.89780	66.77130
41.89780	66.31633
41.89780	65.86137
41.89780	65.40640
41.89780	64.95145
41.89780	64.49648
41.89780	64.04150
41.89780	63.58655
41.89780	63.13158
41.89780	62.67662
41.89780	62.22165
41.89780	61.76669
41.89780	61.31172
41.89780	60.85677
41.89780	60.40179
41.89780	59.94682
41.89780	59.49187
41.89780	59.03690
41.89780	58.58194
41.89780	58.12697
41.89780	57.67201
41.89780	57.21704
41.89780	56.76208
41.89780	56.30711
41.89780	55.85214
41.89780	55.39719
41.89780	54.94221
41.89780	54.48726
41.89780	54.03229
41.89780	53.57733
41.89780	53.12236
41.89780	52.66740
41.89780	52.21243
41.89780	51.75748
41.89780	51.30251
41.89780	50.84753
41.89780	50.39258
41.89780	49.93761
41.89780	49.48265
41.89780	49.02768
41.89780	48.57272
41.89780	48.11775
41.89780	47.66280
41.89780	47.20782
41.89780	46.75285
41.89780	46.29790
41.89780	45.84293
41.89780	45.38797
41.89780	44.93300
41.89780	44.47804
41.89780	44.02307
41.89780	43.56812
41.89780	43.11314
41.89780	42.65817
41.89780	42.20322
41.89780	41.74825
41.89780	41.29329
41.89780	40.83832
41.89780	40.38336
41.89780	39.92839
41.89780	39.47343
41.89934	39.01849
41.96069	38.56842
42.10727	38.13843
42.33032	37.74260
42.61976	37.39234
42.96538	37.09734
43.35665	36.86634
43.78219	36.70707
44.22411	36.59890
44.66614	36.49115
45.10817	36.38340
45.55018	36.27565
45.99221	36.16790
46.43422	36.06015
46.87625	35.95240
47.31826	35.84466
47.76029	35.73691
48.20230	35.62916
48.64433	35.52141
49.08636	35.41366
49.52837	35.30591
49.97040	35.19816
50.41241	35.09042
50.85444	34.98267
51.29645	34.87492
51.73848	34.76717
52.18049	34.65942
52.62252	34.55167
53.06455	34.44392
53.50656	34.33617
53.94859	34.22842
54.39060	34.12067
54.83263	34.01292
55.27464	33.90518
55.71667	33.79743
56.15868	33.68968
56.60072	33.58193
57.04272	33.47418
57.48476	33.36643
57.92678	33.25868
58.36880	33.15094
58.81082	33.04319
59.25284	32.93544
59.69486	32.82769
60.13688	32.71994
60.57890	32.61219
61.02092	32.50444
61.46294	32.39669
61.90498	32.28894
62.34699	32.18120
62.78902	32.07344
63.23103	31.96570
63.67306	31.85795
64.11507	31.75020
64.55710	31.64245
64.99911	31.53470
65.44114	31.42695
65.88316	31.31920
66.32518	31.21146
66.76721	31.10371
67.20922	30.99596
67.65125	30.88821
68.09326	30.78046
68.53529	30.67271
68.97730	30.56496
69.41935	30.45721
69.86136	30.34946
70.30338	30.24172
70.74538	30.13397
71.18743	30.02622
71.62944	29.91847
72.07146	29.81072
72.51347	29.70298
72.95551	29.59522
73.39752	29.48747
73.83954	29.37973
74.28158	29.27197
74.72359	29.16423
75.16560	29.05648
75.60762	28.94873
76.04966	28.84098
76.49168	28.73323
76.93369	28.62549
77.37570	28.51774
77.81774	28.40998
78.25976	28.30224
78.70177	28.19449
79.14381	28.08674
79.58607	27.98005
80.03703	27.92448
80.49059	27.95067
80.93177	28.05926
81.34566	28.24661
81.71867	28.50597
82.03853	28.82865
82.29421	29.20418
82.47636	29.62037
82.57838	30.06306
82.60079	30.51707
82.60079	30.97202
82.60079	31.42698
82.60079	31.88194
82.60079	32.33692
82.60079	32.79188
82.60079	33.24683
82.60079	33.70182
82.60079	34.15678
82.60079	34.61173
82.60079	35.06669
82.60079	35.52168
82.60079	35.97663
82.60079	36.43159
82.60079	36.88657
82.60079	37.34153
82.60079	37.79649
82.60079	38.25144
82.60079	38.70643
82.60079	39.16138
82.60079	39.61634
82.60079	40.07130
82.60079	40.52628
82.60079	40.98124
82.60079	41.43620
82.60079	41.89118
82.60079	42.34614
82.60079	42.80109
82.60079	43.25605
82.60079	43.71104
82.60079	44.16599
82.60079	44.62095
82.60079	45.07594
82.60079	45.53089
82.60079	45.98585
82.60079	46.44080
82.60079	46.89579
82.60079	47.35075
82.60079	47.80570
82.60079	48.26066
82.60079	48.71564
82.60079	49.17060
82.60079	49.62556
82.60079	50.08054
82.60079	50.53550
82.60079	50.99046
82.60079	51.44541
82.60079	51.90040
82.60079	52.35535
82.60079	52.81031
82.60079	53.26527
82.60079	53.72025
82.60079	54.17521
82.60079	54.63017
82.60079	55.08515
82.60079	55.54011
82.60079	55.99506
82.60079	56.45002
82.60079	56.90501
82.60079	57.35996
82.24122	57.18850
81.84277	56.96888
81.43874	56.75972
81.02940	56.56126
80.61488	56.37378
80.19547	56.19741
79.77150	56.03243
79.34319	55.87906
78.91086	55.73741
78.47473	55.60780
78.03525	55.49028
77.59263	55.38514
77.14719	55.29240
76.69936	55.21231
76.24945	55.14487
75.79779	55.09027
75.34476	55.04848
74.89073	55.01959
74.43607	55.00365
73.98110	55.00058
73.52628	55.01001
73.07185	55.03173
72.61818	55.06602
72.16562	55.11266
71.71455	55.17190
71.26530	55.24355
70.81822	55.32774
70.37364	55.42440
69.93195	55.53339
69.49352	55.65488
69.05865	55.78859
68.62773	55.93445
68.20113	56.09253
67.77916	56.26257
67.36212	56.44446
66.95046	56.63811
66.54447	56.84341
66.14445	57.06013
65.75077	57.28811
65.36370	57.52721
64.98369	57.77730
64.61090	58.03815
64.24576	58.30951
63.88855	58.59121
63.53954	58.88303
63.19907	59.18484
62.86749	59.49634
62.54506	59.81726
62.23204	60.14742
61.92875	60.48652
61.63547	60.83434
61.35252	61.19054
61.08015	61.55499
60.81867	61.92728
60.56830	62.30714
60.32931	62.69429
60.10197	63.08834
59.88650	63.48903
59.68314	63.89598
59.49218	64.30891
59.31380	64.72741
59.14814	65.15114
58.99541	65.57967
58.85576	66.01266
58.72941	66.44970
58.61649	66.89039
58.51702	67.33436
58.43110	67.78111
58.35888	68.23029
58.30038	68.68144
58.25553	69.13418
58.22442	69.58806
58.20702	70.04265
58.20312	70.49757
58.21297	70.95243
58.23637	71.40677
58.27348	71.86018
58.32437	72.31228
58.38890	72.76263
58.46711	73.21080
58.55904	73.65635
58.66448	74.09892
58.78333	74.53805
58.91553	74.97337
59.06100	75.40445
59.21947	75.83087
59.39080	76.25233
59.57477	76.66841
59.77124	77.07879
59.97995	77.48302
60.20070	77.88079
60.43324	78.27183
60.67730	78.65579
60.93260	79.03232
61.19893	79.40118
61.47598	79.76206
61.76349	80.11461
62.06122	80.45862
62.36882	80.79379
62.68604	81.11993
63.01253	81.43674
63.34803	81.74400
63.69227	82.04151
64.04488	82.32893
64.40565	82.60613
64.77415	82.87290
65.15015	83.12906
65.53327	83.37441
65.92322	83.60871
66.31973	83.83179
66.72240	84.04356
67.13088	84.24381
67.54488	84.43241
67.96415	84.60915
68.38815	84.77396
68.81665	84.92680
69.24933	85.06740
69.68582	85.19579
70.12569	85.31191
70.56866	85.41553
71.01438	85.50676
71.46245	85.58553
71.91255	85.65174
72.36430	85.70554
72.81740	85.74673
73.27144	85.77555
73.72607	85.79185
74.18099	85.79586
74.63587	85.78753
75.09035	85.76681
75.54410	85.73370
75.99676	85.68806
76.44798	85.62997
76.89741	85.55936
77.34467	85.47626
77.78951	85.38076
78.23146	85.27271
78.67018	85.15237
79.10535	85.01974
79.53662	84.87483
79.96363	84.71786
80.38605	84.54892
80.80347	84.36799
81.21561	84.17532
81.62212	83.97109
82.02269	83.75540
82.41694	83.52831
82.80455	83.29012
83.18521	83.04102
83.55864	82.78114
83.92451	82.51071
84.28240	82.22984
84.63207	81.93886
84.97329	81.63792
85.30567	81.32728
85.62894	81.00716
85.94281	80.67782
86.24695	80.33945
86.54105	79.99239
86.82491	79.63686
87.09821	79.27312
87.36066	78.90152
87.61201	78.52233
87.85202	78.13586
88.08039	77.74236
88.29686	77.34221
88.50123	76.93577
88.69330	76.52334
88.87282	76.10532
89.03963	75.68207
89.19347	75.25392
89.33421	74.82127
89.46170	74.38456
89.57585	73.94419
89.67655	73.50053
89.76356	73.05396
89.83694	72.60500
89.89671	72.15401
89.94270	71.70135
89.97497	71.24756
89.99368	70.79302
89.99879	70.33812
89.99879	69.88313
89.99879	69.42818
89.99879	68.97322
89.99879	68.51823
89.99879	68.06328
89.99879	67.60832
89.99879	67.15337
89.99879	66.69838
89.99879	66.24342
89.99879	65.78847
89.99879	65.33351
89.99879	64.87852
89.99879	64.42357
89.99879	63.96861
89.99879	63.51362
89.99879	63.05867
89.99879	62.60371
89.99879	62.14875
89.99879	61.69377
89.99879	61.23881
89.99879	60.78386
89.99879	60.32890
89.99879	59.87391
89.99879	59.41896
89.99879	58.96400
89.99879	58.50901
89.99879	58.05406
89.99879	57.59910
89.99879	57.14415
89.99879	56.68916
89.99879	56.23420
89.99879	55.77925
89.99879	55.32426
89.99879	54.86930
89.99879	54.41435
89.99879	53.95939
89.99879	53.50441
89.99879	53.04945
89.99879	52.59449
89.99879	52.13954
89.99879	51.68455
89.99879	51.22960
89.99879	50.77464
89.99879	50.31965
89.99879	49.86470
89.99879	49.40974
89.99879	48.95478
89.99879	48.49980
89.99879	48.04484
89.99879	47.58989
89.99879	47.13490
89.99879	46.67994
89.99879	46.22499
89.99879	45.77003
89.99879	45.31504
89.99879	44.86009
89.99879	44.40513
89.99879	43.95018
89.99879	43.49519
89.99879	43.04023
89.99879	42.58528
89.99879	42.13029
89.99879	41.67533
89.99879	41.22038
89.99879	40.76542
89.99879	40.31044
89.99879	39.85548
89.99879	39.40052
89.99879	38.94554
89.99879	38.49058
89.99879	38.03563
89.99879	37.58067
89.99879	37.12568
89.99879	36.67073
89.99879	36.21577
89.99879	35.76081
89.99879	35.30583
89.99879	34.85087
89.99879	34.39592
89.99879	33.94093
89.99879	33.48597
89.99879	33.03102
89.99879	32.57606
89.99879	32.12107
89.99879	31.66612
89.99879	31.21116
89.99879	30.75618
89.99879	30.30122
89.99879	29.84626
89.99879	29.39131
89.99879	28.93632
89.99879	28.48137
89.99879	28.02641
89.99879	27.57145
89.99879	27.11647
89.99879	26.66151
89.99879	26.20655
89.99879	25.75157
89.99879	25.29661
89.99879	24.84166
89.99879	24.38670
89.99879	23.93171
89.99879	23.47676
89.99879	23.02180
89.99879	22.56684
89.99879	22.11186
89.99879	21.65690
89.99879	21.20195
89.99879	20.74696
89.99879	20.29200
89.99879	19.83705
89.99879	19.38209
89.99879	18.92710
89.99879	18.47215
89.99879	18.01719
89.99879	17.56221
89.99879	17.10725
89.99879	16.65229
89.99879	16.19734
89.99879	15.74235
89.99879	15.28740
89.99879	14.83244
89.99879	14.37748
89.99879	13.92250
89.99879	13.46754
89.99879	13.01258
89.99879	12.55760
89.99879	12.10264
89.99879	11.64769
89.99879	11.19273
89.99879	10.73774
89.99879	10.28279
89.99879	9.82783
89.99879	9.37284
89.99288	8.91799
89.95837	8.46442
89.89269	8.01433
89.79591	7.56984
89.66841	7.13322
89.51080	6.70654
89.32394	6.29185
89.10891	5.89098
88.86696	5.50579
88.59940	5.13796
88.30762	4.78895
87.99318	4.46026
87.65759	4.15322
87.30237	3.86907
86.92914	3.60902
86.53955	3.37424
86.13522	3.16582
85.71790	2.98476
85.28946	2.83203
84.85171	2.70845
84.40657	2.61481
83.95607	2.55167
83.50237	2.51939
83.04749	2.51827
82.59363	2.54813
82.14276	2.60868
Studio Danro
https://thenounproject.com/icon/music-8386795/
