10.49970	177.03841
11.38348	177.10387
12.26727	177.16934
13.15106	177.23480
14.03485	177.30026
14.91863	177.36574
15.80242	177.43120
16.68621	177.49666
17.57000	177.56213
18.45378	177.62759
19.33757	177.69307
20.22136	177.75853
21.10514	177.82399
21.98893	177.88947
22.87272	177.95493
23.75651	178.02039
24.64029	178.08586
25.52408	178.15132
26.40787	178.21678
27.29165	178.28226
28.17544	178.34772
29.05923	178.41318
29.94302	178.47865
30.82680	178.54411
31.52786	178.16499
32.09847	177.48695
32.65538	176.79761
33.19936	176.09802
33.73156	175.38943
34.25283	174.67274
34.76400	173.94882
35.26599	173.21852
35.75955	172.48248
36.24541	171.74133
36.72432	170.99568
37.19690	170.24599
37.66379	169.49275
38.12558	168.73636
38.58284	167.97723
39.03609	167.21571
39.48586	166.45212
39.93260	165.68675
40.37665	164.91982
40.81870	164.15173
41.25898	163.38263
41.69773	162.61266
42.13515	161.84192
42.57243	161.07111
43.00933	160.30008
43.44601	159.52893
43.88304	158.75798
44.32068	157.98738
44.75837	157.21680
45.19766	156.44711
45.63828	155.67821
46.08039	154.91017
46.52391	154.14293
46.96968	153.37700
47.41752	152.61227
47.86789	151.84903
48.32074	151.08727
48.77629	150.32710
49.23493	149.56882
49.69646	148.81227
50.16145	148.05785
50.62975	147.30548
51.10161	146.55534
51.57729	145.80762
52.05659	145.06221
52.54021	144.31960
53.02758	143.57945
53.51959	142.84236
54.01559	142.10797
54.51640	141.37683
55.02141	140.64861
55.53130	139.92378
56.04597	139.20233
56.56549	138.48438
57.08998	137.77005
57.61950	137.05943
58.15413	136.35265
58.69395	135.64984
59.23904	134.95110
59.78946	134.25655
60.34523	133.56628
60.90644	132.88040
61.47309	132.19905
62.04525	131.52229
62.62295	130.85025
63.20626	130.18309
63.79522	129.52090
64.38980	128.86377
64.99000	128.21176
65.59584	127.56499
66.20739	126.92361
66.82467	126.28775
67.44759	125.65739
68.07612	125.03267
68.71039	124.41374
69.35033	123.80070
69.99584	123.19350
70.64693	122.59232
71.30371	121.99736
71.96596	121.40847
72.63373	120.82584
73.30705	120.24964
73.98568	119.67973
74.66980	119.11639
75.35923	118.55957
76.05389	118.00930
76.75387	117.46583
77.45887	116.92886
78.16916	116.39891
78.88432	115.87553
79.60461	115.35926
80.32964	114.84966
81.05966	114.34724
81.79425	113.85155
82.53370	113.36312
83.27761	112.88149
84.02612	112.40708
84.77905	111.93966
85.53627	111.47926
86.29785	111.02612
87.06354	110.57992
87.83338	110.14093
88.60724	109.70908
89.38494	109.28418
90.16656	108.86652
90.95193	108.45599
91.74091	108.05241
92.53347	107.65588
93.32959	107.26659
94.12907	106.88425
94.93184	106.50884
95.73779	106.14036
96.54699	105.77903
97.35923	105.42460
98.17442	105.07700
98.99247	104.73621
99.81334	104.40221
100.63691	104.07498
101.46318	103.75460
102.29202	103.44094
103.12332	103.13391
103.95705	102.83347
104.79311	102.53957
105.63141	102.25219
106.47192	101.97124
107.31451	101.69673
108.15917	101.42857
109.00582	101.16671
109.85435	100.91110
110.70473	100.66170
111.55688	100.41843
112.41077	100.18122
113.26628	99.95004
114.12340	99.72483
114.98203	99.50550
115.84213	99.29202
116.70371	99.08449
117.56661	98.88270
118.43085	98.68655
119.29632	98.49599
120.16300	98.31097
121.03081	98.13139
121.89977	97.95734
122.76981	97.78879
123.64083	97.62551
124.51283	97.46742
125.38573	97.31445
126.25957	97.16692
127.13425	97.02441
128.00972	96.88683
128.88594	96.75418
129.76294	96.62673
130.64063	96.50401
131.51892	96.38594
132.39790	96.27293
133.27745	96.16451
134.15755	96.06055
135.03819	95.96155
135.91934	95.86690
136.80092	95.77665
137.68300	95.69111
138.56546	95.60969
139.44832	95.53279
140.33154	95.46013
141.21509	95.39160
142.09898	95.32748
142.98314	95.26716
143.86760	95.21135
144.75227	95.15923
145.63718	95.11138
146.52229	95.06725
147.40758	95.02721
148.29305	94.99086
149.17865	94.95849
150.06439	94.92969
150.95024	94.90483
151.83618	94.88339
152.72223	94.86589
153.60831	94.85164
154.49446	94.84132
155.38063	94.83422
156.26685	94.83076
157.15305	94.83068
158.03926	94.83389
158.92543	94.84067
159.81158	94.85049
160.69769	94.86383
161.58376	94.88032
162.46976	94.89985
163.35567	94.92286
164.24150	94.94878
165.12723	94.97778
166.01286	95.01002
166.89838	95.04510
167.78375	95.08320
168.66901	95.12440
169.55411	95.16836
170.43907	95.21518
171.32387	95.26508
172.20853	95.31767
173.09302	95.37289
173.97731	95.43119
174.86143	95.49213
175.74535	95.55566
176.62909	95.62186
177.51260	95.69090
178.39592	95.76247
179.27902	95.83652
180.16191	95.91314
181.04456	95.99250
181.92699	96.07427
182.80920	96.15844
183.69116	96.24499
184.57289	96.33418
185.45435	96.42577
186.33557	96.51967
187.21654	96.61585
187.37662	97.34843
187.36261	98.23454
187.34743	99.12060
187.33189	100.00668
187.31523	100.89272
187.29819	101.77878
187.28001	102.66478
187.26146	103.55080
187.24178	104.43679
187.22168	105.32278
187.20047	106.20875
187.17883	107.09468
187.15607	107.98061
187.13290	108.86650
187.10857	109.75237
187.08386	110.63823
187.05795	111.52406
187.03169	112.40987
187.00420	113.29566
186.97639	114.18144
186.94730	115.06717
186.91792	115.95290
186.88721	116.83856
186.85628	117.72424
186.82391	118.60984
186.79143	119.49546
186.75742	120.38103
186.72331	121.26657
186.68767	122.15207
186.65189	123.03755
186.61467	123.92298
186.57718	124.80838
186.53839	125.69374
186.49921	126.57908
186.45883	127.46438
186.41791	128.34964
186.37595	129.23485
186.33328	130.12003
186.28972	131.00516
186.24529	131.89027
186.20013	132.77531
186.15393	133.66032
186.10718	134.54529
186.05919	135.43019
186.01083	136.31509
185.96104	137.19989
185.91104	138.08470
185.85944	138.96941
185.80760	139.85408
185.75439	140.73868
185.70073	141.62326
185.64590	142.50780
185.59036	143.39224
185.53391	144.27664
185.47647	145.16104
185.41838	146.04533
185.35907	146.92955
185.29935	147.81374
185.23811	148.69785
185.17659	149.58189
185.11357	150.46585
185.05011	151.34979
184.98546	152.23363
184.92004	153.11743
184.85373	154.00114
184.78635	154.88480
184.71837	155.76839
184.64900	156.65187
184.57928	157.53535
184.50798	158.41869
184.43625	159.30197
184.36330	160.18515
184.28952	161.06831
184.21489	161.95137
184.13908	162.83432
184.06277	163.71722
183.98488	164.60002
183.90660	165.48274
183.82693	166.36536
183.74655	167.24796
183.66519	168.13042
183.58270	169.01274
183.49965	169.89503
183.41504	170.77724
183.32999	171.65935
183.24353	172.54132
183.15631	173.42325
183.06813	174.30505
182.97874	175.18675
182.88887	176.06837
182.79730	176.94986
182.70525	177.83127
182.61194	178.71254
182.51765	179.59375
182.42262	180.47484
182.32611	181.35574
182.22906	182.23663
182.13060	183.11737
182.03130	183.99797
181.93111	184.87849
181.82951	185.75885
181.72737	186.63916
181.62370	187.51929
181.51924	188.39929
181.41383	189.27924
181.30705	190.15898
181.19969	191.03867
181.09077	191.91815
180.98105	192.79755
180.87038	193.67680
180.75827	194.55589
180.64555	195.43494
180.53136	196.31375
180.41623	197.19244
180.30028	198.07103
180.18274	198.94942
180.06454	199.82770
179.94505	200.70581
179.82440	201.58380
179.70308	202.46164
179.58003	203.33926
179.45622	204.21678
179.33139	205.09418
179.20509	205.97131
179.07808	206.84836
178.94968	207.72522
178.82016	208.60191
178.68988	209.47849
178.55789	210.35481
178.42508	211.23103
178.29129	212.10709
178.15590	212.98286
178.01974	213.85857
177.88235	214.73409
177.74361	215.60933
177.60403	216.48448
177.46301	217.35942
177.32083	218.23413
177.17783	219.10872
177.03319	219.98303
176.88753	220.85722
176.74104	221.73120
176.59276	222.60490
176.44359	223.47852
176.29347	224.35190
176.14160	225.22501
175.98886	226.09792
175.83507	226.97070
175.67961	227.84317
175.52324	228.71544
175.36578	229.58754
175.20667	230.45938
175.04662	231.33104
174.88548	232.20245
174.72267	233.07359
174.55890	233.94453
174.39406	234.81528
174.22749	235.68570
174.05995	236.55592
173.89142	237.42595
173.72105	238.29564
173.54968	239.16513
173.37733	240.03439
173.20322	240.90332
173.02798	241.77203
172.85173	242.64058
172.67387	243.50874
172.49472	244.37665
172.31453	245.24437
172.13292	246.11176
171.94980	246.97884
171.76564	247.84567
171.58028	248.71230
171.39316	249.57851
171.20494	250.44450
171.01564	251.31024
170.82463	252.17564
170.63234	253.04074
170.43892	253.90558
170.24414	254.77014
170.04771	255.63429
169.85014	256.49817
169.65143	257.36185
169.45097	258.22510
169.24921	259.08801
169.04626	259.95068
168.84204	260.81308
168.63602	261.67499
168.42882	262.53659
168.22041	263.39795
168.01048	264.25897
167.79897	265.11957
167.58624	265.97983
167.37228	266.83981
167.15663	267.69937
166.93953	268.55859
166.72118	269.41748
166.50156	270.27606
166.28018	271.13416
166.05739	271.99188
165.83331	272.84927
165.60794	273.70639
165.38084	274.56299
165.15228	275.41922
164.92239	276.27512
164.69121	277.13058
164.45836	277.98566
164.22392	278.84030
163.98814	279.69458
163.75104	280.54849
163.51244	281.40198
163.27205	282.25497
163.03030	283.10757
162.78719	283.95978
162.54269	284.81155
162.29642	285.66287
162.04861	286.51376
161.79941	287.36420
161.54878	288.21423
161.29674	289.06384
161.04280	289.91290
160.78743	290.76151
160.53061	291.60971
160.27237	292.45743
160.01266	293.30472
159.75105	294.15146
159.48798	294.99774
159.22343	295.84354
158.95743	296.68884
158.68994	297.53375
158.42061	298.37805
158.14972	299.22180
157.87735	300.06509
157.60344	300.90793
157.32803	301.75027
157.05103	302.59207
156.77219	303.43326
156.49181	304.27396
156.20992	305.11411
155.92647	305.95377
155.64146	306.79291
155.35489	307.63150
155.06644	308.46945
154.77640	309.30685
154.48480	310.14374
154.19164	310.98004
153.89691	311.81577
153.60057	312.65100
153.30252	313.48560
153.00269	314.31952
152.70125	315.15289
152.39821	315.98569
152.09357	316.81784
151.78731	317.64948
151.47942	318.48050
151.16988	319.31088
150.85854	320.14059
150.54549	320.96964
150.23077	321.79810
149.91444	322.62592
149.59645	323.45309
149.27678	324.27969
148.95546	325.10559
148.63248	325.93085
148.30785	326.75543
147.98145	327.57935
147.65324	328.40256
147.32338	329.22510
146.99181	330.04694
146.65855	330.86810
146.32361	331.68857
145.98697	332.50833
145.64862	333.32742
145.30856	334.14578
144.96681	334.96344
144.62334	335.78036
144.27814	336.59662
143.93124	337.41208
143.58260	338.22684
143.23210	339.04083
142.87993	339.85403
142.52603	340.66647
142.17038	341.47821
141.81300	342.28918
141.45390	343.09940
141.09306	343.90881
140.73048	344.71747
140.36617	345.52530
140.00012	346.33237
139.63232	347.13864
139.26279	347.94412
138.89149	348.74881
138.51845	349.55267
138.14365	350.35571
137.76711	351.15796
137.38882	351.95938
137.00879	352.75995
136.62697	353.55972
136.24342	354.35861
135.85812	355.15668
135.47108	355.95389
135.08226	356.75027
134.69171	357.54578
134.29941	358.34039
133.90535	359.13419
133.50954	359.92706
133.11198	360.71909
132.71268	361.51025
132.31161	362.30054
131.90883	363.08990
131.50429	363.87839
131.09799	364.66599
130.68997	365.45270
130.28023	366.23846
129.86865	367.02328
129.45534	367.80722
129.04031	368.59021
128.62354	369.37231
128.20502	370.15347
127.78480	370.93369
127.36285	371.71298
126.93919	372.49136
126.51380	373.26883
126.08675	374.04535
125.65798	374.82089
125.22751	375.59555
124.79515	376.36914
124.36069	377.14154
123.92534	377.91342
123.48783	378.68411
123.04881	379.45392
122.60832	380.22290
122.16563	380.99060
121.72216	381.75790
121.27584	382.52350
120.82880	383.28867
120.37950	384.05255
119.92883	384.81558
119.47668	385.57779
119.02239	386.33871
118.56733	387.09909
118.10963	387.85791
117.65092	388.61621
117.19046	389.37344
116.72824	390.12952
116.26509	390.88510
115.79935	391.63904
115.33272	392.39249
114.86430	393.14481
114.39420	393.89609
113.92324	394.64670
113.44975	395.39584
112.97533	396.14441
112.49938	396.89191
112.02158	397.63834
111.54290	398.38406
111.06211	399.12854
110.58009	399.87219
110.09701	400.61511
109.61173	401.35672
109.12554	402.09766
108.63792	402.83762
108.14858	403.57645
107.65828	404.31470
107.16634	405.05176
106.67298	405.78796
106.17871	406.52350
105.68262	407.25784
105.18535	407.99146
104.68719	408.72433
104.18719	409.45605
103.68616	410.18704
103.18421	410.91739
102.68054	411.64658
102.17590	412.37506
101.67037	413.10287
101.16325	413.82968
100.65510	414.55579
100.14614	415.28122
99.63583	416.00577
99.12448	416.72949
98.61228	417.45270
98.09901	418.17517
97.58459	418.89679
97.06937	419.61786
96.55335	420.33841
96.03615	421.05801
95.51790	421.77682
94.99892	422.49521
94.47997	423.21353
93.95926	423.93063
93.43822	424.64743
92.91696	425.36420
92.39407	426.07974
91.87122	426.79523
91.34774	427.51038
90.82335	428.22479
90.29900	428.93918
89.77344	429.65274
89.24743	430.36600
88.72146	431.07919
88.19545	431.79245
87.66945	432.50571
87.14296	433.21844
86.61589	433.93091
86.08886	434.64331
85.56179	435.35577
85.03471	436.06824
84.50784	436.78079
83.98116	437.49356
83.45448	438.20630
82.92783	438.91901
82.40115	439.63174
81.87514	440.34497
81.34976	441.05862
80.82452	441.77243
80.30053	442.48709
79.77650	443.20178
79.25387	443.91754
78.73170	444.63351
78.21023	445.35007
77.69007	446.06754
77.17106	446.78583
76.65322	447.50500
76.13683	448.22531
75.62194	448.94656
75.10859	449.66895
74.59688	450.39255
74.08704	451.11731
73.57907	451.84348
73.07317	452.57111
72.56946	453.30029
72.06812	454.03107
71.56933	454.76355
71.07320	455.49786
70.57989	456.23419
70.08968	456.97241
69.60277	457.71289
69.11926	458.45560
68.63938	459.20059
68.16333	459.94806
67.69123	460.69806
67.22346	461.45074
66.76021	462.20624
66.30173	462.96460
65.84833	463.72604
65.40028	464.49063
64.95779	465.25848
64.52122	466.02969
64.09084	466.80441
63.66702	467.58264
63.24997	468.36465
62.84016	469.15039
62.43822	469.94009
62.04416	470.73389
61.65842	471.53177
61.28137	472.33374
60.91371	473.14011
60.55578	473.95081
60.20780	474.76581
59.87035	475.58524
59.54425	476.40930
59.22943	477.23770
58.92665	478.07059
58.63661	478.90796
58.35926	479.74960
58.09575	480.59573
57.84611	481.44608
57.61094	482.30048
57.39099	483.15887
57.18609	484.02112
56.99766	484.88702
56.82502	485.75620
56.66975	486.62872
56.53106	487.50406
56.41038	488.38193
56.30702	489.26215
56.22187	490.14423
56.15509	491.02789
56.10678	491.91275
56.07705	492.79843
56.06599	493.68454
56.07361	494.57074
56.09988	495.45648
56.14473	496.34155
56.20803	497.22552
56.28967	498.10788
56.38942	498.98849
56.48479	499.86948
56.57142	500.75140
56.66883	501.63223
56.77709	502.51175
56.89626	503.38989
57.02642	504.26654
57.16758	505.14136
57.32020	506.01437
57.48405	506.88528
57.65907	507.75397
57.84535	508.62042
58.04289	509.48438
58.25223	510.34546
58.47291	511.20374
58.70496	512.05902
58.94832	512.91107
59.20369	513.75970
59.47041	514.60480
59.74853	515.44623
60.03838	516.28375
60.33985	517.11700
60.65273	517.94623
60.97713	518.77087
61.31328	519.59088
61.66069	520.40607
62.01965	521.21637
62.39016	522.02136
62.77188	522.82117
63.16507	523.61536
63.56955	524.40381
63.98508	525.18658
64.41210	525.96307
64.84998	526.73358
65.29900	527.49762
65.75896	528.25500
66.22965	529.00598
66.71138	529.74976
67.20347	530.48676
67.70649	531.21643
68.21978	531.93890
68.74347	532.65369
69.27741	533.36102
69.82143	534.06055
70.37565	534.75214
70.93957	535.43573
71.51347	536.11096
72.09679	536.77814
72.68988	537.43658
73.29208	538.08673
73.90385	538.72791
74.52441	539.36060
75.15418	539.98407
75.79256	540.59875
76.43976	541.20404
77.09534	541.80035
77.75950	542.38708
78.43161	542.96460
79.11208	543.53241
79.80026	544.09082
80.49635	544.63922
81.19988	545.17810
81.91110	545.70685
82.62936	546.22589
83.35497	546.73462
84.08738	547.23358
84.82677	547.72205
85.57267	548.20056
86.32520	548.66852
87.08394	549.12646
87.84914	549.57355
88.62009	550.01050
89.39713	550.43658
90.17976	550.85242
90.96804	551.25720
91.76160	551.65179
92.56062	552.03510
93.36446	552.40814
94.17349	552.76984
94.98705	553.12109
95.80553	553.46106
96.62827	553.79041
97.45539	554.10840
98.28663	554.41577
99.12193	554.71167
99.96098	554.99683
100.80392	555.27051
101.65022	555.53339
102.50003	555.78467
103.35300	556.02515
104.20914	556.25397
105.06808	556.47192
105.92999	556.67822
106.79433	556.87347
107.66135	557.05707
108.53064	557.22961
109.40205	557.39044
110.27551	557.54028
111.15096	557.67822
112.02798	557.80505
112.90668	557.92010
113.78680	558.02399
114.66819	558.11609
115.55068	558.19696
116.43414	558.26617
117.31851	558.32385
118.20351	558.37000
119.08899	558.35858
119.97433	558.31915
120.85931	558.27252
121.74380	558.21820
122.62785	558.15570
123.51129	558.08582
124.39399	558.00720
125.27596	557.92059
126.15707	557.82574
127.03716	557.72186
127.91622	557.60962
128.79411	557.48865
129.67067	557.35815
130.54584	557.21881
131.41951	557.07037
132.29146	556.91193
133.16162	556.74414
134.02988	556.56689
134.89607	556.37958
135.76001	556.18201
136.62155	555.97455
137.48067	555.75708
138.33696	555.52899
139.19043	555.29034
140.04092	555.04114
140.88821	554.78162
141.73216	554.51123
142.57242	554.22961
143.40897	553.93713
144.24168	553.63391
145.07031	553.31970
145.89464	552.99445
146.71445	552.65790
147.52959	552.31012
148.33981	551.95129
149.14517	551.58136
149.94525	551.20038
150.73997	550.80829
151.52911	550.40497
152.31232	549.99042
153.08969	549.56494
153.86108	549.12860
154.62630	548.68176
155.38496	548.22357
156.13721	547.75519
156.88261	547.27588
157.62120	546.78619
158.35307	546.28656
159.07748	545.77606
159.79504	545.25592
160.50531	544.72607
161.20821	544.18628
161.90347	543.63678
162.59128	543.07806
163.27162	542.51013
163.94441	541.93329
164.60957	541.34772
165.26671	540.75317
165.91620	540.15021
166.55794	539.53906
167.19205	538.92004
167.81847	538.29321
168.43671	537.65826
169.04741	537.01599
169.65041	536.36670
170.24590	535.71033
170.83334	535.04681
171.41321	534.37671
171.98576	533.70020
172.55081	533.01752
173.10796	532.32843
173.65793	531.63348
174.20081	530.93304
174.73593	530.22668
175.26408	529.51495
175.78535	528.79834
176.29907	528.07623
176.80609	527.34937
177.30646	526.61798
177.79953	525.88159
178.28627	525.14099
178.76625	524.39612
179.23964	523.64691
179.70700	522.89392
180.16739	522.13672
180.62202	521.37598
181.07013	520.61151
181.51241	519.84351
181.94865	519.07208
182.37900	518.29742
182.80367	517.51959
183.22252	516.73859
183.63591	515.95477
184.04367	515.16791
184.44612	514.37836
184.84317	513.58612
185.23503	512.79126
185.62181	511.99390
186.00336	511.19403
186.38026	510.39191
186.75183	509.58740
187.11905	508.78085
187.48117	507.97198
187.83884	507.16119
188.19202	506.34845
188.54051	505.53360
188.88492	504.71710
189.22476	503.89859
189.56039	503.07840
189.89215	502.25668
190.21936	501.43307
190.54277	500.60797
190.86246	499.78143
191.17780	498.95325
191.48955	498.12369
191.79778	497.29282
192.10199	496.46039
192.40263	495.62683
192.69997	494.79193
192.99368	493.95581
193.28380	493.11850
193.57074	492.28003
193.85451	491.44046
194.13477	490.59976
194.41187	489.75793
194.68588	488.91522
194.95697	488.07147
195.22485	487.22672
195.48969	486.38104
195.75169	485.53439
196.01091	484.68689
196.26736	483.83868
196.52080	482.98944
196.77151	482.13943
197.01961	481.28870
197.26512	480.43713
197.50809	479.58496
197.74846	478.73193
197.98618	477.87817
198.22147	477.02380
198.45439	476.16879
198.68498	475.31302
198.91322	474.45676
199.13921	473.59985
199.36282	472.74228
199.58414	471.88419
199.80330	471.02548
200.02032	470.16629
200.23523	469.30655
200.44754	468.44614
200.65865	467.58548
200.86769	466.72424
201.07451	465.86249
201.27855	465.00012
201.48213	464.13757
201.68245	463.27429
201.88202	462.41089
202.07889	461.54681
202.27464	460.68250
202.46811	459.81772
202.66017	458.95255
202.85034	458.08704
203.03885	457.22107
203.22578	456.35480
203.41086	455.48810
203.59464	454.62112
203.77641	453.75375
203.95708	452.88620
204.13568	452.01819
204.31332	451.14996
204.48886	450.28137
204.66354	449.41254
204.83615	448.54330
205.00793	447.67386
205.17770	446.80405
205.34666	445.93414
205.51372	445.06378
205.67990	444.19327
205.84431	443.32251
206.00781	442.45148
206.16971	441.58020
206.33052	440.70877
206.49001	439.83698
206.64825	438.96500
206.80537	438.09290
206.96109	437.22046
207.11598	436.34790
207.26923	435.47501
207.42195	434.60208
207.57277	433.72882
207.72342	432.85544
207.87189	431.98175
208.02036	431.10809
208.16669	430.23404
208.31285	429.35995
208.45731	428.48563
208.60121	427.61118
208.74385	426.73654
208.88557	425.86172
209.02649	424.98682
209.16605	424.11169
209.30528	423.23645
209.44276	422.36096
209.58022	421.48550
209.71581	420.60971
209.85124	419.73389
209.98531	418.85791
210.11874	417.98178
210.25137	417.10556
210.38283	416.22919
210.51407	415.35272
210.64363	414.47607
210.77321	413.59937
210.90125	412.72244
211.02895	411.84552
211.15575	410.96841
211.28165	410.09116
211.40724	409.21393
211.53136	408.33646
211.65549	407.45895
211.77820	406.58130
211.90060	405.70358
212.02223	404.82581
212.14294	403.94785
212.26355	403.06982
212.38261	402.19171
212.50169	401.31351
212.61971	400.43515
212.73718	399.55682
212.85428	398.67834
212.97020	397.79974
213.08611	396.92117
213.20079	396.04242
213.31519	395.16357
213.42905	394.28473
213.54195	393.40573
213.65485	392.52679
213.76648	391.64761
213.87794	390.76843
213.98886	389.88925
214.09892	389.00989
214.20898	388.13049
214.31783	387.25104
214.42651	386.37149
214.53471	385.49188
214.64206	384.61224
214.74942	383.73254
214.85570	382.85278
214.96175	381.97293
215.06747	381.09305
215.17226	380.21310
215.27705	379.33310
215.38101	378.45291
215.48456	377.57281
215.58794	376.69266
215.68971	375.81229
215.79149	374.93198
215.89328	374.05161
215.99506	373.17126
216.09685	372.29095
216.19669	371.41037
216.29619	370.52982
216.39572	369.64920
216.49524	368.76859
216.59476	367.88800
216.69310	367.00726
216.79048	366.12637
216.88786	365.24557
216.98524	364.36472
217.08263	363.48386
217.17967	362.60300
217.27504	361.72192
217.37041	360.84091
217.46577	359.95981
217.56116	359.07874
217.65652	358.19772
217.75053	357.31647
217.84399	356.43518
217.93747	355.55396
218.03094	354.67267
218.12440	353.79138
218.21753	352.91013
218.30920	352.02866
218.40089	351.14719
218.49257	350.26575
218.58426	349.38428
218.67593	348.50287
218.76662	347.62128
218.85663	346.73962
218.94662	345.85803
219.03664	344.97638
219.12665	344.09473
219.21666	343.21313
219.30519	342.33142
219.39363	341.44962
219.48207	340.56787
219.57051	339.68607
219.65895	338.80432
219.74710	337.92245
219.83408	337.04050
219.92104	336.15860
220.00801	335.27667
220.09497	334.39471
220.18195	333.51282
220.26839	332.63083
220.35399	331.74872
220.43958	330.86670
220.52518	329.98462
220.61078	329.10254
220.69637	328.22049
220.78133	327.33835
220.86563	326.45621
220.94997	325.57401
221.03429	324.69180
221.11859	323.80963
221.20291	322.92743
221.28659	322.04520
221.36972	321.16293
221.45285	320.28061
221.53600	319.39828
221.61913	318.51602
221.70226	317.63370
221.78484	316.75131
221.86687	315.86890
221.94890	314.98657
222.03094	314.10416
222.11298	313.22174
222.19502	312.33929
222.27664	311.45685
222.35765	310.57446
222.43867	309.69196
222.51970	308.80942
222.60072	307.92691
222.68175	307.04440
222.76256	306.16180
222.84265	305.27933
222.92274	304.39673
223.00284	303.51413
223.08293	302.63153
223.16302	301.74893
223.24312	300.86642
223.32239	299.98370
223.40164	299.10101
223.48088	298.21832
223.56013	297.33566
223.63939	296.45297
223.71863	295.57040
223.79738	294.68768
223.87585	293.80493
223.95433	292.92218
224.03281	292.03943
224.11128	291.15668
224.18974	290.27405
224.26804	289.39136
224.34583	288.50854
224.42360	287.62573
224.50137	286.74292
224.57915	285.86023
224.65692	284.97742
224.73470	284.09460
224.81178	283.21173
224.88866	282.32883
224.96552	281.44595
225.04239	280.56317
225.11925	279.68030
225.19612	278.79739
225.27299	277.91452
225.34987	277.03162
225.42673	276.14883
225.50360	275.26596
225.58047	274.38306
225.65735	273.50018
225.73421	272.61728
225.81050	271.73438
225.88638	270.85153
225.96228	269.96857
226.03818	269.08560
226.11406	268.20261
226.18996	267.31964
226.26584	266.43680
226.34174	265.55380
226.41763	264.67084
226.49352	263.78787
226.56941	262.90488
226.64531	262.02191
226.72119	261.13907
226.79698	260.25604
226.87190	259.37299
226.94684	258.48993
227.02176	257.60687
227.09668	256.72382
227.17160	255.84087
227.24652	254.95781
227.32146	254.07475
227.39638	253.19170
227.47130	252.30864
227.54622	251.42570
227.62114	250.54265
227.69608	249.65959
227.77100	248.77654
227.84592	247.89348
227.92085	247.01042
227.99576	246.12749
228.07069	245.24443
228.14561	244.36136
228.22054	243.47830
228.29547	242.59525
228.37038	241.71231
228.44531	240.82925
228.52023	239.94620
228.59515	239.06314
228.67009	238.18008
228.74501	237.29703
228.81993	236.41409
228.89473	235.53105
228.96915	234.64795
229.04355	233.76485
229.11795	232.88174
229.19235	231.99876
229.26675	231.11566
229.34116	230.23256
229.41557	229.34946
229.48997	228.46635
229.56438	227.58325
229.63878	226.70027
229.71318	225.81717
229.78758	224.93408
229.86200	224.05098
229.93640	223.16788
230.01079	222.28490
230.08521	221.40179
230.15961	220.51869
230.23401	219.63559
230.30841	218.75249
230.38283	217.86938
230.45721	216.98640
230.53163	216.10330
230.60603	215.22020
230.68044	214.33710
230.75484	213.45399
230.82924	212.57101
230.90364	211.68791
230.97804	210.80481
231.05249	209.92163
231.12720	209.03856
231.20190	208.15549
231.27660	207.27252
231.35130	206.38945
231.42599	205.50638
231.50070	204.62329
231.57541	203.74022
231.65012	202.85715
231.72481	201.97418
231.79951	201.09111
231.87422	200.20804
231.94891	199.32497
232.02362	198.44188
232.09831	197.55893
232.17302	196.67586
232.24773	195.79277
232.32243	194.90970
232.39714	194.02663
232.47183	193.14355
232.54654	192.26059
232.62123	191.37752
232.69594	190.49445
232.77065	189.61136
232.84535	188.72829
232.92004	187.84534
232.99475	186.96227
233.06946	186.07918
233.14415	185.19611
233.21886	184.31303
233.29356	183.42995
233.36873	182.54707
233.44411	181.66406
233.51949	180.78104
233.59486	179.89803
233.67026	179.01500
233.74562	178.13211
233.82100	177.24908
233.89638	176.36607
233.97177	175.48305
234.04715	174.60004
234.12253	173.71701
234.19789	172.83412
234.27327	171.95110
234.34866	171.06807
234.42404	170.18506
234.49944	169.30206
234.57549	168.41910
234.65154	167.53625
234.72758	166.65331
234.80365	165.77034
234.87970	164.88737
234.95576	164.00443
235.03180	163.12158
235.10786	162.23862
235.18391	161.35565
235.25996	160.47270
235.33603	159.58974
235.41208	158.70677
235.48813	157.82393
235.56418	156.94098
235.64024	156.05801
235.71632	155.17499
235.79321	154.29210
235.87009	153.40933
235.94698	152.52644
236.02385	151.64355
236.10074	150.76067
236.17763	149.87778
236.25450	148.99489
236.33138	148.11212
236.40826	147.22923
236.48515	146.34634
236.56203	145.46346
236.63892	144.58057
236.71579	143.69780
236.79268	142.81491
236.86955	141.93201
236.94644	141.04912
237.02403	140.16629
237.10188	139.28349
237.17972	138.40080
237.25758	137.51801
237.33543	136.63519
237.41328	135.75240
237.49115	134.86958
237.56898	133.98691
237.64684	133.10410
237.72470	132.22130
237.80255	131.33849
237.88040	130.45569
237.95825	129.57289
238.03610	128.69020
238.11395	127.80740
238.19180	126.92459
238.26971	126.04190
238.34839	125.15916
238.42705	124.27656
238.50571	123.39382
238.58438	122.51109
238.66306	121.62836
238.74171	120.74563
238.82039	119.86290
238.89905	118.98029
238.97809	118.09758
239.05734	117.21490
239.13660	116.33221
239.21585	115.44954
239.29510	114.56686
239.37434	113.68430
239.45360	112.80162
239.53285	111.91894
239.61217	111.03626
239.69205	110.15364
239.77190	109.27113
239.85178	108.38851
239.93164	107.50589
240.01152	106.62327
240.09138	105.74064
240.17125	104.85802
240.25111	103.97552
240.33131	103.09292
240.41183	102.21036
240.49236	101.32779
240.57288	100.44523
240.65338	99.56278
240.73392	98.68022
240.81444	97.79765
240.89496	96.91508
240.97548	96.03252
241.71237	95.86890
242.59848	95.86890
243.48471	95.86890
244.37094	95.86890
245.25717	95.86890
246.14340	95.86890
247.02951	95.86890
247.91574	95.86890
248.80197	95.86890
249.68820	95.86890
250.57443	95.86890
251.46066	95.86890
252.34677	95.86890
253.23300	95.86890
254.11923	95.86890
255.00546	95.86890
255.89169	95.86890
256.77792	95.86890
257.66403	95.86890
258.55026	95.86890
259.43649	95.86890
260.32272	95.86890
261.20895	95.86890
262.09506	95.86890
262.98129	95.86890
263.86752	95.86890
264.75375	95.86890
265.63998	95.86890
266.52621	95.86890
267.41232	95.86890
268.29855	95.86890
269.18478	95.86890
270.07101	95.86890
270.95724	95.86890
271.84335	95.86890
272.72958	95.86890
273.61581	95.86890
274.50204	95.86890
275.38828	95.86890
276.27451	95.86890
277.16061	95.86890
278.04684	95.86890
278.93307	95.86890
279.81931	95.86890
280.70554	95.86890
281.59164	95.86890
282.47787	95.86890
283.36411	95.86890
284.25034	95.86890
285.13657	95.86890
286.02280	95.86890
286.90891	95.86890
287.79514	95.86890
288.68137	95.86890
289.56760	95.86890
290.45383	95.86890
291.33994	95.86890
292.22617	95.86890
293.11240	95.86890
293.99863	95.86890
294.88486	95.86890
295.77109	95.86890
296.65720	95.86890
297.54343	95.86890
298.42966	95.86890
299.31589	95.86890
300.20212	95.86890
301.08823	95.86890
301.97446	95.86890
302.86069	95.86890
303.74692	95.86890
304.63315	95.86890
305.51938	95.86890
306.40549	95.86890
307.29172	95.86890
308.17795	95.86890
309.06418	95.86890
309.95041	95.86890
310.83664	95.86890
311.72275	95.86890
312.60898	95.86890
313.49521	95.86890
314.38144	95.86890
315.26767	95.86890
316.15378	95.86890
317.04001	95.86890
317.92624	95.86890
318.81247	95.86890
319.69870	95.86890
320.58493	95.86890
321.47104	95.86890
322.35727	95.86890
323.24350	95.86890
324.12973	95.86890
325.01596	95.86890
325.90207	95.86890
326.78830	95.86890
327.67453	95.86890
328.56076	95.86890
329.44699	95.86890
330.33322	95.86890
331.21933	95.86890
332.10556	95.86890
332.99179	95.86890
333.87802	95.86890
334.76425	95.86890
335.65036	95.86890
336.53659	95.86890
337.42282	95.86890
338.30905	95.86890
339.19528	95.86890
340.08151	95.86890
340.96762	95.86890
341.85385	95.86890
342.74008	95.86890
343.62631	95.86890
344.51254	95.86890
345.39877	95.86890
346.28488	95.86890
347.17111	95.86890
348.05734	95.86890
348.94357	95.86890
349.82980	95.86890
350.71591	95.86890
351.60214	95.86890
352.48837	95.86890
353.37460	95.86890
354.26083	95.86890
355.14706	95.86890
356.03317	95.86890
356.91940	95.86890
357.80563	95.86890
358.69186	95.86890
359.57809	95.86890
360.46420	95.86890
361.35043	95.86890
362.23666	95.86890
363.12289	95.86890
364.00912	95.86890
364.89536	95.86890
365.78146	95.86890
365.75775	96.72757
365.70642	97.61230
365.65506	98.49705
365.60251	99.38172
365.54984	100.26626
365.49716	101.15092
365.44336	102.03551
365.38934	102.92009
365.33536	103.80467
365.28036	104.68916
365.22510	105.57355
365.16980	106.45805
365.11365	107.34257
365.05710	108.22699
365.00055	109.11141
364.94324	109.99570
364.88544	110.88004
364.82764	111.76438
364.76917	112.64867
364.71017	113.53294
364.65115	114.41720
364.59161	115.30125
364.53140	116.18544
364.47122	117.06963
364.41058	117.95380
364.34921	118.83791
364.28787	119.72189
364.22617	120.60593
364.16370	121.48995
364.10123	122.37398
364.03845	123.25800
363.97485	124.14194
363.91125	125.02576
363.84747	125.90965
363.78281	126.79352
363.71814	127.67738
363.65332	128.56134
363.58759	129.44513
363.52188	130.32880
363.45612	131.21248
363.38934	132.09619
363.32260	132.97990
363.25586	133.86362
363.18814	134.74718
363.12036	135.63081
363.05261	136.51445
362.98395	137.39806
362.91519	138.28162
362.84647	139.16518
362.77655	140.04851
362.70636	140.93195
362.63620	141.81540
362.56604	142.69885
362.49585	143.58229
362.42569	144.46562
362.35431	145.34898
362.28235	146.23230
362.21036	147.11560
362.13840	147.99890
362.06641	148.88220
361.99445	149.76538
361.92157	150.64862
361.84790	151.53177
361.77423	152.41493
361.70053	153.29810
361.62686	154.18114
361.55319	155.06430
361.47888	155.94742
361.40359	156.83044
361.32831	157.71347
361.25302	158.59651
361.17776	159.47942
361.10248	160.36244
361.02686	161.24536
360.95004	162.12825
360.87326	163.01115
360.79648	163.89404
360.71970	164.77682
360.64291	165.65973
360.56601	166.54263
360.48782	167.42540
360.40964	168.30818
360.33145	169.19083
360.25327	170.07361
360.17508	170.95638
360.09686	171.83916
360.01746	172.72183
359.93796	173.60448
359.85849	174.48701
359.77899	175.36967
359.69949	176.25233
359.62003	177.13499
359.53958	178.01753
359.45889	178.89996
359.37820	179.78252
359.29752	180.66507
359.21683	181.54761
359.13614	182.43016
359.05475	183.31267
358.97296	184.19499
358.89117	185.07744
358.80939	185.95988
358.72760	186.84233
358.64581	187.72478
358.56354	188.60710
358.48074	189.48946
358.39795	190.37181
358.31519	191.25418
358.23239	192.13654
358.14963	193.01889
358.06653	193.90109
357.98285	194.78336
357.89917	195.66563
357.81549	196.54790
357.73181	197.43018
357.64813	198.31232
357.56430	199.19452
357.47983	200.07672
357.39536	200.95891
357.31088	201.84111
357.22641	202.72330
357.14194	203.60538
357.05740	204.48761
356.97195	205.36972
356.88647	206.25182
356.80103	207.13391
356.71555	208.01590
356.63010	208.89799
356.54462	209.78009
356.45917	210.66219
356.37369	211.54430
356.28821	212.42639
356.20276	213.30836
356.11731	214.19048
356.03183	215.07257
355.94562	215.95457
355.85916	216.83658
355.77271	217.71858
355.68625	218.60046
355.59982	219.48247
355.51337	220.36447
355.42691	221.24648
355.34045	222.12848
355.25400	223.01036
355.16754	223.89236
355.08109	224.77437
354.99466	225.65637
354.90787	226.53835
354.82074	227.42029
354.73364	228.30211
354.64651	229.18404
354.55939	230.06598
354.47226	230.94792
354.38513	231.82985
354.29800	232.71167
354.21088	233.59361
354.12375	234.47554
354.03662	235.35748
353.94952	236.23943
353.86240	237.12135
353.77527	238.00317
353.68814	238.88512
353.60101	239.76704
353.51389	240.64899
353.42676	241.53091
353.33966	242.41273
353.25253	243.29468
353.16541	244.17661
353.07828	245.05855
352.99115	245.94049
352.90402	246.82242
352.81693	247.70424
352.72992	248.58621
352.64291	249.46817
352.55594	250.35013
352.46893	251.23207
352.38196	252.11403
352.29498	252.99585
352.20798	253.87781
352.12100	254.75975
352.03400	255.64171
351.94702	256.52365
351.86005	257.40549
351.77304	258.28745
351.68646	259.16931
351.60013	260.05133
351.51376	260.93335
351.42740	261.81537
351.34103	262.69724
351.25470	263.57925
351.16833	264.46127
351.08197	265.34329
350.99561	266.22531
350.90927	267.10718
350.82291	267.98920
350.73654	268.87122
350.65057	269.75333
350.56525	270.63544
350.47992	271.51755
350.39462	272.39954
350.30930	273.28165
350.22397	274.16376
350.13864	275.04587
350.05331	275.92798
349.96802	276.81000
349.88269	277.69211
349.79736	278.57422
349.71204	279.45633
349.62683	280.33850
349.54254	281.22073
349.45825	282.10281
349.37396	282.98502
349.28967	283.86725
349.20538	284.74945
349.12109	285.63156
349.03763	286.51373
348.95416	287.39603
348.87070	288.27832
348.78723	289.16061
348.70377	290.04291
348.62030	290.92520
348.53766	291.80750
348.45511	292.68985
348.37256	293.57224
348.29001	294.45462
348.20749	295.33701
348.12494	296.21924
348.04321	297.10162
347.96167	297.98410
347.88016	298.86658
347.79861	299.74905
347.71710	300.63153
347.63559	301.51389
347.55481	302.39651
347.47443	303.27911
347.39404	304.16168
347.31366	305.04425
347.23328	305.92682
347.15289	306.80930
347.07318	307.69189
346.99402	308.57458
346.91489	309.45728
346.83572	310.33997
346.75656	311.22253
346.67740	312.10522
346.59885	312.98798
346.52106	313.87079
346.44324	314.75360
346.36542	315.63641
346.28760	316.51907
346.20978	317.40189
346.13248	318.28467
346.05612	319.16760
345.97974	320.05054
345.90335	320.93335
345.82700	321.81628
345.75061	322.69922
345.67462	323.58224
345.59976	324.46530
345.52493	325.34839
345.45010	326.23132
345.37527	327.11438
345.30045	327.99744
345.22583	328.88049
345.15265	329.76370
345.07947	330.64676
345.00629	331.52997
344.93311	332.41318
344.85989	333.29639
344.78680	334.17966
344.71536	335.06302
344.64395	335.94623
344.57251	336.82959
344.50110	337.71292
344.42966	338.59628
344.35822	339.47961
344.28812	340.36298
344.21805	341.24631
344.14801	342.12976
344.07883	343.01340
344.00970	343.89691
343.94061	344.78046
343.87238	345.66388
343.80426	346.54749
343.73615	347.43109
343.66888	348.31482
343.60178	349.19852
343.53467	350.08218
343.46838	350.96576
343.40231	351.84952
343.33624	352.73328
343.27097	353.61710
343.20593	354.50095
343.14093	355.38464
343.07669	356.26862
343.01276	357.15253
342.94882	358.03647
342.88565	358.92035
342.82285	359.80432
342.76001	360.68820
342.69794	361.57236
342.63623	362.45642
342.57455	363.34052
342.51358	364.22461
342.45309	365.10864
342.39258	365.99280
342.33273	366.87704
342.27341	367.76129
342.21408	368.64551
342.15543	369.52979
342.09735	370.41400
342.03925	371.29831
341.98178	372.18265
341.92493	373.06708
341.86807	373.95148
341.81183	374.83588
341.75623	375.72034
341.70062	376.60483
341.64563	377.48929
341.59134	378.37387
341.53705	379.25842
341.48334	380.14294
341.43036	381.02759
341.37741	381.91223
341.32495	382.79691
341.27335	383.68161
341.22177	384.56622
341.17062	385.45108
341.12042	386.33588
341.07019	387.22070
341.02042	388.10550
340.97162	388.99039
340.92282	389.87515
340.87445	390.75998
340.82706	391.64496
340.77966	392.52991
340.73270	393.41495
340.68677	394.29999
340.64084	395.18491
340.59531	396.06992
340.55087	396.95505
340.50644	397.84015
340.46234	398.72537
340.41943	399.61044
340.37653	400.49564
340.33392	401.38071
340.29254	402.26596
340.25116	403.15125
340.21008	404.03659
340.17029	404.92181
340.13046	405.80713
340.09094	406.69247
340.05273	407.57788
340.01453	408.46329
339.97656	409.34854
339.94000	410.23401
339.90341	411.11948
339.86707	412.00497
339.83212	412.89053
339.79721	413.77606
339.76245	414.66147
339.72922	415.54709
339.69595	416.43268
339.66287	417.31842
339.63132	418.20407
339.59979	419.08963
339.56839	419.97522
339.53860	420.86096
339.50879	421.74667
339.47913	422.63242
339.45108	423.51819
339.42303	424.40387
339.39508	425.28970
339.36884	426.17554
339.34256	427.06137
339.31641	427.94714
339.29196	428.83304
339.26752	429.71881
339.24313	430.60477
339.22055	431.49072
339.19794	432.37665
339.17538	433.26266
339.15466	434.14853
339.13394	435.03452
339.11328	435.92050
339.09445	436.80652
339.07565	437.69254
339.05685	438.57855
339.03995	439.46448
339.02304	440.35056
339.00674	441.23660
339.02682	442.12268
339.05112	443.00851
339.07965	443.89423
339.11237	444.77972
339.14938	445.66522
339.19070	446.55048
339.23639	447.43558
339.28641	448.32040
339.34085	449.20480
339.39975	450.08908
339.46313	450.97308
339.53098	451.85663
339.60339	452.73993
339.68036	453.62265
339.76196	454.50513
339.84821	455.38712
339.93915	456.26874
340.03473	457.14972
340.13513	458.03030
340.24023	458.91013
340.35019	459.78949
340.46497	460.66830
340.58466	461.54633
340.70953	462.42374
340.83939	463.30026
340.97427	464.17624
341.11414	465.05133
341.25903	465.92557
341.40903	466.79907
341.56415	467.67163
341.72440	468.54315
341.88980	469.41376
342.06070	470.28336
342.23712	471.15182
342.41879	472.01920
342.60571	472.88538
342.79803	473.75052
342.99570	474.61447
343.19876	475.47711
343.40750	476.33838
343.62207	477.19818
343.84213	478.05658
344.06775	478.91360
344.29889	479.76917
344.53564	480.62320
344.77820	481.47549
345.02686	482.32611
345.28116	483.17496
345.54120	484.02225
345.80688	484.86765
346.07840	485.71130
346.35638	486.55270
346.64017	487.39218
346.92978	488.22977
347.22519	489.06525
347.52679	489.89871
347.83484	490.72961
348.14877	491.55838
348.46860	492.38480
348.79437	493.20889
349.12692	494.03030
349.46555	494.84930
349.81018	495.66583
350.16071	496.47961
350.51816	497.29059
350.88177	498.09875
351.25150	498.90427
351.62720	499.70685
352.00995	500.50613
352.39880	501.30243
352.79370	502.09573
353.19504	502.88580
353.60327	503.67252
354.01752	504.45593
354.43784	505.23605
354.86517	506.01233
355.29889	506.78528
355.73865	507.55469
356.18503	508.32025
356.63812	509.08191
357.09723	509.83984
357.56268	510.59390
358.03513	511.34366
358.51364	512.08960
358.99838	512.83160
359.49017	513.56879
359.98795	514.30194
360.49179	515.03082
361.00281	515.75500
361.51974	516.47485
362.04282	517.19019
362.57278	517.90027
363.10880	518.60614
363.65094	519.30719
364.19980	520.00293
364.75452	520.69409
365.31561	521.38007
365.88303	522.06061
366.45630	522.73651
367.03604	523.40680
367.62180	524.07178
368.21332	524.73181
368.81143	525.38562
369.41522	526.03424
370.02484	526.67743
370.64090	527.31464
371.26230	527.94641
371.88983	528.57214
372.52310	529.19202
373.16174	529.80634
373.80673	530.41418
374.45706	531.01630
375.11288	531.61230
375.77438	532.20184
376.44107	532.78577
377.11359	533.36285
377.79129	533.93390
378.47409	534.49884
379.16260	535.05682
379.85580	535.60883
380.55441	536.15405
381.25815	536.69287
381.96652	537.22528
382.68024	537.75061
383.39841	538.26965
384.12161	538.78180
384.84961	539.28729
385.58197	539.78644
386.31937	540.27795
387.06091	540.76312
387.80688	541.24133
388.55746	541.71259
389.31195	542.17737
390.07120	542.63452
390.83432	543.08521
391.60150	543.52893
392.37265	543.96527
393.14764	544.39520
393.92682	544.81750
394.70953	545.23303
395.49591	545.64185
396.28601	546.04297
397.07950	546.43750
397.87671	546.82471
398.67722	547.20483
399.48090	547.57837
400.28818	547.94403
401.09821	548.30310
401.91162	548.65509
402.72809	548.99969
403.54727	549.33789
404.36957	549.66833
405.19446	549.99182
406.02206	550.30884
406.85260	550.61798
407.68555	550.92053
408.52097	551.21619
409.35913	551.50439
410.19925	551.78607
411.04187	552.06055
411.88681	552.32794
412.73373	552.58881
413.58295	552.84235
414.43399	553.08899
415.28711	553.32928
416.14221	553.56201
416.99908	553.78821
417.85751	554.00793
418.71805	554.22021
419.57993	554.42603
420.44342	554.62555
421.30847	554.81750
422.17511	555.00330
423.04297	555.18262
423.91226	555.35468
424.78275	555.52045
425.65454	555.68005
426.52747	555.83240
427.40167	555.97852
428.27673	556.11847
429.15277	556.25165
430.02997	556.37830
430.90793	556.49890
431.78668	556.61316
432.66638	556.72064
433.54681	556.82220
434.42770	556.91779
435.30954	557.00647
436.19186	557.08923
437.07471	557.16614
437.95813	557.23682
438.84189	557.30109
439.72623	557.35962
440.61090	557.41241
441.49585	557.45868
442.38113	557.49908
443.26669	557.53387
444.15231	557.56299
445.03827	557.58557
445.92429	557.60266
446.81049	557.61426
447.69638	557.63776
448.58218	557.65912
449.46835	557.67426
450.35455	557.68311
451.24072	557.68536
452.12695	557.68152
453.01315	557.67084
453.89911	557.65411
454.78500	557.63031
455.67068	557.60016
456.55615	557.56329
457.44128	557.51959
458.32596	557.46960
459.21033	557.41217
460.09430	557.34833
460.97763	557.27747
461.86041	557.19952
462.74265	557.11511
463.62390	557.02325
464.50470	556.92444
465.38464	556.81903
466.26355	556.70575
467.14160	556.58569
468.01852	556.45868
468.89447	556.32404
469.76932	556.18243
470.64297	556.03381
471.51538	555.87738
472.38638	555.71387
473.25592	555.54327
474.12399	555.36505
474.99054	555.17944
475.85556	554.98669
476.71896	554.78662
477.58032	554.57880
478.44000	554.36377
479.29791	554.14142
480.15381	553.91162
481.00763	553.67419
481.85947	553.42950
482.70895	553.17761
483.55634	552.91809
484.40143	552.65094
485.24402	552.37665
486.08429	552.09503
486.92218	551.80615
487.75711	551.50952
488.58960	551.20563
489.41949	550.89447
490.24649	550.57617
491.07071	550.25049
491.89185	549.91736
492.71017	549.57703
493.52539	549.22961
494.33759	548.87506
495.14676	548.51343
495.95248	548.14453
496.75488	547.76862
497.55414	547.38556
498.34991	546.99573
499.14243	546.59882
499.93127	546.19513
500.71643	545.78442
501.49814	545.36676
502.27618	544.94250
503.05060	544.51160
503.82126	544.07404
504.58820	543.62988
505.35104	543.17914
506.11011	542.72174
506.86523	542.25793
507.61649	541.78784
508.36380	541.31146
509.10703	540.82880
509.84613	540.33997
510.58118	539.84479
511.31207	539.34357
512.03870	538.83643
512.76129	538.32318
513.47961	537.80420
514.19373	537.27942
514.90350	536.74890
515.60907	536.21265
516.31030	535.67059
517.00708	535.12299
517.69946	534.57007
518.38757	534.01154
519.07129	533.44775
519.75073	532.87860
520.42572	532.30432
521.09613	531.72498
521.76215	531.14032
522.42377	530.55072
523.08087	529.95612
523.73364	529.35663
524.38184	528.75238
525.02563	528.14343
525.66492	527.52966
526.29987	526.91138
526.93011	526.28845
527.55597	525.66089
528.17731	525.02911
528.79413	524.39294
529.40662	523.75238
530.01471	523.10760
530.61829	522.45868
531.21741	521.80566
531.81195	521.14868
532.40210	520.48749
532.98779	519.82245
533.56915	519.15350
534.14612	518.48077
534.71857	517.80444
535.28668	517.12427
535.85052	516.44049
536.40985	515.75311
536.96478	515.06207
537.51532	514.36761
538.06146	513.66986
538.60339	512.96863
539.14099	512.26416
539.67444	511.55634
540.20349	510.84549
540.72839	510.13144
541.24896	509.41437
541.76544	508.69409
542.27765	507.97098
542.78577	507.24481
543.28961	506.51584
543.78937	505.78397
544.28497	505.04932
544.77631	504.31177
545.26349	503.57147
545.74652	502.82849
546.22540	502.08298
546.70038	501.33472
547.17126	500.58401
547.63818	499.83078
548.10114	499.07504
548.56018	498.31696
549.01514	497.55652
549.46619	496.79367
549.91333	496.02850
550.35657	495.26114
550.79590	494.49146
551.23145	493.71964
551.66302	492.94577
552.09082	492.16962
552.51453	491.39120
552.93451	490.61084
553.35065	489.82840
553.76300	489.04413
554.17175	488.25769
554.57660	487.46948
554.97791	486.67920
555.37549	485.88718
555.76935	485.09335
556.15948	484.29770
556.54608	483.50021
556.92908	482.70102
557.30841	481.90005
557.68408	481.09750
558.05621	480.29327
558.42474	479.48730
558.78979	478.67975
559.15112	477.87054
559.50891	477.05969
559.86310	476.24738
560.21375	475.43362
560.56104	474.61826
560.90485	473.80142
561.24518	472.98322
561.58215	472.16348
561.91559	471.34241
562.24561	470.51996
562.57220	469.69608
562.89539	468.87112
563.21527	468.04446
563.53168	467.21686
563.84479	466.38760
564.15454	465.55728
564.46100	464.72571
564.76404	463.89291
565.06372	463.05899
565.36011	462.22375
565.65314	461.38745
565.94293	460.54999
566.22943	459.71140
566.51257	458.87173
566.79248	458.03079
567.06915	457.18887
567.34253	456.34586
567.61255	455.50198
567.87946	454.65686
568.14301	453.81076
568.40344	452.96356
568.66046	452.11551
568.91425	451.26642
569.16486	450.41641
569.41223	449.56555
569.65631	448.71353
569.89722	447.86053
570.13489	447.00687
570.36920	446.15228
570.60046	445.29669
570.82843	444.44028
571.05316	443.58295
571.27460	442.72498
571.49286	441.86591
571.70782	441.00656
571.91962	440.14584
572.12805	439.28445
572.33331	438.42230
572.53528	437.55957
572.73401	436.69592
572.92950	435.83142
573.12177	434.96637
573.31067	434.10056
573.49634	433.23380
573.67859	432.36667
573.85760	431.49850
574.03320	430.63031
574.20551	429.76099
574.37439	428.89084
574.53979	428.02017
574.70172	427.14886
574.86029	426.27695
575.01538	425.40445
575.16711	424.53119
575.31531	423.65756
575.46002	422.78329
575.60132	421.90826
575.73865	421.03302
575.87250	420.15695
576.00262	419.28036
576.12915	418.40335
576.25201	417.52563
576.37128	416.64734
576.48639	415.76865
576.59760	414.88937
576.70502	414.00980
576.80865	413.12970
576.90839	412.24890
577.00354	411.36813
577.09467	410.48651
577.18170	409.60471
577.26465	408.72229
577.34283	407.83963
577.41669	406.95633
577.48621	406.07294
577.55096	405.18903
577.61072	404.30478
577.66602	403.42041
577.71619	402.53561
577.76105	401.65073
577.80121	400.76532
577.83527	399.87982
577.86420	398.99414
577.88721	398.10815
577.90430	397.22211
577.91534	396.33603
577.91986	395.44971
577.20660	395.27710
576.32037	395.27710
575.43414	395.27710
574.54816	395.27710
573.66193	395.27710
572.77570	395.27710
571.88947	395.27710
571.00323	395.27710
570.11700	395.27710
569.23077	395.27710
568.34454	395.27710
567.45831	395.27710
566.57208	395.27710
565.68585	395.27710
564.79987	395.27710
563.91364	395.27710
563.02740	395.27710
562.14117	395.27710
561.25494	395.27710
560.36871	395.27710
559.48248	395.27710
558.59625	395.27710
557.71002	395.27710
556.82379	395.27710
556.45111	395.81802
556.40057	396.70273
556.34406	397.58710
556.28168	398.47110
556.21344	399.35474
556.13916	400.23788
556.05872	401.12033
555.97211	402.00247
555.87927	402.88376
555.78003	403.76443
555.67438	404.64423
555.56213	405.52328
555.44318	406.40125
555.31744	407.27869
555.18500	408.15494
555.04559	409.03003
554.89923	409.90411
554.74573	410.77689
554.58496	411.64859
554.41705	412.51862
554.24158	413.38739
554.05865	414.25443
553.86810	415.12006
553.66992	415.98380
553.46387	416.84552
553.24994	417.70544
553.02795	418.56351
552.79785	419.41928
552.55945	420.27283
552.31268	421.12399
552.05737	421.97266
551.79358	422.81879
551.52112	423.66187
551.23987	424.50241
550.94977	425.33978
550.65076	426.17389
550.34259	427.00479
550.02515	427.83224
549.69836	428.65604
549.36218	429.47577
549.01648	430.29184
548.66125	431.10370
548.29639	431.91147
547.92157	432.71454
547.53680	433.51276
547.14215	434.30627
546.73761	435.09448
546.32294	435.87781
545.89771	436.65530
545.46234	437.42728
545.01691	438.19330
544.56110	438.95334
544.09448	439.70688
543.61755	440.45380
543.13037	441.19397
542.63257	441.92722
542.12396	442.65292
541.60504	443.37125
541.07581	444.08188
540.53564	444.78436
539.98486	445.47888
539.42395	446.16501
538.85242	446.84235
538.27045	447.51065
537.67834	448.16998
537.07593	448.81995
536.46313	449.46017
535.84052	450.09067
535.20807	450.71124
534.56531	451.32141
533.91302	451.92133
533.25128	452.51089
532.57996	453.08917
531.89929	453.65671
531.20966	454.21347
530.51086	454.75854
529.80347	455.29224
529.08759	455.81461
528.36322	456.32516
527.63080	456.82373
526.89044	457.31064
526.14240	457.78577
525.38641	458.24860
524.62354	458.69928
523.85352	459.13803
523.07684	459.56476
522.29321	459.97894
521.50348	460.38092
520.70758	460.77084
519.90594	461.14865
519.09900	461.51401
518.28619	461.86716
517.46826	462.20834
516.64539	462.53754
515.81793	462.85474
514.98596	463.16006
514.14978	463.45355
513.30939	463.73505
512.46533	464.00485
511.61752	464.26315
510.76642	464.51004
509.91238	464.74551
509.05493	464.96982
508.19464	465.18304
507.33179	465.38525
506.46664	465.57657
505.59900	465.75723
504.72913	465.92731
503.85751	466.08691
502.98401	466.23627
502.10858	466.37546
501.23193	466.50458
500.35410	466.62384
499.47461	466.73349
498.59396	466.83359
497.71262	466.92426
496.83002	467.00552
495.94672	467.07758
495.06271	467.14072
494.17828	467.19504
493.29306	467.24078
492.40717	467.26273
491.52106	467.26593
490.63501	467.26080
489.74893	467.24658
488.86301	467.22421
487.97739	467.19220
487.09210	467.15204
486.20718	467.10199
485.32294	467.04248
484.43945	466.97330
483.55688	466.89420
482.67517	466.80502
481.79449	466.70554
480.91516	466.59558
480.03738	466.47491
479.16089	466.34332
478.28619	466.20059
477.41354	466.04657
476.54291	465.88104
475.67462	465.70380
474.80890	465.51471
473.94583	465.31357
473.08560	465.10013
472.22861	464.87442
471.37503	464.63602
470.52536	464.38480
469.67950	464.12076
468.83774	463.84378
468.00021	463.55350
467.16772	463.24994
466.34000	462.93304
465.51779	462.60278
464.70093	462.25879
463.89005	461.90137
463.08521	461.53015
462.28693	461.14529
461.49551	460.74701
460.71115	460.33487
459.93372	459.90918
459.16415	459.46970
458.40237	459.01700
457.64871	458.55054
456.90350	458.07108
456.16702	457.57825
455.43921	457.07254
454.72070	456.55368
454.01138	456.02240
453.31210	455.47858
452.62204	454.92242
451.94214	454.35410
451.27200	453.77396
450.61230	453.18219
449.96292	452.57925
449.32404	451.96518
448.69556	451.34033
448.07773	450.70493
447.47055	450.05939
446.87415	449.40390
446.28851	448.73892
445.71375	448.06461
445.14948	447.38123
444.59598	446.68896
444.05316	445.98853
443.52118	445.27979
442.99957	444.56326
442.48865	443.83914
441.98804	443.10776
441.49792	442.36954
441.01807	441.62439
440.54889	440.87296
440.08878	440.11545
439.63934	439.35156
439.19949	438.58221
438.76895	437.80774
438.34866	437.02747
437.93738	436.24249
437.53525	435.45273
437.14267	434.65811
436.75858	433.85947
436.38385	433.05652
436.01767	432.24979
435.65979	431.43887
435.31073	430.62445
434.96924	429.80646
434.63672	428.98517
434.31143	428.16068
433.99460	427.33319
433.68488	426.50281
433.38309	425.66956
433.08832	424.83374
432.80112	423.99530
432.52081	423.15488
432.24771	422.31183
431.98099	421.46649
431.72147	420.61917
431.46796	419.76993
431.22153	418.91879
430.98077	418.06577
430.74680	417.21103
430.51852	416.35486
430.29626	415.49677
430.07993	414.63745
429.86893	413.77667
429.66415	412.91473
429.46429	412.05127
429.27011	411.18655
429.08121	410.32074
428.89706	409.45398
428.71857	408.58572
428.54474	407.71692
428.37564	406.84692
428.21167	405.97598
428.05206	405.10410
427.89703	404.23163
427.74692	403.35852
427.60086	402.48428
427.45901	401.60953
427.32175	400.73389
427.18851	399.85797
427.05911	398.98105
426.93408	398.10379
426.81293	397.22592
426.69540	396.34744
426.58170	395.46854
426.47195	394.58902
426.36572	393.70966
426.26285	392.82925
426.16364	391.94855
426.06802	391.06757
425.97565	390.18613
425.88647	389.30441
425.80066	388.42233
425.71820	387.54013
425.63876	386.65744
425.56229	385.77444
425.48877	384.89124
425.41852	384.00797
425.35117	383.12448
425.28656	382.24063
425.22470	381.35651
425.16556	380.47211
425.10934	379.58783
425.05582	378.70306
425.00479	377.81830
424.95633	376.93356
424.91034	376.04840
424.86685	375.16333
424.82599	374.27820
424.78778	373.39279
424.75174	372.50729
424.71796	371.62164
424.68594	370.73599
424.65710	369.85031
424.62921	368.96457
424.60489	368.07867
424.58170	367.19284
424.56110	366.30685
424.54242	365.42075
424.52548	364.53494
424.51117	363.64868
424.49780	362.76254
424.48770	361.87640
424.47824	360.99036
424.47168	360.10413
424.46622	359.21786
424.46295	358.33163
424.46133	357.44547
424.46130	356.55923
424.46338	355.67307
424.46646	354.78708
424.47211	353.90091
424.47827	353.01471
424.48737	352.12845
424.49686	351.24234
424.50888	350.35620
424.52164	349.46985
424.53650	348.58374
424.55243	347.69778
424.57004	346.81174
424.58899	345.92575
424.60928	345.04001
424.63120	344.15399
424.65414	343.26807
424.67883	342.38217
424.70432	341.49631
424.73175	340.61057
424.75974	339.72479
424.78976	338.83887
424.82016	337.95316
424.85275	337.06757
424.88550	336.18195
424.92050	335.29675
424.95566	334.41129
424.99292	333.52582
425.03040	332.64020
425.06985	331.75485
425.10956	330.86960
425.15109	329.98434
425.19296	329.09909
425.23660	328.21396
425.28055	327.32886
425.32617	326.44379
425.37210	325.55908
425.41965	324.67413
425.46753	323.78915
425.51697	322.90430
425.56674	322.01938
425.61801	321.13461
425.66956	320.24991
425.72260	319.36530
425.77588	318.48059
425.83066	317.59604
425.88559	316.71164
425.94202	315.82721
425.99857	314.94299
426.05661	314.05865
426.11475	313.17426
426.17435	312.29004
426.23395	311.40579
426.29507	310.52179
426.35620	309.63766
426.41870	308.75360
426.48129	307.86960
426.54514	306.98581
426.60916	306.10190
426.67426	305.21820
426.73965	304.33438
426.80649	303.45059
426.87384	302.56693
426.94119	301.68326
427.00858	300.79959
427.07727	299.91605
427.14709	299.03256
427.21695	298.14911
427.28677	297.26563
427.35739	296.38226
427.42947	295.49921
427.50159	294.61594
427.57373	293.73264
427.64609	292.84949
427.72031	291.96637
427.79456	291.08325
427.86877	290.20013
427.94302	289.31702
428.01895	288.43393
428.09512	287.55099
428.17133	286.66803
428.24747	285.78534
428.32471	284.90237
428.40268	284.01959
428.48062	283.13681
428.55859	282.25400
428.63699	281.37137
428.71658	280.48871
428.79617	279.60608
428.87573	278.72342
428.95532	277.84076
429.03632	276.95813
429.11734	276.07584
429.19836	275.19333
429.27939	274.31082
429.36124	273.42847
429.44357	272.54605
429.52591	271.66367
429.60822	270.78125
429.69086	269.89899
429.77435	269.01669
429.85785	268.13440
429.94135	267.25211
430.02481	266.37006
430.10959	265.48779
430.19449	264.60562
430.27942	263.72348
430.36435	262.84131
430.44925	261.95917
430.53418	261.07703
430.61908	260.19485
430.70401	259.31271
430.78900	258.43057
430.87534	257.54858
430.96164	256.66681
431.04797	255.78479
431.13431	254.90277
431.22064	254.02075
431.30698	253.13873
431.39331	252.25673
431.47964	251.37471
431.56613	250.49272
431.65332	249.61079
431.74051	248.72885
431.82767	247.84692
431.91483	246.96524
432.00201	246.08331
432.08920	245.20137
432.17639	244.31944
432.26358	243.43752
432.35080	242.55556
432.43817	241.67365
432.52551	240.79173
432.61288	239.90982
432.70023	239.02791
432.78760	238.14600
432.87497	237.26408
432.96231	236.38240
433.04965	235.50049
433.13702	234.61858
433.22440	233.73666
433.31174	232.85475
433.39911	231.97284
433.48645	231.09093
433.57382	230.20901
433.66119	229.32709
433.74854	228.44518
433.83591	227.56326
433.92313	226.68169
434.00958	225.79968
434.09604	224.91768
434.18250	224.03568
434.26895	223.15367
434.35541	222.27167
434.44186	221.38966
434.52832	220.50766
434.61481	219.62566
434.70123	218.74353
434.78638	217.86139
434.87149	216.97951
434.95663	216.09738
435.04178	215.21524
435.12692	214.33311
435.21210	213.45099
435.29724	212.56885
435.38239	211.68672
435.46753	210.80460
435.55151	209.92249
435.63535	209.04024
435.71918	208.15797
435.80301	207.27597
435.88654	206.39366
435.96933	205.51131
436.05209	204.62895
436.13489	203.74660
436.21768	202.86424
436.29962	201.98184
436.38123	201.09938
436.46283	200.21692
436.54443	199.33446
436.62589	198.45184
436.70618	197.56950
436.78650	196.68690
436.86679	195.80432
436.94711	194.92174
437.02664	194.03925
437.10550	193.15654
437.18436	192.27382
437.26321	191.39111
437.34207	190.50839
437.41949	189.62552
437.49677	188.74266
437.57404	187.86005
437.65134	186.97720
437.72806	186.09430
437.80365	185.21129
437.87921	184.32829
437.95480	183.44528
438.03040	182.56229
438.10468	181.67896
438.17844	180.79579
438.25217	179.91264
438.32593	179.02948
438.39944	178.14658
438.47119	177.26326
438.54297	176.37993
438.61472	175.49661
438.68649	174.61330
438.75723	173.72989
438.82687	172.84639
438.89651	171.96291
438.96619	171.07942
439.03583	170.19592
439.10352	169.31245
439.17090	168.42905
439.23831	167.54538
439.30573	166.66171
439.37265	165.77797
439.43829	164.89418
439.50391	164.01038
439.56839	163.12637
439.63278	162.24249
439.69638	161.35849
439.75952	160.47450
439.82220	159.59052
439.88406	158.70670
439.94583	157.82263
440.00635	156.93846
440.06686	156.05431
440.12634	155.17010
440.18549	154.28584
440.24399	153.40173
440.30173	152.51738
440.35925	151.63290
440.41556	150.74846
440.47189	149.86403
440.52692	148.97969
440.58176	148.09515
440.63574	147.21068
440.68909	146.32605
440.74200	145.44147
440.79376	144.55675
440.84555	143.67203
440.89581	142.78709
440.94598	141.90228
440.99509	141.01743
441.04364	140.13254
441.09158	139.24759
441.13846	138.36285
441.18521	137.47792
441.23041	136.59285
441.27560	135.70778
441.31943	134.82259
441.36292	133.93742
441.40549	133.05215
441.44714	132.16690
441.48843	131.28163
441.52829	130.39630
441.56815	129.51097
441.60623	128.62593
441.64426	127.74052
441.68103	126.85492
441.71713	125.96942
441.75253	125.08406
441.78671	124.19849
441.82071	123.31272
441.85294	122.42708
441.88516	121.54144
441.91571	120.65575
441.94589	119.77003
441.97495	118.88458
442.00311	117.99879
442.03067	117.11293
442.05673	116.22708
442.08273	115.34135
442.10666	114.45544
442.13055	113.56954
442.15283	112.68350
442.17456	111.79753
442.19519	110.91154
442.21472	110.02554
442.23370	109.13968
442.25095	108.25362
442.26819	107.36755
442.28320	106.48163
442.29816	105.59553
442.31137	104.70940
442.32397	103.82326
442.33542	102.93701
442.34558	102.05084
442.35522	101.16479
442.36298	100.27859
442.37073	99.39264
442.37601	98.50633
442.38129	97.62012
443.04913	97.40417
443.93536	97.40917
444.82159	97.41418
445.70779	97.41919
446.59399	97.42419
447.48022	97.42920
448.36646	97.43420
449.25269	97.43922
450.13864	97.44422
451.02484	97.44923
451.91107	97.45423
452.79730	97.45924
453.68350	97.46425
454.56970	97.46925
455.45593	97.47427
456.34216	97.47927
457.22836	97.48428
458.11459	97.48929
459.00079	97.49429
459.88678	97.49930
460.77298	97.50430
461.65921	97.50932
462.54541	97.51432
463.43164	97.51933
464.31787	97.52434
465.20407	97.52934
466.09027	97.53435
466.97650	97.53935
467.86273	97.54436
468.74893	97.54937
469.63492	97.55437
470.52112	97.55939
471.40735	97.56439
472.29355	97.56940
473.17978	97.57440
474.06598	97.57941
474.95221	97.58442
475.83844	97.58942
476.72464	97.59444
477.61084	97.59944
478.49707	97.60445
479.38330	97.60946
480.26926	97.61446
481.15549	97.61947
482.04169	97.62447
482.92792	97.62949
483.81412	97.63449
484.70035	97.63950
485.58655	97.64451
486.47278	97.64951
487.35901	97.65452
488.24521	97.65952
489.13141	97.66454
490.01740	97.66954
490.90363	97.67455
491.78983	97.67955
492.67603	97.68456
493.56226	97.68957
494.44849	97.69457
495.33469	97.69958
496.22092	97.70459
497.10712	97.70959
497.99335	97.71461
498.87955	97.71961
499.76553	97.72462
500.65173	97.72962
501.53796	97.73463
502.42419	97.73964
503.31039	97.74464
504.19659	97.74966
505.08282	97.75466
505.96906	97.75967
506.85526	97.76467
507.74149	97.76968
508.62769	97.77469
509.51367	97.77969
510.39987	97.78470
511.28610	97.78971
512.17230	97.79472
513.05853	97.79972
513.94476	97.80473
514.83093	97.80974
515.71716	97.81474
516.60339	97.81976
517.48962	97.82476
518.37585	97.82977
519.26178	97.83477
520.14801	97.83978
521.03424	97.84479
521.92047	97.84979
522.80664	97.85480
523.69287	97.85981
524.57910	97.86481
525.46533	97.86982
526.35156	97.87483
527.23773	97.87984
528.12396	97.88484
529.00995	97.88985
529.89618	97.89486
530.78235	97.89986
531.66858	97.90487
532.55481	97.90988
533.44104	97.91489
534.32721	97.91989
535.21344	97.92490
536.09967	97.92991
536.98590	97.93491
537.87207	97.93993
538.75806	97.94493
539.64429	97.94994
540.53052	97.95494
541.41675	97.95995
542.30292	97.96496
543.18915	97.96996
544.07538	97.97498
544.96161	97.97998
545.84778	97.98499
546.73401	97.98999
547.62024	97.99500
548.50623	98.00001
549.39240	98.00501
550.27863	98.01002
551.16486	98.01503
552.05109	98.02003
552.93732	98.02504
553.82349	98.03005
554.70972	98.03506
555.59595	98.04006
556.48218	98.04507
557.36835	98.05008
558.25433	98.05508
559.14056	98.06009
560.02679	98.06510
560.91296	98.07011
561.79919	98.07511
562.68542	98.08012
563.57166	98.08513
564.45789	98.09013
565.34406	98.09514
566.23029	98.10015
567.11652	98.10516
568.00250	98.11016
568.88867	98.11517
569.77490	98.12018
570.66113	98.12518
571.54736	98.13019
572.43353	98.13520
573.31976	98.14021
574.20599	98.14521
575.09222	98.15022
575.97845	98.15523
576.86462	98.16023
577.75085	98.16525
577.91394	97.44969
577.90613	96.56349
577.89825	95.67730
577.89044	94.79110
577.88257	93.90491
577.87476	93.01871
577.86688	92.13251
577.85907	91.24632
577.85120	90.36012
577.84338	89.47392
577.83551	88.58773
577.82770	87.70178
577.81982	86.81558
577.81201	85.92939
577.80414	85.04319
577.79633	84.15700
577.78845	83.27080
577.78064	82.38461
577.77277	81.49841
577.76495	80.61221
577.75708	79.72601
577.74927	78.83982
577.74139	77.95387
577.73358	77.06767
577.72571	76.18148
577.71790	75.29528
577.71002	74.40909
577.70221	73.52290
577.69434	72.63670
577.68652	71.75050
577.67865	70.86430
577.67084	69.97811
577.66296	69.09191
577.65515	68.20596
577.64728	67.31976
577.63947	66.43357
577.63159	65.54738
577.62378	64.66118
577.61591	63.77499
577.60809	62.88879
577.60022	62.00259
577.59241	61.11639
577.58453	60.23020
577.57672	59.34400
577.56885	58.45805
577.56104	57.57185
577.55316	56.68566
577.54535	55.79947
577.53748	54.91327
577.52966	54.02708
577.52179	53.14088
577.51398	52.25468
577.50610	51.36848
577.49829	50.48229
577.49042	49.59609
577.48260	48.71014
577.47473	47.82394
577.46692	46.93775
577.45905	46.05156
577.45123	45.16536
577.44336	44.27917
577.43555	43.39297
577.42767	42.50677
577.41986	41.62057
577.41199	40.73438
577.40417	39.84819
577.39630	38.96223
577.38849	38.07604
577.38062	37.18984
577.37280	36.30365
577.36493	35.41745
577.35712	34.53126
577.34924	33.64506
577.34143	32.75887
577.33356	31.87267
577.32574	30.98647
577.31787	30.10028
577.31006	29.21432
577.30219	28.32813
577.29437	27.44193
577.28650	26.55574
577.27869	25.66954
577.27081	24.78335
577.26300	23.89715
577.25513	23.01096
577.24731	22.12476
577.23944	21.23856
577.23163	20.35237
577.22375	19.46617
577.21594	18.58022
577.20807	17.69402
577.20026	16.80783
577.19238	15.92163
577.18457	15.03544
577.17670	14.14924
577.16888	13.26305
577.16101	12.37685
577.00879	11.63565
576.12262	11.63110
575.23639	11.62655
574.35040	11.62200
573.46417	11.61745
572.57794	11.61290
571.69177	11.60835
570.80554	11.60379
569.91931	11.59924
569.03308	11.59469
568.14685	11.59014
567.26068	11.58559
566.37445	11.58104
565.48822	11.57649
564.60223	11.57194
563.71600	11.56738
562.82977	11.56283
561.94360	11.55828
561.05737	11.55373
560.17114	11.54918
559.28491	11.54463
558.39868	11.54008
557.51251	11.53552
556.62628	11.53097
555.74005	11.52642
554.85406	11.52187
553.96783	11.51732
553.08167	11.51277
552.19543	11.50822
551.30920	11.50367
550.42303	11.49873
549.53680	11.49374
548.65057	11.48875
547.76434	11.48376
546.87817	11.47878
545.99194	11.47379
545.10596	11.46880
544.21973	11.46381
543.33356	11.45883
542.44733	11.45384
541.56110	11.44885
540.67487	11.44386
539.78864	11.43888
538.90247	11.43389
538.01624	11.42890
537.13000	11.42391
536.24377	11.41893
535.35785	11.41394
534.47162	11.40895
533.58539	11.40397
532.69916	11.39898
531.81299	11.39399
530.92676	11.38900
530.04053	11.38402
529.15430	11.37903
528.26807	11.37404
527.38190	11.36905
526.49567	11.36407
525.60950	11.35884
524.72327	11.35349
523.83710	11.34813
522.95087	11.34277
522.06464	11.33742
521.17841	11.33206
520.29224	11.32671
519.40601	11.32135
518.51978	11.31599
517.63354	11.31064
516.74738	11.30528
515.86139	11.29992
514.97516	11.29457
514.08893	11.28921
513.20276	11.28386
512.31653	11.27850
511.43030	11.27314
510.54410	11.26779
509.65790	11.26243
508.77167	11.25707
507.88547	11.25172
506.99924	11.24636
506.11328	11.24101
505.22705	11.23565
504.34085	11.23029
503.45462	11.22494
502.56842	11.21958
501.68219	11.21422
500.79599	11.20887
499.90976	11.20351
499.02356	11.19815
498.13733	11.19280
497.25113	11.18744
496.36517	11.18209
495.47894	11.17673
494.59274	11.17137
493.70651	11.16602
492.82031	11.16066
491.93408	11.15530
491.04788	11.14995
490.16165	11.14459
489.27545	11.13924
488.38922	11.13388
487.50302	11.12852
486.61679	11.12317
485.73083	11.11781
484.84460	11.11246
483.95840	11.10710
483.07217	11.10174
482.18597	11.09639
481.29974	11.09103
480.41354	11.08567
479.52734	11.08032
478.64111	11.07495
477.75491	11.06955
476.86871	11.06415
475.98273	11.05875
475.09653	11.05335
474.21030	11.04795
473.32410	11.04255
472.43787	11.03715
471.55167	11.03175
470.66544	11.02635
469.77924	11.02095
468.89301	11.01555
468.00681	11.01015
467.12057	11.00475
466.23462	10.99935
465.34842	10.99395
464.46219	10.98855
463.57599	10.98315
462.68976	10.97775
461.80356	10.97235
460.91733	10.96695
460.03113	10.96155
459.14490	10.95615
458.25870	10.95074
457.37247	10.94534
456.48651	10.93995
455.60034	10.93474
454.71414	10.92956
453.82791	10.92438
452.94171	10.91920
452.05548	10.91403
451.16928	10.90885
450.28305	10.90367
449.39685	10.89849
448.51062	10.89331
447.62442	10.88814
446.73843	10.88296
445.85223	10.87778
444.96600	10.87260
444.07980	10.86743
443.19357	10.86225
442.30737	10.85707
441.42114	10.85189
440.53494	10.84672
439.64871	10.84154
438.76251	10.83636
437.87628	10.83118
436.99033	10.82601
436.10410	10.82083
435.21790	10.81565
434.33167	10.81063
433.44543	10.80576
432.55923	10.80088
431.67300	10.79601
430.78680	10.79113
429.90057	10.78625
429.01437	10.78138
428.12814	10.77650
427.24219	10.77163
426.35596	10.76675
425.46973	10.76187
424.58353	10.75700
423.69739	10.75232
422.81116	10.74772
421.92496	10.74312
421.03873	10.73852
420.15250	10.73393
419.26630	10.72933
418.38007	10.72473
417.49408	10.72013
416.60788	10.71553
415.72165	10.71093
414.83545	10.70634
413.94925	10.70181
413.06305	10.69775
412.17682	10.69370
411.29059	10.68964
410.40436	10.68558
409.51816	10.68152
408.63193	10.67747
407.74570	10.67341
406.85974	10.66935
405.97351	10.66529
405.08728	10.66124
404.20108	10.65718
403.31485	10.65312
402.42862	10.64906
401.54239	10.64501
400.65619	10.64095
399.76996	10.63689
398.88373	10.63283
397.99753	10.62878
397.11154	10.62472
396.22531	10.62066
395.33911	10.61660
394.45288	10.61255
393.56653	10.60892
392.68030	10.60555
391.79407	10.60217
390.90784	10.59879
390.02164	10.59541
389.13541	10.59204
388.24918	10.58866
387.36319	10.58528
386.47699	10.58191
385.59076	10.57853
384.70453	10.57515
383.81836	10.57217
382.93213	10.56934
382.04590	10.56652
381.15967	10.56369
380.27344	10.56086
379.38721	10.55803
378.50098	10.55520
377.61502	10.55237
376.72879	10.54955
375.84256	10.54672
374.95627	10.54391
374.07004	10.54171
373.18381	10.53950
372.29758	10.53730
371.41135	10.53510
370.52515	10.53290
369.63892	10.53070
368.75269	10.52849
367.86670	10.52629
366.98047	10.52409
366.09424	10.52189
365.20807	10.52008
364.32184	10.51859
363.43561	10.51709
362.54938	10.51560
361.66315	10.51411
360.77692	10.51262
359.89069	10.51112
359.00446	10.50963
358.11847	10.50814
357.23224	10.50665
356.34589	10.50538
355.45966	10.50469
354.57343	10.50399
353.68719	10.50329
352.80096	10.50259
351.91473	10.50190
351.02850	10.50120
350.14227	10.50050
349.25604	10.49981
348.37006	10.49911
347.48395	10.49863
346.59772	10.49882
345.71149	10.49901
344.82526	10.49920
343.93903	10.49939
343.05280	10.49958
342.16656	10.49977
341.28033	10.49996
340.39410	10.50015
339.50787	10.50034
338.62198	10.50093
337.73575	10.50210
336.84952	10.50328
335.96329	10.50445
335.07706	10.50563
334.19083	10.50681
333.30460	10.50798
332.41837	10.50916
331.53214	10.51033
330.64590	10.51151
329.75967	10.51352
328.87369	10.51578
327.98746	10.51804
327.10123	10.52031
326.21503	10.52257
325.32880	10.52483
324.44257	10.52710
323.55634	10.52936
322.67010	10.53163
321.78378	10.53419
320.89755	10.53733
320.01135	10.54048
319.12537	10.54363
318.23914	10.54678
317.35287	10.55037
316.46664	10.55414
315.58044	10.55792
314.69421	10.56169
313.80811	10.56553
312.92191	10.56997
312.03568	10.57440
311.14944	10.57883
310.26324	10.58326
309.37701	10.58808
308.49106	10.59320
307.60483	10.59831
306.71863	10.60343
305.83231	10.60860
304.94611	10.61444
304.05991	10.62027
303.17368	10.62610
302.28748	10.63194
301.40125	10.63825
300.51505	10.64483
299.62885	10.65141
298.74286	10.65799
297.85672	10.66476
296.97052	10.67213
296.08432	10.67949
295.19812	10.68685
294.31192	10.69422
293.42575	10.70231
292.53955	10.71049
291.65335	10.71867
290.76718	10.72685
289.88098	10.73554
288.99503	10.74456
288.10886	10.75359
287.22266	10.76262
286.33643	10.77196
285.45026	10.78187
284.56409	10.79178
283.67789	10.80169
282.79178	10.81175
281.90564	10.82259
281.01947	10.83342
280.13330	10.84425
279.24722	10.85509
278.36108	10.86688
277.47495	10.87867
276.58878	10.89046
275.70264	10.90226
274.81665	10.91494
273.93051	10.92773
273.04437	10.94052
272.15826	10.95331
271.27209	10.96697
270.38596	10.98080
269.50009	10.99462
268.61395	11.00845
267.72775	11.02317
266.84164	11.03807
265.95554	11.05298
265.06943	11.06788
264.18344	11.08375
263.29736	11.09978
262.41129	11.11580
261.52521	11.13183
260.63910	11.14895
259.75327	11.16613
258.86722	11.18332
257.98120	11.20058
257.09518	11.21898
256.20914	11.23738
255.32309	11.25577
254.43690	11.27447
253.55090	11.29412
252.66489	11.31377
251.77887	11.33342
250.89296	11.35365
250.00722	11.37459
249.12123	11.39554
248.23524	11.41650
247.34932	11.43840
246.46336	11.46070
245.57742	11.48300
244.69141	11.50531
243.80550	11.52901
242.91959	11.55271
242.03368	11.57641
241.14783	11.60063
240.26219	11.62577
239.37633	11.65092
238.49045	11.67607
237.60448	11.70234
236.71864	11.72900
235.83281	11.75565
234.94711	11.78258
234.06134	11.81079
233.17555	11.83900
232.28978	11.86721
231.40387	11.89648
230.51814	11.92630
229.63266	11.95612
228.74695	11.98623
227.86128	12.01772
226.97560	12.04921
226.08994	12.08071
225.20442	12.11346
224.31882	12.14669
223.43321	12.17991
222.54756	12.21373
221.66202	12.24874
220.77649	12.28376
219.89119	12.31876
219.00568	12.35558
218.12022	12.39245
217.23476	12.42932
216.34949	12.46744
215.46411	12.50622
214.57874	12.54501
213.69322	12.58456
212.80792	12.62532
211.92264	12.66609
211.03752	12.70715
210.15257	12.74996
209.26738	12.79278
208.38219	12.83559
207.49707	12.88043
206.61197	12.92537
205.72688	12.97031
204.84186	13.01700
203.95688	13.06413
203.07190	13.11126
202.18703	13.15954
201.30200	13.20853
200.41743	13.25849
199.53268	13.30953
198.64796	13.36127
197.76324	13.41301
196.87868	13.46577
195.99406	13.51939
195.10953	13.57417
194.22493	13.62966
193.34045	13.68579
192.45607	13.74308
191.57176	13.80116
190.68773	13.85991
189.80353	13.91981
188.91939	13.98062
188.03545	14.04216
187.15143	14.10474
186.26755	14.16842
185.38359	14.23290
184.49977	14.29827
183.61604	14.36498
182.73241	14.43253
181.84879	14.50096
180.96555	14.57064
180.08208	14.64144
179.19884	14.71316
178.31558	14.78586
177.43239	14.86008
176.54938	14.93528
175.66647	15.01149
174.78363	15.08888
173.90096	15.16774
173.01833	15.24767
172.13570	15.32872
171.25352	15.41101
170.37129	15.49486
169.48923	15.57988
168.60733	15.66610
167.72530	15.75357
166.84357	15.84279
165.96205	15.93329
165.08060	16.02511
164.19914	16.11827
163.31798	16.21297
162.43695	16.30937
161.55661	16.40714
160.67570	16.50644
159.79539	16.60717
158.91508	16.70956
158.03510	16.81381
157.15518	16.91966
156.27531	17.02714
155.39590	17.13624
154.51669	17.24701
153.63765	17.35970
152.75888	17.47435
151.88051	17.59077
151.00226	17.70903
150.12430	17.82914
149.24640	17.95119
148.36900	18.07515
147.49179	18.20123
146.61493	18.32953
145.73828	18.45991
144.86182	18.59241
143.98598	18.72703
143.11046	18.86384
142.23529	19.00288
141.36038	19.14424
140.48599	19.28791
139.61185	19.43398
138.73811	19.58250
137.86487	19.73365
136.99203	19.88735
136.11984	20.04360
135.24779	20.20254
134.37654	20.36411
133.50563	20.52844
132.63525	20.69557
131.76587	20.86546
130.89673	21.03833
130.02805	21.21418
129.16005	21.39305
128.29269	21.57501
127.42599	21.76012
126.55989	21.94846
125.69463	22.14005
124.83018	22.33496
123.96652	22.53327
123.10364	22.73505
122.24151	22.94039
121.38036	23.14930
120.52015	23.36196
119.66071	23.57858
118.80242	23.79900
117.94501	24.02336
117.08870	24.25168
116.23350	24.48405
115.37938	24.72056
114.52634	24.96129
113.67487	25.20620
112.82448	25.45552
111.97547	25.70978
111.12796	25.96853
110.28171	26.23194
109.43718	26.49994
108.59387	26.77264
107.75222	27.05054
106.91264	27.33357
106.07455	27.62167
105.23821	27.91518
104.40394	28.21393
103.57173	28.51809
102.74145	28.82788
101.91324	29.14330
101.08715	29.46455
100.26346	29.79161
99.44224	30.12455
98.62337	30.46370
97.80726	30.80874
96.99377	31.16029
96.18296	31.51811
95.37504	31.88232
94.57030	32.25315
93.76852	32.63058
92.96995	33.01465
92.17455	33.40584
91.38283	33.80374
90.59452	34.20864
89.80977	34.62065
89.02898	35.03992
88.25214	35.46638
87.47938	35.90009
86.71069	36.34121
85.94662	36.78957
85.18671	37.24559
84.43137	37.70929
83.68085	38.18051
82.93503	38.65945
82.19425	39.14600
81.45871	39.64016
80.72832	40.14207
80.00327	40.65176
79.28386	41.16904
78.56988	41.69420
77.86185	42.22692
77.15953	42.76746
76.46324	43.31561
75.77310	43.87133
75.08888	44.43486
74.41106	45.00583
73.73978	45.58413
73.07474	46.17002
72.41626	46.76323
71.76456	47.36354
71.11938	47.97124
70.48118	48.58580
69.84947	49.20759
69.22470	49.83613
68.60691	50.47128
67.99583	51.11322
67.39166	51.76163
66.79446	52.41636
66.20412	53.07738
65.62065	53.74455
65.04407	54.41768
64.47450	55.09650
63.91165	55.78120
63.35583	56.47114
62.80659	57.16668
62.26406	57.86744
61.72823	58.57320
61.19894	59.28397
60.67615	59.99953
60.15970	60.71986
59.64970	61.44456
59.14584	62.17382
58.64853	62.90715
58.15683	63.64465
57.67147	64.38589
57.19172	65.13090
56.71795	65.87981
56.24941	66.63223
55.78688	67.38822
55.32932	68.14713
54.87766	68.90960
54.43071	69.67483
53.98919	70.44325
53.55237	71.21450
53.12050	71.98834
52.69366	72.76461
52.27085	73.54357
51.85312	74.32517
51.43948	75.10878
51.03006	75.89493
50.62501	76.68303
50.22371	77.47303
49.82660	78.26537
49.43315	79.05949
49.04312	79.85548
48.65719	80.65323
48.27461	81.45228
47.89518	82.25302
47.51930	83.05560
47.14637	83.85963
46.77638	84.66486
46.40961	85.47171
46.04564	86.27969
45.68420	87.08906
45.32563	87.89938
44.96969	88.71101
44.61607	89.52373
44.26490	90.33710
43.91607	91.15189
43.56951	91.96748
43.22501	92.78391
42.88240	93.60138
42.54188	94.41968
42.20333	95.23869
41.86661	96.05830
41.53193	96.87894
41.19805	97.69987
40.86676	98.52179
40.53635	99.34387
40.20761	100.16688
39.88026	100.99046
39.55385	101.81439
39.22935	102.63905
38.90537	103.46406
38.58312	104.28962
38.26165	105.11541
37.94123	105.94169
37.62195	106.76831
37.30321	107.59524
36.98588	108.42253
36.66883	109.25002
36.35300	110.07806
36.03754	110.90618
35.72295	111.73470
35.40905	112.56359
35.09603	113.39270
34.78301	114.22181
34.46999	115.05092
34.15823	115.88050
33.84685	116.71023
33.53556	117.53973
33.22418	118.36945
32.91421	119.19977
32.60426	120.03003
32.29432	120.86030
31.98438	121.69057
31.67444	122.52083
31.36450	123.35110
31.05456	124.18136
30.74469	125.01169
30.43507	125.84207
30.12554	126.67223
29.81592	127.50262
29.50630	128.33301
29.19668	129.16339
28.88707	129.99377
28.57745	130.82416
28.26771	131.65439
27.95724	132.48447
27.64678	133.31453
27.33632	134.14461
27.02576	134.97478
26.71428	135.80420
26.40272	136.63387
26.09116	137.46352
25.77960	138.29318
25.46691	139.12213
25.15388	139.95123
24.84085	140.78035
24.52782	141.60945
24.21400	142.43852
23.89965	143.26712
23.58498	144.09552
23.26964	144.92375
22.95422	145.75168
22.63781	146.57950
22.32140	147.40732
22.00391	148.23474
21.68634	149.06212
21.36795	149.88913
21.04916	150.71603
20.72980	151.54276
20.40972	152.36916
20.08940	153.19556
19.76795	154.02142
19.44658	154.84708
19.12391	155.67253
18.80102	156.49785
18.47738	157.32278
18.15299	158.14751
17.82835	158.97212
17.50240	159.79623
17.17644	160.62035
16.84920	161.44392
16.52162	162.26740
16.19340	163.09052
15.86423	163.91309
15.53497	164.73589
15.20399	165.55803
14.87299	166.38013
14.54107	167.20169
14.20828	168.02306
13.87532	168.84444
13.54068	169.66505
13.20604	170.48569
12.87028	171.30585
12.53375	172.12569
12.19710	172.94536
11.85863	173.76440
11.52016	174.58345
11.18062	175.40196
10.84016	176.22018