23.00000	65.00000
22.93634	65.07781
22.87196	65.15502
22.80674	65.23153
22.74075	65.30737
22.67400	65.38255
22.60643	65.45699
22.53815	65.53078
22.46903	65.60378
22.39923	65.67613
22.32862	65.74770
22.25731	65.81855
22.18523	65.88863
22.11243	65.95798
22.03891	66.02654
21.96467	66.09432
21.88972	66.16133
21.81406	66.22752
21.73772	66.29294
21.66065	66.35750
21.58293	66.42126
21.50451	66.48416
21.42544	66.54626
21.34567	66.60744
21.26528	66.66782
21.18421	66.72726
21.10252	66.78586
21.02017	66.84353
20.93721	66.90031
20.85361	66.95615
20.76940	67.01106
20.68459	67.06505
20.59916	67.11804
20.51318	67.17013
20.42656	67.22116
20.33940	67.27127
20.25164	67.32030
20.16334	67.36837
20.07448	67.41538
19.98507	67.46134
19.89514	67.50628
19.80465	67.55008
19.71367	67.59286
19.62215	67.63448
19.53015	67.67499
19.43767	67.71442
19.34469	67.75265
19.25122	67.78967
19.15731	67.82555
19.06293	67.86019
18.96814	67.89366
18.87291	67.92588
18.77726	67.95683
18.68120	67.98650
18.58475	68.01486
18.48793	68.04192
18.39073	68.06761
18.29319	68.09193
18.19530	68.11486
18.09712	68.13645
17.99862	68.15657
17.89983	68.17523
17.80078	68.19242
17.70148	68.20811
17.60195	68.22227
17.50221	68.23487
17.40228	68.24590
17.30219	68.25531
17.20196	68.26310
17.10162	68.26922
17.00118	68.27368
16.90069	68.27641
16.80016	68.27740
16.69963	68.27662
16.59913	68.27405
16.49869	68.26966
16.39836	68.26339
16.29815	68.25526
16.19812	68.24523
16.09831	68.23326
15.99874	68.21933
15.89948	68.20342
15.80055	68.18552
15.70202	68.16557
15.60392	68.14358
15.50631	68.11952
15.40924	68.09339
15.31276	68.06513
15.21692	68.03477
15.12178	68.00228
15.02740	67.96767
14.93383	67.93091
14.84114	67.89198
14.74938	67.85092
14.65860	67.80773
14.56886	67.76241
14.48023	67.71497
14.39276	67.66541
14.30652	67.61375
14.22154	67.56004
14.13789	67.50428
14.05561	67.44652
13.97477	67.38675
13.89541	67.32504
13.81756	67.26143
13.74127	67.19597
13.66659	67.12866
13.59355	67.05959
13.52216	66.98881
13.45249	66.91634
13.38453	66.84225
13.31829	66.76662
13.25385	66.68946
13.19116	66.61088
13.13026	66.53088
13.07115	66.44957
13.01384	66.36697
12.95831	66.28317
12.90459	66.19820
12.85263	66.11214
12.80248	66.02501
12.75408	65.93689
12.70742	65.84784
12.66253	65.75789
12.61935	65.66711
12.57786	65.57553
12.53805	65.48322
12.49990	65.39021
12.46339	65.29654
12.42850	65.20226
12.39519	65.10740
12.36344	65.01201
12.33323	64.91613
12.30452	64.81978
12.27729	64.72301
12.25151	64.62583
12.22716	64.52829
12.20422	64.43041
12.18265	64.33222
12.16242	64.23374
12.14350	64.13501
12.12587	64.03603
12.10952	63.93684
12.09439	63.83745
12.08048	63.73788
12.06777	63.63816
12.05619	63.53829
12.04578	63.43830
12.03646	63.33820
12.02824	63.23800
12.02108	63.13773
12.01498	63.03738
12.00987	62.93697
12.00580	62.83652
12.00267	62.73604
12.00053	62.63553
11.99932	62.53500
11.99900	62.43447
11.99961	62.33393
12.00114	62.23341
12.00372	62.13292
12.00742	62.03245
12.01228	61.93203
12.01828	61.83168
12.02548	61.73141
12.03391	61.63123
12.04355	61.53116
12.05451	61.43122
12.06672	61.33143
12.08029	61.23182
12.09516	61.13239
12.11146	61.03319
12.12913	60.93422
12.14823	60.83552
12.16880	60.73711
12.19082	60.63902
12.21436	60.54129
12.23943	60.44393
12.26605	60.34698
12.29422	60.25048
12.32400	60.15446
12.35541	60.05896
12.38844	59.96401
12.42312	59.86965
12.45946	59.77591
12.49748	59.68285
12.53719	59.59049
12.57859	59.49888
12.62171	59.40806
12.66652	59.31807
12.71305	59.22896
12.76129	59.14075
12.81124	59.05351
12.86289	58.96726
12.91625	58.88205
12.97128	58.79793
13.02797	58.71490
13.08631	58.63303
13.14629	58.55235
13.20788	58.47290
13.27105	58.39469
13.33577	58.31776
13.40204	58.24216
13.46978	58.16788
13.53899	58.09496
13.60964	58.02344
13.68166	57.95330
13.75505	57.88460
13.82975	57.81732
13.90572	57.75148
13.98294	57.68710
14.06133	57.62416
14.14089	57.56270
14.22155	57.50269
14.30328	57.44416
14.38603	57.38707
14.46978	57.33146
14.55447	57.27729
14.64007	57.22456
14.72653	57.17327
14.81383	57.12341
14.90191	57.07495
14.99075	57.02789
15.08031	56.98222
15.17055	56.93792
15.26145	56.89497
15.35297	56.85336
15.44507	56.81307
15.53773	56.77407
15.63095	56.73641
15.72463	56.69994
15.81880	56.66474
15.91343	56.63079
16.00847	56.59804
16.10392	56.56645
16.19973	56.53602
16.29593	56.50680
16.39245	56.47870
16.48929	56.45169
16.58642	56.42577
16.68383	56.40092
16.78152	56.37717
16.87945	56.35445
16.97762	56.33273
17.07599	56.31202
17.17457	56.29229
17.27335	56.27357
17.37230	56.25580
17.47141	56.23897
17.57068	56.22306
17.67008	56.20805
17.76962	56.19394
17.86928	56.18072
17.96905	56.16837
18.06893	56.15688
18.16890	56.14624
18.26895	56.13643
18.36908	56.12745
18.46928	56.11926
18.56955	56.11188
18.66986	56.10529
18.77023	56.09947
18.87063	56.09442
18.97108	56.09013
19.07155	56.08660
19.17204	56.08383
19.27256	56.08179
19.37308	56.08048
19.47361	56.07995
19.57415	56.08009
19.67468	56.08093
19.77520	56.08247
19.87571	56.08479
19.97620	56.08781
20.07666	56.09152
20.17710	56.09594
20.27750	56.10113
20.37786	56.10698
20.47817	56.11362
20.57844	56.12096
20.67864	56.12911
20.77878	56.13804
20.87883	56.14778
20.97881	56.15839
21.07867	56.16994
21.17840	56.18261
21.27796	56.19659
21.31213	56.12271
21.32809	56.02346
21.34456	55.92428
21.36153	55.82519
21.37900	55.72618
21.39698	55.62727
21.41546	55.52845
21.43446	55.42973
21.45397	55.33111
21.47400	55.23259
21.49454	55.13418
21.51561	55.03588
21.53720	54.93769
21.55931	54.83962
21.58195	54.74167
21.60512	54.64384
21.62883	54.54614
21.65306	54.44857
21.67783	54.35114
21.70313	54.25384
21.72898	54.15669
21.75537	54.05968
21.78230	53.96282
21.80977	53.86611
21.83779	53.76956
21.86635	53.67317
21.89548	53.57695
21.92518	53.48090
21.95542	53.38503
21.98622	53.28933
22.01757	53.19381
22.04948	53.09846
22.08195	53.00332
22.11497	52.90837
22.14856	52.81361
22.18270	52.71906
22.21741	52.62470
22.25268	52.53056
22.28851	52.43663
22.32491	52.34291
22.36189	52.24942
22.39945	52.15618
22.43759	52.06316
22.47629	51.97037
22.51556	51.87783
22.55540	51.78552
22.59580	51.69347
22.63677	51.60165
22.67831	51.51011
22.72041	51.41882
22.76312	51.32780
22.80641	51.23707
22.85028	51.14661
22.89470	51.05642
22.93969	50.96652
22.98525	50.87690
23.03137	50.78757
23.07806	50.69854
23.12536	50.60983
23.17323	50.52142
23.22167	50.43332
23.27066	50.34554
23.32022	50.25807
23.37033	50.17092
23.42101	50.08409
23.47231	49.99763
23.52416	49.91150
23.57656	49.82570
23.62952	49.74024
23.68302	49.65513
23.73708	49.57037
23.79174	49.48600
23.84695	49.40198
23.90271	49.31833
23.95901	49.23504
24.01585	49.15211
24.07324	49.06957
24.13123	48.98745
24.18975	48.90570
24.24879	48.82433
24.30837	48.74335
24.36847	48.66277
24.42916	48.58261
24.49037	48.50286
24.55211	48.42352
24.61436	48.34458
24.67712	48.26604
24.74045	48.18797
24.80431	48.11031
24.86866	48.03307
24.93352	47.95626
24.99887	47.87986
25.06479	47.80396
25.13120	47.72849
25.19810	47.65344
25.26549	47.57883
25.33338	47.50469
25.40180	47.43103
25.47069	47.35781
25.54005	47.28504
25.60988	47.21272
25.68024	47.14090
25.75107	47.06955
25.82235	46.99866
25.89409	46.92823
25.96631	46.85830
26.03901	46.78886
26.11216	46.71989
26.18575	46.65139
26.25978	46.58338
26.33430	46.51590
26.40924	46.44889
26.48461	46.38235
26.56040	46.31630
26.63667	46.25080
26.71335	46.18579
26.79044	46.12126
26.86793	46.05721
26.94589	45.99373
27.02424	45.93074
27.10298	45.86823
27.18211	45.80622
27.26169	45.74478
27.34164	45.68384
27.42197	45.62339
27.50268	45.56345
27.58381	45.50407
27.66530	45.44520
27.74715	45.38683
27.82936	45.32897
27.91198	45.27168
27.99495	45.21490
28.07825	45.15862
28.16191	45.10288
28.24595	45.04770
28.33032	44.99302
28.41500	44.93885
28.50005	44.88523
28.58544	44.83216
28.67114	44.77961
28.75715	44.72756
28.84351	44.67609
28.93018	44.62515
29.01715	44.57472
29.10442	44.52481
29.19203	44.47549
29.27992	44.42669
29.36809	44.37839
29.45657	44.33065
29.54534	44.28347
29.63439	44.23680
29.72370	44.19065
29.81331	44.14509
29.90320	44.10005
29.99333	44.05553
30.08373	44.01154
30.17442	43.96814
30.26534	43.92525
30.35651	43.88288
30.44794	43.84107
30.53961	43.79982
30.63152	43.75907
30.72366	43.71885
30.81606	43.67923
30.90867	43.64012
31.00150	43.60152
31.09456	43.56349
31.18785	43.52602
31.28134	43.48906
31.37503	43.45261
31.46896	43.41677
31.56309	43.38144
31.65739	43.34662
31.75192	43.31237
31.84663	43.27866
31.94153	43.24548
32.03661	43.21281
32.13189	43.18074
32.22734	43.14918
32.32296	43.11813
32.41877	43.08767
32.51474	43.05773
32.61087	43.02831
32.70717	42.99944
32.80364	42.97113
32.90025	42.94333
32.99701	42.91604
33.09394	42.88936
33.19100	42.86319
33.28821	42.83752
33.38556	42.81244
33.48305	42.78788
33.58067	42.76384
33.67842	42.74034
33.77631	42.71741
33.87431	42.69500
33.97242	42.67310
34.07068	42.65179
34.16904	42.63099
34.26750	42.61069
34.36609	42.59100
34.46477	42.57182
34.56356	42.55315
34.66245	42.53505
34.76144	42.51749
34.86052	42.50044
34.95968	42.48396
35.05894	42.46802
35.15829	42.45259
35.25771	42.43770
35.35722	42.42339
35.45681	42.40958
35.55646	42.39631
35.65619	42.38362
35.75598	42.37144
35.85584	42.35979
35.95576	42.34872
36.05574	42.33817
36.15577	42.32814
36.25586	42.31871
36.35600	42.30979
36.45618	42.30140
36.55641	42.29360
36.65668	42.28631
36.75698	42.27956
36.85733	42.27340
36.95771	42.26776
37.05811	42.26266
37.15855	42.25814
37.25900	42.25414
37.35947	42.25069
37.45996	42.24783
37.56047	42.24548
37.66098	42.24371
37.76151	42.24250
37.86205	42.24181
37.96258	42.24172
38.06311	42.24218
38.16364	42.24316
38.26416	42.24476
38.36467	42.24690
38.46517	42.24958
38.56565	42.25288
38.66611	42.25670
38.76655	42.26110
38.86696	42.26609
38.96734	42.27161
39.06769	42.27775
39.16800	42.28445
39.26827	42.29169
39.36849	42.29958
39.46868	42.30799
39.56881	42.31701
39.66888	42.32662
39.76890	42.33677
39.86885	42.34758
39.96874	42.35893
40.06856	42.37089
40.16830	42.38346
40.26798	42.39658
40.36756	42.41036
40.46707	42.42470
40.56648	42.43967
40.66580	42.45524
40.76503	42.47140
40.86414	42.48821
40.96316	42.50559
41.06206	42.52364
41.16085	42.54228
41.25952	42.56155
41.35806	42.58146
41.45649	42.60197
41.55476	42.62316
41.65291	42.64492
41.75090	42.66740
41.84875	42.69046
41.94644	42.71421
42.04397	42.73858
42.14133	42.76362
42.23853	42.78931
42.33555	42.81566
42.43238	42.84269
42.52903	42.87037
42.62548	42.89874
42.72173	42.92776
42.81776	42.95750
42.91360	42.98788
43.00920	43.01900
43.10458	43.05075
43.19971	43.08327
43.29462	43.11643
43.38926	43.15035
43.48366	43.18493
43.57777	43.22027
43.67163	43.25629
43.76519	43.29307
43.85848	43.33055
43.95146	43.36879
44.04414	43.40775
44.13649	43.44746
44.22852	43.48793
44.32023	43.52912
44.41157	43.57111
44.50259	43.61381
44.59320	43.65735
44.68347	43.70161
44.77333	43.74668
44.86281	43.79251
44.95188	43.83914
45.04052	43.88658
45.12875	43.93477
45.21650	43.98383
45.30381	44.03365
45.39066	44.08429
45.47701	44.13577
45.56289	44.18803
45.64823	44.24118
45.73306	44.29513
45.81736	44.34991
45.90108	44.40556
45.98427	44.46203
46.06685	44.51936
46.14882	44.57756
46.23021	44.63658
46.31093	44.69650
46.39101	44.75727
46.47045	44.81889
46.54917	44.88142
46.62719	44.94482
46.70452	45.00906
46.78107	45.07422
46.85688	45.14026
46.93193	45.20716
47.00616	45.27495
47.07956	45.34365
47.15215	45.41320
47.22389	45.48363
47.29470	45.55499
47.36464	45.62721
47.43367	45.70029
47.50174	45.77428
47.56883	45.84915
47.63495	45.92487
47.70010	46.00144
47.76415	46.07893
47.82721	46.15722
47.88913	46.23643
47.95002	46.31642
48.00974	46.39729
48.06836	46.47898
48.12578	46.56149
48.18204	46.64481
48.23708	46.72894
48.29091	46.81384
48.34348	46.89954
48.39480	46.98599
48.44482	47.07320
48.49355	47.16113
48.54093	47.24978
48.58699	47.33915
48.63169	47.42920
48.67503	47.51991
48.71695	47.61128
48.75749	47.70327
48.79661	47.79589
48.83430	47.88909
48.87054	47.98287
48.90534	48.07719
48.93867	48.17203
48.97054	48.26738
49.00091	48.36321
49.02983	48.45950
49.05722	48.55623
49.08316	48.65335
49.10756	48.75088
49.13050	48.84877
49.15192	48.94699
49.17184	49.04552
49.19029	49.14434
49.20728	49.24344
49.22368	49.34262
49.23957	49.44190
49.25493	49.54125
49.26976	49.64068
49.28406	49.74020
49.29781	49.83978
49.31104	49.93945
49.32371	50.03918
49.33584	50.13898
49.34742	50.23883
49.35844	50.33876
49.36891	50.43875
49.37883	50.53880
49.38817	50.63890
49.39695	50.73904
49.40517	50.83924
49.41282	50.93948
49.41988	51.03977
49.42638	51.14009
49.43229	51.24045
49.43762	51.34084
49.44237	51.44126
49.44653	51.54171
49.45011	51.64218
49.45309	51.74267
49.45548	51.84317
49.45727	51.94369
49.45847	52.04422
49.45906	52.14475
49.45905	52.24529
49.45844	52.34581
49.45723	52.44633
49.45541	52.54686
49.45298	52.64736
49.44992	52.74784
49.44623	52.84831
49.44193	52.94875
49.43701	53.04917
49.43148	53.14955
49.42533	53.24990
49.41856	53.35020
49.41118	53.45046
49.40318	53.55068
49.39456	53.65084
49.38531	53.75095
49.37544	53.85099
49.36490	53.95097
49.35374	54.05089
49.34196	54.15073
49.32956	54.25049
49.31653	54.35017
49.30288	54.44978
49.28861	54.54930
49.27372	54.64872
49.25817	54.74805
49.24198	54.84727
49.22517	54.94638
49.20773	55.04539
49.18968	55.14429
49.17101	55.24308
49.15173	55.34174
49.13182	55.44028
49.11124	55.53868
49.09004	55.63696
49.06823	55.73510
49.04581	55.83310
49.02278	55.93096
48.99914	56.02868
48.97487	56.12624
48.94995	56.22364
48.92444	56.32088
48.89832	56.41796
48.87160	56.51487
48.84429	56.61163
48.81636	56.70821
48.78779	56.80460
48.75863	56.90080
48.72889	56.99683
48.69855	57.09269
48.66764	57.18835
48.63611	57.28381
48.60397	57.37907
48.57126	57.47413
48.53798	57.56900
48.50413	57.66366
48.46970	57.75812
48.43465	57.85234
48.39904	57.94635
48.36288	58.04015
48.32616	58.13375
48.28890	58.22712
48.25102	58.32025
48.21260	58.41315
48.17364	58.50582
48.13414	58.59828
48.09412	58.69050
48.05349	58.78245
48.01234	58.87418
47.97067	58.96567
47.92848	59.05693
47.88576	59.14793
47.84248	59.23867
47.79869	59.32917
47.75441	59.41942
47.70962	59.50943
47.66430	59.59917
47.61846	59.68864
47.57214	59.77787
47.52533	59.86684
47.47804	59.95556
47.43021	60.04399
47.38191	60.13216
47.33315	60.22008
47.28393	60.30773
47.23420	60.39511
47.18399	60.48220
47.13334	60.56904
47.08224	60.65562
47.03067	60.74192
46.97863	60.82793
46.92614	60.91369
46.87324	60.99917
46.81989	61.08438
46.76607	61.16929
46.71183	61.25394
46.65717	61.33833
46.60212	61.42244
46.54658	61.50624
46.49065	61.58978
46.43431	61.67305
46.37759	61.75605
46.32042	61.83875
46.26286	61.92117
46.20491	62.00332
46.14660	62.08521
46.08784	62.16680
46.02871	62.24810
45.96922	62.32915
45.90937	62.40992
45.84910	62.49038
45.78847	62.57058
45.72749	62.65051
45.66615	62.73016
45.60443	62.80951
45.54237	62.88860
45.47997	62.96743
45.41721	63.04597
45.35409	63.12422
45.29065	63.20221
45.22689	63.27993
45.16277	63.35736
45.09831	63.43452
45.03355	63.51142
44.96848	63.58805
44.90306	63.66438
44.83733	63.74046
44.77131	63.81627
44.70496	63.89180
44.63830	63.96706
44.57136	64.04206
44.50414	64.11681
44.43657	64.19127
44.36874	64.26546
44.30063	64.33941
44.23222	64.41307
44.16352	64.48648
44.09456	64.55964
44.02533	64.63253
43.95580	64.70515
43.88603	64.77752
43.81599	64.84965
43.74561	64.92144
43.67509	64.99310
43.60427	65.06445
43.53313	65.13548
43.46181	65.20633
43.39027	65.27698
43.31839	65.34726
43.24634	65.41737
43.17407	65.48725
43.10148	65.55680
43.02871	65.62617
42.95574	65.69533
42.88245	65.76415
42.80900	65.83279
42.73535	65.90122
42.66140	65.96932
42.58728	66.03725
42.51299	66.10498
42.43839	66.17238
42.36364	66.23960
42.28872	66.30664
42.21350	66.37335
42.13813	66.43987
42.06259	66.50621
41.98679	66.57226
41.91082	66.63809
41.83469	66.70376
41.75834	66.76916
41.68179	66.83434
41.60509	66.89932
41.52821	66.96410
41.45110	67.02862
41.37385	67.09295
41.29646	67.15712
41.21882	67.22099
41.14104	67.28468
41.06312	67.34821
40.98501	67.41151
40.90672	67.47457
40.82830	67.53748
40.74974	67.60021
40.67096	67.66267
40.59205	67.72498
40.51302	67.78709
40.43382	67.84902
40.35445	67.91073
40.27496	67.97227
40.19533	68.03365
40.11555	68.09483
40.03563	68.15581
39.95558	68.21663
39.87541	68.27728
39.79509	68.33775
39.71463	68.39803
39.63406	68.45816
39.55338	68.51814
39.47257	68.57794
39.39162	68.63756
39.31056	68.69703
39.22940	68.75636
39.14812	68.81554
39.06673	68.87454
38.98517	68.93333
38.90358	68.99206
38.82190	69.05067
38.74006	69.10905
38.65822	69.16744
38.57618	69.22556
38.49411	69.28362
38.41195	69.34156
38.32967	69.39933
38.24738	69.45709
38.16491	69.51460
38.08245	69.57211
37.99987	69.62943
37.91725	69.68670
37.83456	69.74388
37.75178	69.80095
37.66899	69.85798
37.58611	69.91487
37.50322	69.97176
37.42021	70.02847
37.33719	70.08517
37.25417	70.14188
37.17115	70.19858
37.08807	70.25519
37.00497	70.31177
36.92187	70.36834
36.83876	70.42492
36.75568	70.48153
36.67261	70.53815
36.58953	70.59477
36.50647	70.65140
36.42348	70.70815
36.34052	70.76493
36.25768	70.82188
36.17487	70.87888
36.09221	70.93610
36.00962	70.99344
35.92718	71.05097
35.84493	71.10880
35.76279	71.16675
35.68093	71.22511
35.59932	71.28382
35.51799	71.34293
35.43705	71.40256
35.35648	71.46268
35.27644	71.52351
35.19692	71.58503
35.11817	71.64751
35.04020	71.71098
34.96330	71.77574
34.88775	71.84206
34.81390	71.91026
34.74233	71.98087
34.67396	72.05455
34.61029	72.13232
34.55415	72.21564
34.51142	72.30646
34.49497	72.40507
34.52283	72.50053
34.59024	72.57430
34.67596	72.62650
34.76894	72.66454
34.86521	72.69344
34.96315	72.71605
35.06204	72.73413
35.16150	72.74875
35.26133	72.76061
35.36140	72.77028
35.46162	72.77813
35.56196	72.78445
35.66237	72.78944
35.76282	72.79331
35.86332	72.79617
35.96383	72.79813
36.06436	72.79936
36.16489	72.79990
36.26542	72.79980
36.36596	72.79957
36.46649	72.79951
36.56702	72.79966
36.66756	72.79996
36.76809	72.80041
36.86862	72.80106
36.96916	72.80190
37.06968	72.80289
37.17021	72.80402
37.27073	72.80540
37.37125	72.80700
37.47178	72.80872
37.57229	72.81045
37.67280	72.81249
37.77332	72.81470
37.87382	72.81705
37.97433	72.81961
38.07483	72.82235
38.17531	72.82529
38.27579	72.82842
38.37628	72.83155
38.47675	72.83502
38.57722	72.83862
38.67769	72.84222
38.77814	72.84628
38.87859	72.85033
38.97904	72.85453
39.07947	72.85905
39.17990	72.86357
39.28033	72.86837
39.38073	72.87334
39.48115	72.87831
39.58154	72.88370
39.68192	72.88913
39.78231	72.89465
39.88267	72.90054
39.98304	72.90642
40.08338	72.91253
40.18371	72.91886
40.28404	72.92519
40.38435	72.93190
40.48466	72.93868
40.58496	72.94553
40.68523	72.95276
40.78551	72.95998
40.88576	72.96742
40.98600	72.97510
41.08625	72.98277
41.18646	72.99080
41.28666	72.99891
41.38686	73.00709
41.48703	73.01564
41.58721	73.02419
41.68736	73.03297
41.78748	73.04195
41.88762	73.05093
41.98771	73.06030
42.08781	73.06972
42.18789	73.07924
42.28794	73.08909
42.38799	73.09894
42.48801	73.10905
42.58802	73.11932
42.68803	73.12959
42.78799	73.14029
42.88795	73.15099
42.98790	73.16185
43.08782	73.17298
43.18774	73.18410
43.28762	73.19555
43.38748	73.20709
43.48734	73.21870
43.58716	73.23067
43.68698	73.24264
43.78677	73.25483
43.88654	73.26721
43.98631	73.27960
44.08603	73.29237
44.18575	73.30518
44.28544	73.31812
44.38510	73.33133
44.48476	73.34454
44.58438	73.35807
44.68399	73.37170
44.78359	73.38540
44.88314	73.39944
44.98269	73.41347
45.08220	73.42775
45.18169	73.44219
45.28117	73.45665
45.38060	73.47149
45.48004	73.48633
45.57944	73.50137
45.67882	73.51662
45.77819	73.53186
45.87750	73.54748
45.97681	73.56312
46.07609	73.57892
46.17534	73.59496
46.27459	73.61100
46.37378	73.62738
46.47295	73.64381
46.57212	73.66038
46.67124	73.67721
46.77035	73.69404
46.86941	73.71118
46.96845	73.72840
47.06748	73.74574
47.16646	73.76334
47.26545	73.78094
47.36438	73.79885
47.46328	73.81684
47.56217	73.83494
47.66101	73.85332
47.75985	73.87170
47.85864	73.89037
47.95741	73.90913
48.05615	73.92800
48.15485	73.94714
48.25355	73.96628
48.35218	73.98572
48.45081	74.00523
48.54939	74.02487
48.64794	74.04476
48.74649	74.06465
48.84497	74.08487
48.94344	74.10513
49.04188	74.12555
49.14027	74.14619
49.23867	74.16682
49.33699	74.18781
49.43530	74.20882
49.53357	74.23001
49.63181	74.25139
49.73004	74.27280
49.82819	74.29453
49.92635	74.31628
50.02444	74.33825
50.12252	74.36036
50.22058	74.38255
50.31858	74.40501
50.41656	74.42747
50.51448	74.45023
50.61239	74.47305
50.71027	74.49602
50.80810	74.51920
50.90592	74.54238
51.00366	74.56592
51.10140	74.58946
51.19908	74.61321
51.29674	74.63711
51.39437	74.66108
51.49194	74.68533
51.58950	74.70958
51.68700	74.73412
51.78448	74.75871
51.88191	74.78348
51.97930	74.80843
52.07668	74.83341
52.17398	74.85870
52.27128	74.88400
52.36851	74.90955
52.46572	74.93520
52.56289	74.96098
52.66001	74.98696
52.75713	75.01297
52.85416	75.03929
52.95118	75.06562
53.04813	75.09219
53.14506	75.11886
53.24197	75.14568
53.33880	75.17268
53.43563	75.19972
53.53237	75.22706
53.62912	75.25439
53.72578	75.28201
53.82244	75.30969
53.91903	75.33755
54.01558	75.36555
54.11211	75.39364
54.20856	75.42198
54.30503	75.45032
54.40139	75.47899
54.49775	75.50765
54.59404	75.53656
54.69030	75.56555
54.78651	75.59470
54.88268	75.62403
54.97881	75.65343
55.07487	75.68307
55.17094	75.71272
55.26691	75.74270
55.36287	75.77267
55.45875	75.80289
55.55461	75.83318
55.65041	75.86366
55.74617	75.89427
55.84190	75.92500
55.93755	75.95593
56.03318	75.98691
56.12874	76.01817
56.22430	76.04942
56.31975	76.08098
56.41520	76.11255
56.51056	76.14436
56.60590	76.17625
56.70119	76.20833
56.79642	76.24053
56.89161	76.27287
56.98674	76.30539
57.08184	76.33799
57.17686	76.37081
57.27188	76.40369
57.36679	76.43682
57.46170	76.46996
57.55651	76.50341
57.65131	76.53686
57.74603	76.57059
57.84073	76.60434
57.93534	76.63834
58.02993	76.67239
58.12444	76.70667
58.21892	76.74104
58.31332	76.77559
58.40768	76.81026
58.50199	76.84510
58.59624	76.88008
58.69045	76.91521
58.78459	76.95049
58.87868	76.98588
58.97271	77.02146
59.06669	77.05715
59.16061	77.09303
59.25448	77.12901
59.34828	77.16519
59.44204	77.20147
59.53572	77.23795
59.62938	77.27452
59.72294	77.31130
59.81646	77.34817
59.90991	77.38525
60.00333	77.42242
60.09665	77.45979
60.18995	77.49725
60.28316	77.53493
60.37632	77.57270
60.46941	77.61066
60.56244	77.64875
60.65542	77.68701
60.74833	77.72540
60.84118	77.76395
60.93396	77.80266
61.02669	77.84151
61.11934	77.88054
61.21194	77.91968
61.30445	77.95902
61.39693	77.99846
61.48931	78.03812
61.58167	78.07785
61.67390	78.11784
61.76612	78.15788
61.85822	78.19817
61.95029	78.23853
62.04227	78.27914
62.13420	78.31983
62.22605	78.36073
62.31782	78.40176
62.40953	78.44293
62.50117	78.48431
62.59275	78.52577
62.68422	78.56750
62.77566	78.60928
62.86697	78.65133
62.95825	78.69346
63.04944	78.73579
63.14055	78.77828
63.23160	78.82091
63.32254	78.86376
63.41344	78.90669
63.50423	78.94991
63.59496	78.99319
63.68559	79.03670
63.77615	79.08036
63.86664	79.12415
63.95702	79.16819
64.04735	79.21233
64.13756	79.25670
64.22770	79.30122
64.31776	79.34588
64.40771	79.39079
64.49760	79.43581
64.58739	79.48105
64.67707	79.52646
64.76670	79.57200
64.85619	79.61783
64.94561	79.66377
65.03493	79.70990
65.12415	79.75626
65.21329	79.80273
65.30231	79.84945
65.39123	79.89635
65.48008	79.94341
65.56879	79.99072
65.65739	80.03819
65.74593	80.08582
65.83430	80.13374
65.92260	80.18183
66.01081	80.23008
66.09885	80.27861
66.18681	80.32732
66.27465	80.37618
66.36236	80.42533
66.44994	80.47469
66.53741	80.52423
66.62477	80.57401
66.71196	80.62403
66.79906	80.67427
66.88603	80.72470
66.97282	80.77542
67.05949	80.82638
67.14602	80.87754
67.23243	80.92892
67.31865	80.98064
67.40472	81.03258
67.49065	81.08476
67.57644	81.13718
67.66204	81.18990
67.74744	81.24292
67.83271	81.29620
67.91780	81.34975
68.00271	81.40359
68.08744	81.45771
68.17192	81.51218
68.25622	81.56696
68.34032	81.62206
68.42419	81.67747
68.50786	81.73323
68.59129	81.78932
68.67448	81.84579
68.75740	81.90261
68.84007	81.95982
68.92245	82.01746
69.00452	82.07549
69.08631	82.13396
69.16777	82.19287
69.24890	82.25225
69.32967	82.31212
69.41003	82.37252
69.48999	82.43345
69.56952	82.49496
69.64857	82.55704
69.72717	82.61977
69.80518	82.68314
69.88261	82.74728
69.95934	82.81224
70.03540	82.87799
70.11066	82.94465
70.18497	83.01234
70.25826	83.08118
70.33033	83.15126
70.40101	83.22274
70.47003	83.29585
70.53699	83.37083
70.60137	83.44804
70.66238	83.52795
70.71870	83.61118
70.76807	83.69872
70.80597	83.79170
70.82225	83.89052
70.79648	83.98638
70.72293	84.05322
70.62868	84.08733
70.52928	84.10165
70.42881	84.10423
70.32843	84.09917
70.22845	84.08870
70.12897	84.07415
70.03004	84.05644
69.93157	84.03614
69.83357	84.01368
69.73603	83.98939
69.63888	83.96352
69.54210	83.93629
69.44567	83.90784
69.34956	83.87832
69.25380	83.84776
69.15830	83.81634
69.06307	83.78412
68.96809	83.75115
68.87334	83.71751
68.77885	83.68324
68.68454	83.64836
68.59047	83.61295
68.49656	83.57701
68.40287	83.54060
68.30935	83.50369
68.21572	83.46706
68.12209	83.43047
68.02842	83.39397
67.93472	83.35754
67.84100	83.32115
67.74723	83.28488
67.65347	83.24863
67.55963	83.21252
67.46581	83.17643
67.37193	83.14045
67.27802	83.10452
67.18410	83.06867
67.09014	83.03291
66.99619	82.99718
66.90216	82.96159
66.80814	82.92599
66.71406	82.89055
66.61997	82.85513
66.52584	82.81981
66.43169	82.78456
66.33752	82.74937
66.24331	82.71429
66.14909	82.67921
66.05481	82.64432
65.96053	82.60941
65.86619	82.57464
65.77185	82.53991
65.67747	82.50528
65.58307	82.47072
65.48863	82.43622
65.39416	82.40182
65.29968	82.36745
65.20515	82.33324
65.11063	82.29903
65.01603	82.26497
64.92143	82.23091
64.82681	82.19700
64.73214	82.16313
64.63747	82.12935
64.54275	82.09565
64.44799	82.06200
64.35323	82.02848
64.25843	81.99498
64.16359	81.96164
64.06875	81.92828
63.97383	81.89510
63.87894	81.86193
63.78399	81.82890
63.68904	81.79589
63.59402	81.76300
63.49899	81.73018
63.40396	81.69744
63.30886	81.66479
63.21376	81.63219
63.11861	81.59973
63.02346	81.56728
62.92826	81.53500
62.83304	81.50271
62.73778	81.47060
62.64251	81.43848
62.54718	81.40652
62.45187	81.37458
62.35649	81.34277
62.26111	81.31102
62.16568	81.27937
62.07024	81.24780
61.97476	81.21631
61.87925	81.18491
61.78373	81.15359
61.68816	81.12236
61.59259	81.09120
61.49696	81.06016
61.40133	81.02916
61.30566	80.99831
61.20996	80.96746
61.11423	80.93678
61.01849	80.90611
60.92268	80.87562
60.82689	80.84512
60.73104	80.81480
60.63519	80.78448
60.53928	80.75433
60.44336	80.72420
60.34741	80.69421
60.25144	80.66426
60.15542	80.63445
60.05939	80.60468
59.96332	80.57505
59.86725	80.54547
59.77112	80.51601
59.67499	80.48661
59.57881	80.45732
59.48261	80.42810
59.38638	80.39899
59.29013	80.36996
59.19386	80.34105
59.09754	80.31220
59.00119	80.28346
58.90484	80.25481
58.80845	80.22626
58.71204	80.19779
58.61558	80.16941
58.51910	80.14112
58.42261	80.11294
58.32608	80.08484
58.22953	80.05684
58.13294	80.02893
58.03633	80.00112
57.93970	79.97340
57.84303	79.94579
57.74635	79.91826
57.64962	79.89083
57.55287	79.86349
57.45610	79.83626
57.35930	79.80910
57.26247	79.78207
57.16562	79.75510
57.06873	79.72826
56.97184	79.70149
56.87488	79.67486
56.77793	79.64828
56.68094	79.62184
56.58393	79.59544
56.48687	79.56921
56.38981	79.54301
56.29271	79.51698
56.19560	79.49097
56.09843	79.46515
56.00127	79.43935
55.90406	79.41372
55.80684	79.38812
55.70957	79.36269
55.61230	79.33732
55.51499	79.31207
55.41765	79.28690
55.32030	79.26186
55.22290	79.23690
55.12550	79.21205
55.02805	79.18731
54.93058	79.16265
54.83309	79.13813
54.73557	79.11366
54.63803	79.08936
54.54047	79.06509
54.44284	79.04100
54.34524	79.01695
54.24758	78.99307
54.14992	78.96925
54.05220	78.94556
53.95448	78.92196
53.85673	78.89848
53.75896	78.87510
53.66117	78.85181
53.56333	78.82867
53.46548	78.80557
53.36760	78.78266
53.26968	78.75977
53.17175	78.73708
53.07380	78.71444
52.97581	78.69195
52.87782	78.66954
52.77978	78.64725
52.68173	78.62508
52.58365	78.60299
52.48552	78.58105
52.38742	78.55916
52.28925	78.53746
52.19108	78.51582
52.09286	78.49432
51.99464	78.47292
51.89639	78.45164
51.79809	78.43047
51.69980	78.40938
51.60146	78.38847
51.50311	78.36761
51.40474	78.34692
51.30634	78.32631
51.20792	78.30583
51.10946	78.28547
51.01099	78.26519
50.91249	78.24509
50.81397	78.22504
50.71543	78.20516
50.61687	78.18537
50.51827	78.16571
50.41965	78.14618
50.32101	78.12671
50.22235	78.10744
50.12366	78.08823
50.02494	78.06918
49.92622	78.05024
49.82746	78.03139
49.72869	78.01271
49.62990	77.99409
49.53107	77.97567
49.43222	77.95731
49.33334	77.93909
49.23445	77.92102
49.13554	77.90300
49.03661	77.88520
48.93764	77.86746
48.83865	77.84986
48.73966	77.83240
48.64064	77.81501
48.54159	77.79784
48.44252	77.78072
48.34342	77.76376
48.24432	77.74693
48.14518	77.73017
48.04602	77.71363
47.94683	77.69716
47.84763	77.68082
47.74842	77.66464
47.64917	77.64854
47.54992	77.63262
47.45063	77.61681
47.35132	77.60111
47.25201	77.58559
47.15266	77.57014
47.05330	77.55487
46.95391	77.53973
46.85451	77.52467
46.75507	77.50982
46.65563	77.49506
46.55618	77.48042
46.45669	77.46597
46.35718	77.45159
46.25766	77.43739
46.15810	77.42332
46.05856	77.40934
45.95896	77.39558
45.85936	77.38191
45.75976	77.36836
45.66011	77.35500
45.56045	77.34174
45.46077	77.32861
45.36107	77.31567
45.26138	77.30282
45.16164	77.29013
45.06189	77.27760
44.96212	77.26517
44.86233	77.25292
44.76254	77.24081
44.66273	77.22879
44.56290	77.21699
44.46304	77.20530
44.36316	77.19372
44.26328	77.18234
44.16338	77.17109
44.06348	77.15995
43.96354	77.14902
43.86357	77.13821
43.76362	77.12751
43.66363	77.11703
43.56364	77.10667
43.46362	77.09641
43.36358	77.08637
43.26354	77.07646
43.16349	77.06666
43.06342	77.05708
42.96333	77.04762
42.86324	77.03828
42.76312	77.02914
42.66298	77.02013
42.56284	77.01126
42.46268	77.00257
42.36251	76.99405
42.26233	76.98566
42.16212	76.97742
42.06192	76.96938
41.96169	76.96147
41.86147	76.95369
41.76122	76.94612
41.66095	76.93870
41.56068	76.93141
41.46039	76.92430
41.36012	76.91737
41.25980	76.91057
41.15948	76.90392
41.05917	76.89749
40.95882	76.89120
40.85848	76.88505
40.75812	76.87908
40.65775	76.87330
40.55738	76.86766
40.45699	76.86217
40.35661	76.85690
40.25620	76.85178
40.15578	76.84681
40.05537	76.84200
39.95494	76.83741
39.85451	76.83297
39.75406	76.82867
39.65361	76.82455
39.55316	76.82065
39.45269	76.81690
39.35222	76.81331
39.25174	76.80989
39.15125	76.80668
39.05078	76.80363
38.95028	76.80074
38.84979	76.79803
38.74929	76.79555
38.64876	76.79321
38.54826	76.79105
38.44774	76.78905
38.34723	76.78728
38.24671	76.78569
38.14619	76.78426
38.04566	76.78300
37.94513	76.78195
37.84460	76.78111
37.74407	76.78043
37.64354	76.77992
37.54301	76.77959
37.44247	76.77951
37.34194	76.77959
37.24140	76.77987
37.14087	76.78033
37.04034	76.78096
36.93980	76.78182
36.83928	76.78288
36.73875	76.78412
36.63822	76.78555
36.53770	76.78716
36.43718	76.78899
36.33669	76.79104
36.23617	76.79328
36.13567	76.79571
36.03517	76.79834
35.93467	76.80116
35.83419	76.80421
35.73370	76.80746
35.63324	76.81093
35.53276	76.81458
35.43229	76.81844
35.33185	76.82251
35.23140	76.82679
35.13098	76.83131
35.03054	76.83602
34.93013	76.84095
34.82974	76.84608
34.72934	76.85143
34.62897	76.85699
34.52859	76.86276
34.42823	76.86877
34.32790	76.87502
34.22758	76.88148
34.12727	76.88815
34.02697	76.89503
33.92668	76.90215
33.82643	76.90949
33.72617	76.91705
33.62595	76.92484
33.52573	76.93286
33.42553	76.94112
33.32537	76.94974
33.22520	76.95839
33.12508	76.96732
33.02496	76.97652
32.92487	76.98595
32.82480	76.99562
32.72474	77.00553
32.62474	77.01568
32.52474	77.02607
32.42477	77.03671
32.32483	77.04759
32.22491	77.05872
32.12503	77.07011
32.02518	77.08185
31.92533	77.09361
31.82553	77.10573
31.72576	77.11813
31.62605	77.13078
31.52634	77.14368
31.42666	77.15685
31.32703	77.17029
31.22743	77.18397
31.12788	77.19794
31.02835	77.21215
30.92886	77.22665
30.82944	77.24142
30.73001	77.25646
30.63067	77.27177
30.53133	77.28738
30.43206	77.30324
30.33283	77.31938
30.23365	77.33581
30.13452	77.35252
30.03543	77.36952
29.93640	77.38687
29.83742	77.40443
29.73847	77.42224
29.63960	77.44040
29.54078	77.45885
29.44201	77.47760
29.34330	77.49667
29.24465	77.51604
29.14605	77.53573
29.04753	77.55571
28.94908	77.57600
28.85067	77.59662
28.75232	77.61754
28.65407	77.63877
28.55588	77.66035
28.45777	77.68226
28.35972	77.70449
28.26175	77.72704
28.16386	77.74992
28.06604	77.77316
27.96831	77.79675
27.87066	77.82067
27.77310	77.84493
27.67563	77.86953
27.57824	77.89453
27.48097	77.91987
27.38377	77.94556
27.28665	77.97161
27.18968	77.99807
27.09278	78.02489
26.99599	78.05207
26.89931	78.07965
26.80274	78.10763
26.70630	78.13596
26.60996	78.16471
26.51375	78.19389
26.41765	78.22344
26.32169	78.25343
26.22587	78.28383
26.13016	78.31463
26.03463	78.34590
25.93921	78.37759
25.84395	78.40971
25.74885	78.44230
25.65390	78.47532
25.55912	78.50883
25.46449	78.54279
25.37004	78.57726
25.27578	78.61217
25.18168	78.64761
25.08780	78.68353
24.99409	78.71998
24.90060	78.75695
24.80733	78.79443
24.71427	78.83250
24.62145	78.87107
24.52884	78.91022
24.43650	78.94997
24.34440	78.99028
24.25256	79.03118
24.16103	79.07274
24.06976	79.11492
23.97879	79.15774
23.88814	79.20120
23.79783	79.24536
23.70787	79.29024
23.61827	79.33582
23.52904	79.38216
23.44023	79.42925
23.35183	79.47714
23.26390	79.52585
23.17642	79.57541
23.08946	79.62583
23.00302	79.67719
22.91717	79.72950
22.83194	79.78280
22.74734	79.83713
22.66347	79.89256
22.58036	79.94913
22.49807	80.00689
22.41672	80.06593
22.33635	80.12634
22.25708	80.18814
22.17902	80.25151
22.10234	80.31651
22.02720	80.38329
21.95379	80.45199
21.88244	80.52280
21.81341	80.59588
21.74718	80.67150
21.68429	80.74991
21.62549	80.83145
21.57183	80.91642
21.52480	81.00524
21.48652	81.09816
21.46005	81.19506
21.44963	81.29491
21.46006	81.39466
21.49456	81.48880
21.55163	81.57126
21.62561	81.63908
21.71048	81.69281
21.80185	81.73458
21.89707	81.76666
21.99464	81.79087
22.09355	81.80869
22.19331	81.82117
22.29350	81.82917
22.39395	81.83334
22.49449	81.83421
22.59498	81.83215
22.69541	81.82748
22.79570	81.82049
22.89582	81.81143
22.99577	81.80049
23.09569	81.78947
23.19563	81.77848
23.29555	81.76749
23.39548	81.75649
23.49540	81.74539
23.59530	81.73417
23.69521	81.72294
23.79510	81.71171
23.89502	81.70048
23.99491	81.68901
24.09478	81.67754
24.19466	81.66608
24.29453	81.65461
24.39439	81.64301
24.49425	81.63129
24.59409	81.61958
24.69394	81.60786
24.79378	81.59612
24.89360	81.58416
24.99343	81.57220
25.09324	81.56024
25.19307	81.54828
25.29286	81.53613
25.39265	81.52392
25.49244	81.51172
25.59223	81.49951
25.69201	81.48718
25.79176	81.47472
25.89153	81.46227
25.99128	81.44981
26.09104	81.43730
26.19078	81.42459
26.29050	81.41188
26.39023	81.39917
26.48995	81.38646
26.58964	81.37350
26.68934	81.36053
26.78902	81.34757
26.88873	81.33461
26.98839	81.32145
27.08806	81.30822
27.18772	81.29500
27.28737	81.28178
27.38702	81.26840
27.48663	81.25492
27.58627	81.24143
27.68590	81.22795
27.78551	81.21434
27.88510	81.20059
27.98468	81.18684
28.08428	81.17310
28.18386	81.15925
28.28340	81.14523
28.38296	81.13122
28.48250	81.11720
28.58205	81.10310
28.68157	81.08882
28.78107	81.07454
28.88059	81.06025
28.98009	81.04589
29.07957	81.03133
29.17905	81.01678
29.27851	81.00222
29.37798	80.98758
29.47740	80.97276
29.57684	80.95792
29.67628	80.94308
29.77569	80.92816
29.87509	80.91305
29.97448	80.89794
30.07387	80.88284
30.17326	80.86761
30.27260	80.85222
30.37195	80.83682
30.47129	80.82143
30.57062	80.80589
30.66994	80.79021
30.76923	80.77454
30.86854	80.75887
30.96780	80.74300
31.06706	80.72704
31.16633	80.71108
31.26558	80.69512
31.36481	80.67891
31.46402	80.66266
31.56323	80.64641
31.66244	80.63013
31.76159	80.61359
31.86076	80.59705
31.95992	80.58051
32.05907	80.56387
32.15817	80.54703
32.25729	80.53019
32.35641	80.51335
32.45549	80.49632
32.55456	80.47919
32.65362	80.46205
32.75269	80.44491
32.85170	80.42749
32.95070	80.41005
33.04972	80.39261
33.14870	80.37508
33.24766	80.35734
33.34663	80.33960
33.44557	80.32185
33.54450	80.30390
33.64339	80.28585
33.74230	80.26780
33.84120	80.24972
33.94003	80.23136
34.03888	80.21300
34.13772	80.19464
34.23653	80.17611
34.33532	80.15743
34.43410	80.13876
34.53288	80.12008
34.63159	80.10109
34.73032	80.08210
34.82905	80.06311
34.92775	80.04395
35.02641	80.02464
35.12507	80.00533
35.22373	79.98598
35.32233	79.96635
35.42092	79.94672
35.51953	79.92709
35.61806	79.90724
35.71660	79.88728
35.81514	79.86732
35.91365	79.84727
36.01212	79.82698
36.11058	79.80669
36.20905	79.78640
36.30746	79.76582
36.40585	79.74520
36.50425	79.72458
36.60260	79.70377
36.70093	79.68282
36.79926	79.66185
36.89756	79.64081
36.99582	79.61951
37.09406	79.59822
37.19232	79.57692
37.29050	79.55529
37.38867	79.53365
37.48685	79.51201
37.58496	79.49012
37.68307	79.46813
37.78118	79.44614
37.87923	79.42397
37.97726	79.40164
38.07528	79.37931
38.17327	79.35686
38.27122	79.33418
38.36916	79.31149
38.46708	79.28875
38.56493	79.26572
38.66279	79.24268
38.76064	79.21963
38.85842	79.19623
38.95620	79.17283
39.05397	79.14944
39.15166	79.12570
39.24934	79.10194
39.34704	79.07818
39.44465	79.05411
39.54224	79.02998
39.63984	79.00586
39.73735	78.98144
39.83486	78.95695
39.93237	78.93246
40.02980	78.90767
40.12721	78.88280
40.22461	78.85794
40.32196	78.83278
40.41928	78.80754
40.51659	78.78231
40.61382	78.75676
40.71103	78.73115
40.80825	78.70554
40.90538	78.67957
41.00248	78.65359
41.09961	78.62759
41.19662	78.60122
41.29364	78.57484
41.39065	78.54842
41.48755	78.52167
41.58446	78.49491
41.68133	78.46806
41.77813	78.44090
41.87494	78.41375
41.97167	78.38644
42.06836	78.35889
42.16504	78.33135
42.26167	78.30357
42.35825	78.27563
42.45481	78.24769
42.55130	78.21942
42.64775	78.19109
42.74420	78.16272
42.84055	78.13398
42.93688	78.10524
43.03318	78.07637
43.12938	78.04723
43.22561	78.01808
43.32176	77.98868
43.41785	77.95913
43.51394	77.92958
43.60990	77.89965
43.70587	77.86968
43.80181	77.83961
43.89764	77.80923
43.99348	77.77885
44.08923	77.74822
44.18494	77.71743
44.28064	77.68664
44.37620	77.65543
44.47177	77.62422
44.56727	77.59283
44.66270	77.56120
44.75814	77.52956
44.85344	77.49757
44.94873	77.46551
45.04395	77.43333
45.13910	77.40084
45.23424	77.36836
45.32927	77.33555
45.42427	77.30264
45.51921	77.26961
45.61407	77.23627
45.70890	77.20293
45.80363	77.16923
45.89833	77.13545
45.99295	77.10152
46.08749	77.06731
46.18201	77.03310
46.27642	76.99849
46.37079	76.96384
46.46507	76.92897
46.55928	76.89388
46.65347	76.85874
46.74752	76.82320
46.84158	76.78767
46.93549	76.75182
47.02937	76.71584
47.12317	76.67970
47.21688	76.64327
47.31058	76.60683
47.40410	76.56996
47.49763	76.53308
47.59103	76.49589
47.68438	76.45856
47.77768	76.42108
47.87086	76.38336
47.96395	76.34542
48.05693	76.30720
48.14991	76.26897
48.24273	76.23032
48.33552	76.19164
48.42819	76.15266
48.52079	76.11353
48.61331	76.07419
48.70572	76.03458
48.79808	75.99488
48.89030	75.95482
48.98249	75.91476
49.07455	75.87435
49.16652	75.83373
49.25834	75.79280
49.35014	75.75182
49.44180	75.71051
49.53340	75.66907
49.62490	75.62743
49.71628	75.58552
49.80754	75.54333
49.89871	75.50097
49.98980	75.45844
50.08076	75.41560
50.17165	75.37264
50.26239	75.32935
50.35307	75.28599
50.44363	75.24229
50.53406	75.19836
50.62434	75.15416
50.71460	75.10988
50.80465	75.06520
50.89468	75.02046
50.98452	74.97532
51.07432	74.93013
51.16392	74.88453
51.25349	74.83888
51.34290	74.79290
51.43216	74.74667
51.52129	74.70015
51.61037	74.65353
51.69925	74.60656
51.78807	74.55946
51.87670	74.51202
51.96526	74.46443
52.05366	74.41653
52.14193	74.36845
52.23009	74.32011
52.31810	74.27153
52.40599	74.22272
52.49374	74.17363
52.58138	74.12439
52.66884	74.07479
52.75622	74.02509
52.84338	73.97500
52.93051	73.92483
53.01738	73.87424
53.10420	73.82356
53.19081	73.77253
53.27734	73.72133
53.36370	73.66985
53.44991	73.61814
53.53602	73.56623
53.62190	73.51400
53.70774	73.46166
53.79332	73.40891
53.87884	73.35605
53.96415	73.30285
54.04934	73.24948
54.13438	73.19586
54.21925	73.14195
54.30402	73.08792
54.38856	73.03350
54.47300	72.97897
54.55725	72.92411
54.64139	72.86905
54.72536	72.81379
54.80914	72.75822
54.89284	72.70254
54.97630	72.64648
55.05965	72.59027
55.14283	72.53382
55.22585	72.47710
55.30876	72.42026
55.39143	72.36303
55.47399	72.30569
55.55639	72.24810
55.63861	72.19025
55.72074	72.13227
55.80262	72.07393
55.88441	72.01546
55.96603	71.95678
56.04748	71.89781
56.12880	71.83874
56.20992	71.77934
56.29091	71.71977
56.37177	71.66005
56.45242	71.60001
56.53297	71.53986
56.61335	71.47946
56.69356	71.41885
56.77365	71.35810
56.85355	71.29707
56.93331	71.23589
57.01297	71.17456
57.09240	71.11295
57.17174	71.05119
57.25095	70.98927
57.32996	70.92711
57.40888	70.86482
57.48763	70.80235
57.56624	70.73966
57.64476	70.67686
57.72308	70.61385
57.80128	70.55067
57.87938	70.48737
57.95731	70.42386
58.03513	70.36021
58.11285	70.29643
58.19040	70.23245
58.26784	70.16835
58.34520	70.10414
58.42239	70.03972
58.49948	69.97520
58.57650	69.91058
58.65335	69.84576
58.73011	69.78086
58.80680	69.71584
58.88334	69.65067
58.95977	69.58535
59.03609	69.51992
59.11243	69.45449
59.18861	69.38888
59.26467	69.32315
59.34074	69.25741
59.41665	69.19152
59.49249	69.12551
59.56833	69.05951
59.64402	68.99335
59.71966	68.92712
59.79529	68.86090
59.87080	68.79452
59.94627	68.72809
60.02172	68.66167
60.09708	68.59510
60.17240	68.52853
60.24773	68.46194
60.32296	68.39524
60.39818	68.32854
60.47340	68.26184
60.54852	68.19505
60.62365	68.12823
60.69879	68.06143
60.77391	67.99464
60.84904	67.92783
60.92416	67.86103
60.99929	67.79422
61.07442	67.72741
61.14954	67.66061
61.22467	67.59380
61.29979	67.52699
61.37496	67.46022
61.45016	67.39349
61.52536	67.32678
61.60063	67.26013
61.67593	67.19353
61.75124	67.12692
61.82665	67.06042
61.90208	66.99397
61.97753	66.92751
62.05311	66.86124
62.12872	66.79498
62.20432	66.72873
62.28014	66.66270
62.35595	66.59666
62.43179	66.53067
62.50783	66.46490
62.58387	66.39915
62.65999	66.33346
62.73630	66.26800
62.81260	66.20255
62.88899	66.13719
62.96552	66.07200
63.04218	66.00697
63.11896	65.94204
63.19580	65.87724
63.27283	65.81261
63.34994	65.74814
63.42716	65.68376
63.50454	65.61957
63.58205	65.55554
63.65967	65.49163
63.73743	65.42793
63.81536	65.36441
63.89340	65.30103
63.97158	65.23782
64.04995	65.17484
64.12842	65.11202
64.20705	65.04935
64.28587	64.98695
64.36482	64.92471
64.44390	64.86263
64.52320	64.80084
64.60263	64.73923
64.68221	64.67776
64.76201	64.61662
64.84195	64.55565
64.92200	64.49486
65.00232	64.43438
65.08276	64.37408
65.16334	64.31397
65.24418	64.25420
65.32515	64.19462
65.40626	64.13521
65.48763	64.07617
65.56914	64.01732
65.65079	63.95865
65.73270	63.90037
65.81474	63.84227
65.89695	63.78439
65.97939	63.72688
66.06200	63.66955
66.14475	63.61248
66.22775	63.55575
66.31088	63.49921
66.39421	63.44297
66.47776	63.38703
66.56142	63.33130
66.64533	63.27592
66.72942	63.22080
66.81361	63.16588
66.89810	63.11139
66.98270	63.05710
67.06748	63.00307
67.15251	62.94939
67.23763	62.89593
67.32299	62.84282
67.40852	62.78999
67.49417	62.73735
67.58010	62.68518
67.66615	62.63317
67.75239	62.58149
67.83881	62.53015
67.92536	62.47896
68.01211	62.42819
68.09908	62.37775
68.18617	62.32752
68.27341	62.27758
68.36086	62.22797
68.44847	62.17867
68.53627	62.12966
68.62421	62.08094
68.71230	62.03253
68.80057	61.98439
68.88899	61.93659
68.97760	61.88906
69.06636	61.84184
69.15526	61.79491
69.24432	61.74827
69.33353	61.70193
69.42291	61.65588
69.51244	61.61015
69.60210	61.56471
69.69194	61.51955
69.78191	61.47469
69.87202	61.43011
69.96228	61.38583
70.05267	61.34184
70.14321	61.29815
70.23389	61.25476
70.32471	61.21165
70.41568	61.16882
70.50675	61.12630
70.59800	61.08404
70.68934	61.04208
70.78083	61.00040
70.87246	60.95899
70.96418	60.91788
71.05606	60.87704
71.14803	60.83648
71.24016	60.79620
71.33240	60.75620
71.42474	60.71649
71.51722	60.67705
71.60981	60.63789
71.70252	60.59900
71.79534	60.56038
71.88827	60.52202
71.98131	60.48394
72.07445	60.44612
72.16771	60.40857
72.26108	60.37128
72.35455	60.33426
72.44814	60.29750
72.54179	60.26101
72.63557	60.22476
72.72945	60.18878
72.82446	60.15593
72.92062	60.12659
73.01755	60.09995
73.11505	60.07549
73.21298	60.05271
73.31121	60.03139
73.40971	60.01126
73.50840	59.99213
73.60728	59.97392
73.70626	59.95641
73.80540	59.93957
73.90461	59.92331
74.00389	59.90755
74.10326	59.89223
74.20266	59.87731
74.30214	59.86272
74.40166	59.84844
74.50121	59.83448
74.60081	59.82078
74.70042	59.80728
74.80009	59.79399
74.89977	59.78092
74.99945	59.76786
75.09916	59.75504
75.19888	59.74232
75.29861	59.72960
75.39838	59.71711
75.49812	59.70462
75.59789	59.69218
75.69766	59.67986
75.79744	59.66754
75.89722	59.65522
75.99699	59.64291
76.09678	59.63059
76.19653	59.61826
76.29631	59.60590
76.39609	59.59353
76.49585	59.58117
76.59563	59.56881
76.69539	59.55645
76.79516	59.54401
76.89491	59.53143
76.99464	59.51886
77.09438	59.50623
77.19409	59.49342
77.29381	59.48060
77.39353	59.46778
77.49320	59.45467
77.59288	59.44156
77.69254	59.42844
77.79219	59.41504
77.89182	59.40156
77.99144	59.38808
78.09105	59.37443
78.19062	59.36064
78.29018	59.34665
78.38973	59.33257
78.48923	59.31829
78.58873	59.30387
78.68820	59.28934
78.78765	59.27456
78.88709	59.25968
78.98647	59.24457
79.08584	59.22929
79.18517	59.21387
79.28448	59.19816
79.38377	59.18235
79.48299	59.16625
79.58221	59.14997
79.68138	59.13351
79.78051	59.11674
79.87961	59.09985
79.97865	59.08260
80.07767	59.06517
80.17663	59.04751
80.27554	59.02952
80.37443	59.01139
80.47324	58.99283
80.57201	58.97409
80.67072	58.95505
80.76938	58.93567
80.86798	58.91613
80.96651	58.89606
81.06497	58.87582
81.16336	58.85521
81.26169	58.83423
81.35996	58.81305
81.45815	58.79140
81.55624	58.76937
81.65424	58.74699
81.75218	58.72422
81.84999	58.70108
81.94773	58.67748
82.04536	58.65348
82.14288	58.62907
82.24030	58.60422
82.33758	58.57889
82.43475	58.55308
82.53180	58.52680
82.62868	58.50005
82.72546	58.47276
82.82205	58.44493
82.91851	58.41658
83.01481	58.38769
83.11092	58.35818
83.20684	58.32807
83.30256	58.29738
83.39810	58.26606
83.49339	58.23403
83.58846	58.20136
83.68332	58.16802
83.77786	58.13389
83.87217	58.09904
83.96621	58.06346
84.05989	58.02700
84.15328	57.98976
84.24630	57.95167
84.33896	57.91264
84.43124	57.87275
84.52307	57.83183
84.61448	57.78997
84.70540	57.74708
84.79578	57.70310
84.88567	57.65804
84.97491	57.61176
85.06357	57.56439
85.15154	57.51570
85.23876	57.46573
85.32520	57.41440
85.41083	57.36166
85.49551	57.30749
85.57920	57.25182
85.66184	57.19458
85.74332	57.13570
85.82357	57.07511
85.90244	57.01283
85.97990	56.94868
86.05573	56.88271
86.12988	56.81482
86.20215	56.74492
86.27243	56.67303
86.34049	56.59906
86.40622	56.52304
86.46944	56.44485
86.52994	56.36455
86.58752	56.28217
86.64199	56.19767
86.69313	56.11112
86.74078	56.02263
86.78477	55.93221
86.82490	55.84006
86.86099	55.74625
86.89297	55.65096
86.92074	55.55432
86.94424	55.45657
86.96341	55.35789
86.97823	55.25847
86.98881	55.15852
86.99516	55.05818
86.99739	54.95767
86.99564	54.85716
86.98999	54.75682
86.98064	54.65672
86.96774	54.55701
86.95142	54.45783
86.93188	54.35923
86.90931	54.26125
86.88384	54.16400
86.85565	54.06753
86.82485	53.97179
86.79141	53.87699
86.75626	53.78282
86.72086	53.68872
86.68521	53.59470
86.64933	53.50080
86.61320	53.40700
86.57683	53.31325
86.54021	53.21964
86.50333	53.12610
86.46620	53.03270
86.42879	52.93934
86.39115	52.84615
86.35324	52.75306
86.31505	52.66002
86.27659	52.56713
86.23787	52.47438
86.19886	52.38168
86.15960	52.28916
86.12005	52.19675
86.08021	52.10443
86.04008	52.01225
85.99966	51.92020
85.95896	51.82828
85.91796	51.73646
85.87666	51.64480
85.83509	51.55330
85.79318	51.46189
85.75097	51.37067
85.70843	51.27956
85.66559	51.18863
85.62242	51.09781
85.57895	51.00717
85.53516	50.91668
85.49103	50.82633
85.44659	50.73617
85.40176	50.64618
85.35661	50.55634
85.31114	50.46670
85.26532	50.37722
85.21916	50.28792
85.17264	50.19878
85.12574	50.10986
85.07848	50.02114
85.03087	49.93258
84.98289	49.84421
84.93456	49.75609
84.88580	49.66813
84.83670	49.58042
84.78722	49.49292
84.73737	49.40564
84.68707	49.31856
84.63640	49.23173
84.58534	49.14513
84.53389	49.05875
84.48200	48.97267
84.42971	48.88679
84.37703	48.80116
84.32388	48.71581
84.27034	48.63074
84.21639	48.54591
84.16198	48.46136
84.10714	48.37711
84.05189	48.29313
83.99615	48.20945
83.93997	48.12606
83.88340	48.04297
83.82630	47.96022
83.76878	47.87775
83.71082	47.79565
83.65236	47.71386
83.59346	47.63236
83.53405	47.55128
83.47421	47.47050
83.41383	47.39009
83.35300	47.31004
83.29170	47.23038
83.22991	47.15110
83.16760	47.07215
83.10483	46.99366
83.04155	46.91554
82.97774	46.83782
82.91348	46.76054
82.84868	46.68367
82.78336	46.60721
82.71757	46.53122
82.65124	46.45567
82.58443	46.38057
82.51704	46.30592
82.44923	46.23175
82.38082	46.15808
82.31190	46.08484
82.24249	46.01214
82.17253	45.93993
82.10209	45.86821
82.03108	45.79703
81.95957	45.72638
81.88757	45.65623
81.81499	45.58665
81.74192	45.51761
81.66836	45.44912
81.59421	45.38119
81.51958	45.31383
81.44446	45.24703
81.36878	45.18084
81.29259	45.11523
81.21593	45.05021
81.13876	44.98578
81.06105	44.92199
80.98286	44.85880
80.90419	44.79623
80.82501	44.73426
80.74533	44.67295
80.66519	44.61229
80.58453	44.55221
80.50343	44.49281
80.42187	44.43405
80.33984	44.37598
80.25732	44.31851
80.17437	44.26170
80.09099	44.20557
80.00716	44.15007
79.92288	44.09524
79.83818	44.04109
79.75305	43.98760
79.66751	43.93476
79.58158	43.88259
79.49526	43.83109
79.40854	43.78023
79.32143	43.73003
79.23395	43.68049
79.14609	43.63161
79.05788	43.58338
78.96932	43.53580
78.88042	43.48886
78.79118	43.44255
78.70161	43.39689
78.61173	43.35189
78.52154	43.30746
78.43107	43.26366
78.34029	43.22046
78.24921	43.17785
78.15787	43.13585
78.06627	43.09443
77.97442	43.05361
77.88228	43.01335
77.78992	42.97366
77.69733	42.93452
77.60448	42.89592
77.51144	42.85786
77.41818	42.82031
77.32470	42.78326
77.23104	42.74672
77.13721	42.71069
77.04320	42.67511
76.94896	42.63999
76.85461	42.60534
76.76009	42.57113
76.66537	42.53733
76.57054	42.50396
76.47559	42.47099
76.38047	42.43841
76.28523	42.40620
76.18987	42.37435
76.09444	42.34286
75.99883	42.31168
75.90315	42.28084
75.80737	42.25030
75.71149	42.22005
75.61552	42.19007
75.51947	42.16037
75.42332	42.13100
75.32716	42.10172
75.23089	42.07276
75.13459	42.04391
75.03819	42.01533
74.94178	41.98687
74.84529	41.95862
74.74876	41.93045
74.65222	41.90248
74.55565	41.87458
74.45898	41.84684
74.36234	41.81920
74.26569	41.79156
74.16904	41.76392
74.07233	41.73637
73.97564	41.70888
73.87895	41.68139
73.78223	41.65389
73.68553	41.62633
73.58887	41.59875
73.49217	41.57115
73.39551	41.54357
73.29890	41.51586
73.20229	41.48806
73.10569	41.46012
73.00915	41.43209
72.91265	41.40392
72.81616	41.37560
72.71977	41.34713
72.62341	41.31848
72.52708	41.28963
72.43084	41.26058
72.33467	41.23134
72.23857	41.20184
72.14249	41.17218
72.04653	41.14220
71.95065	41.11196
71.85486	41.08142
71.75918	41.05061
71.66360	41.01949
71.56808	40.98804
71.47271	40.95627
71.37746	40.92417
71.28230	40.89170
71.18725	40.85886
71.09239	40.82566
70.99763	40.79206
70.90299	40.75806
70.80854	40.72366
70.71425	40.68883
70.62011	40.65357
70.52610	40.61786
70.43231	40.58171
70.33868	40.54510
70.24523	40.50802
70.15199	40.47048
70.05892	40.43245
69.96603	40.39391
69.87339	40.35489
69.78097	40.31536
69.68876	40.27532
69.59676	40.23475
69.50503	40.19367
69.41351	40.15204
69.32221	40.10987
69.23122	40.06718
69.14047	40.02393
69.04999	39.98007
68.95980	39.93567
68.86988	39.89074
68.78024	39.84522
68.69089	39.79913
68.60184	39.75247
68.51311	39.70520
68.42469	39.65736
68.33657	39.60895
68.24879	39.55996
68.16132	39.51038
68.07421	39.46020
67.98746	39.40944
67.90102	39.35809
67.81491	39.30614
67.72922	39.25363
67.64387	39.20050
67.55885	39.14678
67.47424	39.09251
67.39002	39.03764
67.30615	38.98215
67.22270	38.92612
67.13962	38.86953
67.05695	38.81234
66.97467	38.75455
66.89278	38.69622
66.81130	38.63733
66.73023	38.57784
66.64961	38.51784
66.56937	38.45726
66.48955	38.39609
66.41016	38.33442
66.33121	38.27222
66.25269	38.20945
66.17455	38.14616
66.09689	38.08232
66.01966	38.01799
65.94283	37.95313
65.86648	37.88774
65.79052	37.82187
65.71505	37.75549
65.63998	37.68859
65.56535	37.62122
65.49120	37.55337
65.41743	37.48504
65.34415	37.41621
65.27129	37.34697
65.19888	37.27718
65.12688	37.20701
65.05539	37.13637
64.98428	37.06530
64.91363	36.99374
64.84341	36.92183
64.77366	36.84943
64.70428	36.77665
64.63541	36.70343
64.56693	36.62984
64.49889	36.55579
64.43129	36.48139
64.36412	36.40661
64.29739	36.33143
64.23103	36.25587
64.16516	36.17993
64.09969	36.10366
64.03463	36.02699
63.97001	35.94999
63.90579	35.87267
63.84199	35.79494
63.77860	35.71691
63.71560	35.63856
63.65306	35.55988
63.59088	35.48086
63.52909	35.40155
63.46776	35.32191
63.40676	35.24194
63.34618	35.16173
63.28599	35.08121
63.22590	35.00058
63.16583	34.91998
63.10588	34.83930
63.04602	34.75855
62.98613	34.67777
62.92645	34.59687
62.86678	34.51597
62.80716	34.43501
62.74770	34.35395
62.68824	34.27290
62.62888	34.19172
62.56961	34.11052
62.51035	34.02932
62.45129	33.94797
62.39222	33.86660
62.33323	33.78520
62.27438	33.70371
62.21550	33.62219
62.15680	33.54060
62.09814	33.45897
62.03948	33.37728
61.98102	33.29550
61.92256	33.21372
61.86420	33.13186
61.80592	33.04992
61.74767	32.96799
61.68960	32.88597
61.63152	32.80388
61.57351	32.72178
61.51566	32.63957
61.45780	32.55737
61.40005	32.47504
61.34240	32.39270
61.28474	32.31034
61.22727	32.22783
61.16981	32.14534
61.11244	32.06279
61.05517	31.98014
60.99791	31.89752
60.94082	31.81477
60.88377	31.73201
60.82674	31.64918
60.76989	31.56627
60.71304	31.48337
60.65631	31.40036
60.59966	31.31732
60.54301	31.23426
60.48655	31.15105
60.43010	31.06787
60.37375	30.98463
60.31750	30.90131
60.26124	30.81797
60.20518	30.73453
60.14914	30.65107
60.09316	30.56756
60.03732	30.48397
59.98148	30.40038
59.92579	30.31664
59.87016	30.23291
59.81458	30.14915
59.75915	30.06529
59.70370	29.98140
59.64844	29.89745
59.59322	29.81345
59.53801	29.72938
59.48299	29.64525
59.42798	29.56111
59.37309	29.47685
59.31828	29.39258
59.26352	29.30829
59.20892	29.22389
59.15430	29.13946
59.09985	29.05495
59.04546	28.97041
58.99110	28.88582
58.93692	28.80114
58.88275	28.71646
58.82872	28.63168
58.77477	28.54687
58.72086	28.46202
58.66711	28.37707
58.61335	28.29209
58.55976	28.20702
58.50624	28.12193
58.45276	28.03676
58.39945	27.95154
58.34614	27.86631
58.29302	27.78096
58.23993	27.69560
58.18694	27.61016
58.13407	27.52466
58.08120	27.43914
58.02856	27.35350
57.97592	27.26786
57.92340	27.18210
57.87098	27.09632
57.81862	27.01050
57.76643	26.92459
57.71423	26.83864
57.66225	26.75260
57.61029	26.66654
57.55843	26.58039
57.50671	26.49419
57.45502	26.40797
57.40352	26.32161
57.35204	26.23527
57.30074	26.14881
57.24950	26.06233
57.19835	25.97575
57.14734	25.88913
57.09639	25.80250
57.04562	25.71571
56.99485	25.62894
56.94431	25.54204
56.89378	25.45510
56.84341	25.36809
56.79315	25.28103
56.74298	25.19393
56.69296	25.10670
56.64298	25.01949
56.59323	24.93213
56.54347	24.84475
56.49394	24.75727
56.44446	24.66977
56.39513	24.58216
56.34592	24.49450
56.29681	24.40678
56.24787	24.31898
56.19896	24.23110
56.15029	24.14314
56.10165	24.05520
56.05325	23.96706
56.00486	23.87895
55.95672	23.79069
55.90861	23.70239
55.86073	23.61399
55.81292	23.52557
55.76530	23.43704
55.71777	23.34843
55.67042	23.25977
55.62321	23.17101
55.57611	23.08216
55.52922	22.99324
55.48243	22.90426
55.43583	22.81516
55.38935	22.72602
55.34309	22.63677
55.29691	22.54748
55.25097	22.45803
55.20514	22.36859
55.15954	22.27900
55.11403	22.18932
55.06878	22.09956
55.02364	22.00975
54.97874	21.91981
54.93396	21.82978
54.88942	21.73966
54.84504	21.64945
54.80087	21.55912
54.75690	21.46873
54.71311	21.37824
54.66955	21.28759
54.62615	21.19692
54.58306	21.10610
54.54007	21.01523
54.49735	20.92422
54.45488	20.83308
54.41266	20.74187
54.37066	20.65051
54.32891	20.55904
54.28743	20.46750
54.24617	20.37578
54.20518	20.28399
54.16446	20.19207
54.12406	20.10004
54.08391	20.00784
54.04407	19.91555
54.00452	19.82314
53.96526	19.73056
53.92635	19.63789
53.88778	19.54505
53.84952	19.45205
53.81162	19.35896
53.77407	19.26569
53.73692	19.17228
53.70015	19.07870
53.66375	18.98499
53.62780	18.89112
53.59227	18.79704
53.55718	18.70286
53.52257	18.60848
53.48843	18.51389
53.45477	18.41916
53.42170	18.32425
53.38914	18.22914
53.35714	18.13380
53.32576	18.03829
53.29501	17.94259
53.26493	17.84665
53.23553	17.75052
53.20687	17.65416
53.17901	17.55755
53.15192	17.46074
53.12578	17.36366
53.10052	17.26636
53.07623	17.16879
53.05307	17.07097
53.03102	16.97290
53.01017	16.87452
52.99063	16.77592
52.97253	16.67704
52.95598	16.57785
52.94115	16.47845
52.92818	16.37874
52.91728	16.27884
52.90863	16.17865
52.90253	16.07832
52.89927	15.97786
52.89924	15.87729
52.90287	15.77684
52.91070	15.67665
52.92333	15.57691
52.94159	15.47807
52.96632	15.38064
52.99862	15.28549
53.03957	15.19369
53.09021	15.10691
53.15130	15.02717
53.22288	14.95670
53.30394	14.89742
53.39040	14.84620
53.48137	14.80350
53.57587	14.76927
53.67293	14.74321
53.77176	14.72488
53.87165	14.71366
53.97206	14.70890
54.07256	14.70998
54.17289	14.71634
54.27282	14.72738
54.37214	14.74265
54.47084	14.76173
54.56885	14.78422
54.66606	14.80981
54.76249	14.83820
54.85818	14.86914
54.95302	14.90238
55.04711	14.93778
55.14048	14.97515
55.23304	15.01430
55.32490	15.05514
55.41603	15.09756
55.50653	15.14141
55.59632	15.18660
55.68547	15.23304
55.77402	15.28067
55.86192	15.32943
55.94925	15.37927
56.03602	15.43008
56.12221	15.48178
56.20783	15.53445
56.29295	15.58792
56.37759	15.64222
56.46169	15.69730
56.54532	15.75305
56.62848	15.80960
56.71119	15.86673
56.79342	15.92457
56.87527	15.98299
56.95661	16.04203
57.03759	16.10160
57.11813	16.16177
57.19830	16.22245
57.27806	16.28362
57.35743	16.34531
57.43648	16.40747
57.51511	16.47012
57.59339	16.53318
57.67136	16.59669
57.74892	16.66062
57.82616	16.72496
57.90309	16.78968
57.97969	16.85482
58.05593	16.92031
58.13189	16.98618
58.20755	17.05238
58.28286	17.11896
58.35791	17.18589
58.43263	17.25311
58.50711	17.32066
58.58128	17.38855
58.65512	17.45673
58.72873	17.52523
58.80205	17.59401
58.87511	17.66307
58.94790	17.73241
59.02041	17.80206
59.09265	17.87197
59.16463	17.94212
59.23639	18.01256
59.30788	18.08324
59.37913	18.15417
59.45015	18.22535
59.52088	18.29677
59.59137	18.36842
59.66166	18.44034
59.73169	18.51247
59.80148	18.58482
59.87104	18.65739
59.94040	18.73020
60.00950	18.80319
60.07840	18.87641
60.14708	18.94986
60.21551	19.02348
60.28374	19.09731
60.35176	19.17136
60.41955	19.24558
60.48714	19.32001
60.55449	19.39462
60.62165	19.46945
60.68860	19.54446
60.75534	19.61963
60.82189	19.69502
60.88822	19.77056
60.95433	19.84627
61.02028	19.92219
61.08600	19.99824
61.15153	20.07449
61.21685	20.15088
61.28200	20.22748
61.34694	20.30421
61.41167	20.38111
61.47625	20.45822
61.54061	20.53545
61.60477	20.61283
61.66877	20.69040
61.73255	20.76809
61.79615	20.84594
61.85955	20.92392
61.92281	21.00211
61.98585	21.08040
62.04871	21.15884
62.11140	21.23746
62.17390	21.31619
62.23623	21.39508
62.29838	21.47412
62.36034	21.55328
62.42213	21.63258
62.48372	21.71203
62.54515	21.79163
62.60638	21.87135
62.66744	21.95120
62.72836	22.03121
62.78907	22.11132
62.84962	22.19158
62.90998	22.27194
62.97021	22.35248
63.03025	22.43311
63.09010	22.51389
63.14978	22.59480
63.20929	22.67583
63.26862	22.75696
63.32781	22.83825
63.38681	22.91964
63.44564	23.00114
63.50433	23.08278
63.56284	23.16455
63.62115	23.24643
63.67932	23.32844
63.73733	23.41058
63.79515	23.49279
63.85281	23.57512
63.91034	23.65760
63.96767	23.74017
64.02482	23.82287
64.08183	23.90569
64.13867	23.98862
64.19536	24.07166
64.25187	24.15478
64.30825	24.23804
64.36442	24.32142
64.42043	24.40490
64.47630	24.48850
64.53199	24.57218
64.58754	24.65597
64.64292	24.73987
64.69813	24.82391
64.75317	24.90803
64.80804	24.99225
64.86279	25.07658
64.91737	25.16099
64.97177	25.24552
65.02603	25.33021
65.08009	25.41493
65.13403	25.49977
65.18781	25.58471
65.24144	25.66977
65.29486	25.75491
65.34814	25.84016
65.40128	25.92553
65.45425	26.01097
65.50708	26.09650
65.55973	26.18217
65.61220	26.26790
65.66454	26.35373
65.71672	26.43965
65.76876	26.52569
65.82060	26.61183
65.87228	26.69805
65.92383	26.78437
65.97523	26.87078
66.02646	26.95727
66.07752	27.04390
66.12843	27.13059
66.17917	27.21736
66.22977	27.30420
66.28020	27.39119
66.33047	27.47827
66.38058	27.56541
66.43055	27.65265
66.48035	27.73997
66.52998	27.82741
66.57945	27.91493
66.62878	28.00253
66.67796	28.09019
66.72694	28.17798
66.77580	28.26588
66.82450	28.35383
66.87304	28.44185
66.92142	28.53000
66.96962	28.61823
67.01767	28.70652
67.06558	28.79489
67.11333	28.88338
67.16089	28.97194
67.20831	29.06059
67.25560	29.14933
67.30271	29.23813
67.34963	29.32704
67.39643	29.41605
67.44306	29.50508
67.48954	29.59421
67.53584	29.68346
67.58199	29.77278
67.62798	29.86216
67.67383	29.95163
67.71948	30.04122
67.76499	30.13088
67.81027	30.22064
67.85495	30.31072
67.89911	30.40100
67.94291	30.49151
67.98634	30.58216
68.02928	30.67308
68.07176	30.76419
68.11379	30.85552
68.15538	30.94707
68.19644	31.03880
68.23708	31.13077
68.27721	31.22295
68.31685	31.31535
68.35600	31.40794
68.39463	31.50074
68.43275	31.59379
68.47035	31.68701
68.50743	31.78045
68.54395	31.87414
68.57992	31.96799
68.61535	32.06207
68.65022	32.15641
68.68448	32.25091
68.71816	32.34560
68.75127	32.44051
68.78379	32.53567
68.81565	32.63101
68.84691	32.72657
68.87754	32.82235
68.90751	32.91828
68.93685	33.01444
68.96553	33.11082
68.99351	33.20738
69.02079	33.30413
69.04739	33.40107
69.07327	33.49822
69.09845	33.59557
69.12288	33.69306
69.14658	33.79078
69.16951	33.88866
69.19167	33.98669
69.21305	34.08493
69.23366	34.18336
69.25345	34.28191
69.27242	34.38062
69.29056	34.47952
69.30787	34.57857
69.32431	34.67772
69.33987	34.77707
69.35455	34.87653
69.36833	34.97610
69.38122	35.07580
69.39317	35.17563
69.40421	35.27555
69.41426	35.37558
69.42336	35.47570
69.43149	35.57592
69.43864	35.67617
69.44475	35.77654
69.44985	35.87693
69.45394	35.97738
69.45697	36.07786
69.45894	36.17839
69.45986	36.27892
69.45966	36.37944
69.45837	36.48000
69.45598	36.58047
69.45247	36.68094
69.44782	36.78138
69.44201	36.88173
69.43506	36.98203
69.42693	37.08223
69.41763	37.18233
69.40713	37.28231
69.39542	37.38217
69.38251	37.48190
69.36839	37.58141
69.35303	37.68074
69.33641	37.77992
69.31856	37.87884
69.29947	37.97754
69.27910	38.07600
69.25746	38.17419
69.23458	38.27208
69.21042	38.36964
69.18495	38.46691
69.15820	38.56383
69.13020	38.66037
69.10089	38.75655
69.07030	38.85232
69.03843	38.94765
69.00526	39.04253
68.97079	39.13701
68.93505	39.23097
68.89803	39.32441
68.85973	39.41739
68.82015	39.50980
68.77932	39.60166
68.73720	39.69298
68.69384	39.78364
68.64922	39.87374
68.60338	39.96319
68.55627	40.05205
68.50797	40.14018
68.45846	40.22766
68.40771	40.31448
68.35579	40.40057
68.30268	40.48592
68.24840	40.57053
68.19296	40.65442
68.13634	40.73748
68.07867	40.81979
68.01978	40.90133
67.95990	40.98204
67.89885	41.06194
67.83674	41.14099
67.77363	41.21922
67.70939	41.29654
67.64415	41.37302
67.57793	41.44868
67.51062	41.52338
67.44241	41.59719
67.37320	41.67016
67.30303	41.74213
67.23192	41.81318
67.15989	41.88335
67.08697	41.95256
67.01314	42.02076
66.93845	42.08802
66.86287	42.15436
66.78648	42.21969
66.70923	42.28400
66.63112	42.34736
66.55226	42.40970
66.47262	42.47103
66.39217	42.53136
66.31096	42.59060
66.22901	42.64881
66.14632	42.70597
66.06289	42.76208
65.97874	42.81712
65.89393	42.87106
65.80840	42.92391
65.72220	42.97564
65.63532	43.02624
65.54777	43.07570
65.45961	43.12396
65.37079	43.17106
65.28134	43.21694
65.19125	43.26160
65.10059	43.30499
65.00931	43.34710
64.91740	43.38791
64.82496	43.42735
64.73190	43.46536
64.63822	43.50196
64.54404	43.53708
64.44925	43.57058
64.35394	43.60249
64.25802	43.63268
64.16158	43.66109
64.06462	43.68756
63.96709	43.71203
63.86905	43.73429
63.77052	43.75415
63.67148	43.77143
63.57200	43.78582
63.47209	43.79694
63.37183	43.80433
63.27132	43.80741
63.17085	43.80529
63.07053	43.80051
62.96999	43.80227
62.86947	43.80418
62.76896	43.80630
62.66847	43.80864
62.56795	43.81114
62.46747	43.81391
62.36698	43.81678
62.26647	43.81998
62.16600	43.82322
62.06555	43.82685
61.96507	43.83052
61.86462	43.83452
61.76418	43.83862
61.66375	43.84299
61.56328	43.84752
61.46287	43.85227
61.36247	43.85722
61.26205	43.86235
61.16166	43.86774
61.06128	43.87323
60.96090	43.87905
60.86055	43.88492
60.76022	43.89116
60.65990	43.89745
60.55956	43.90407
60.45926	43.91079
60.35897	43.91779
60.25868	43.92494
60.15842	43.93230
60.05818	43.93988
59.95792	43.94762
59.85772	43.95564
59.75752	43.96375
59.65736	43.97218
59.55716	43.98068
59.45702	43.98953
59.35690	43.99846
59.25677	44.00769
59.15666	44.01704
59.05659	44.02664
58.95653	44.03642
58.85650	44.04639
58.75649	44.05660
58.65650	44.06694
58.55650	44.07758
58.45655	44.08829
58.35664	44.09935
58.25671	44.11048
58.15685	44.12193
58.05697	44.13349
57.95712	44.14531
57.85732	44.15729
57.75754	44.16948
57.65777	44.18189
57.55801	44.19445
57.45832	44.20729
57.35863	44.22022
57.25895	44.23349
57.15929	44.24681
57.05970	44.26048
56.96011	44.27423
56.86057	44.28827
56.76104	44.30245
56.66155	44.31686
56.56207	44.33147
56.46264	44.34624
56.36325	44.36127
56.26385	44.37642
56.16449	44.39188
56.06517	44.40740
55.96591	44.42328
55.86663	44.43923
55.76742	44.45547
55.66826	44.47184
55.56908	44.48846
55.46998	44.50526
55.37090	44.52224
55.27181	44.53947
55.17279	44.55681
55.07385	44.57446
54.97489	44.59217
54.87597	44.61026
54.77710	44.62839
54.67828	44.64683
54.57945	44.66540
54.48070	44.68420
54.38199	44.70319
54.28328	44.72236
54.18465	44.74178
54.08604	44.76130
53.98748	44.78115
53.88892	44.80106
53.79045	44.82131
53.69200	44.84163
53.59358	44.86226
53.49522	44.88301
53.39691	44.90399
53.29863	44.92516
53.20040	44.94651
53.10222	44.96811
53.00407	44.98981
52.90594	45.01184
52.80787	45.03392
52.70988	45.05634
52.61189	45.07885
52.51398	45.10164
52.41609	45.12457
52.31823	45.14772
52.22046	45.17107
52.12272	45.19458
52.02505	45.21834
51.92738	45.24221
51.82980	45.26641
51.73224	45.29066
51.63474	45.31525
51.53729	45.33992
51.43991	45.36486
51.34254	45.38996
51.24525	45.41526
51.14801	45.44077
51.05082	45.46643
50.95369	45.49237
50.85659	45.51838
50.75957	45.54473
50.66253	45.57116
50.56562	45.59788
50.46875	45.62471
50.37191	45.65180
50.27516	45.67905
50.17846	45.70648
50.08179	45.73416
49.98516	45.76195
49.88865	45.79004
49.79213	45.81819
49.69570	45.84669
49.59934	45.87525
49.50304	45.90409
49.40677	45.93308
49.31055	45.96229
49.21444	45.99168
49.11835	46.02124
49.02231	46.05106
48.92633	46.08097
48.83047	46.11119
48.73460	46.14149
48.63885	46.17209
48.54310	46.20280
48.44746	46.23376
48.35185	46.26488
48.25632	46.29619
48.16087	46.32772
48.06543	46.35938
47.97011	46.39132
47.87483	46.42332
47.77962	46.45569
47.68446	46.48811
47.58940	46.52081
47.49439	46.55363
47.39942	46.58669
47.30456	46.61992
47.20974	46.65332
47.11498	46.68698
47.02028	46.72071
46.92572	46.75476
46.83114	46.78889
46.73669	46.82332
46.64228	46.85785
46.54796	46.89263
46.45366	46.92758
46.35947	46.96270
46.26536	46.99804
46.17127	47.03352
46.07732	47.06927
45.98340	47.10508
45.88957	47.14124
45.79580	47.17745
45.70214	47.21394
45.60851	47.25057
45.51494	47.28741
45.42149	47.32444
45.32809	47.36161
45.23478	47.39905
45.14152	47.43657
45.04836	47.47441
44.95524	47.51231
44.86226	47.55050
44.76932	47.58879
44.67647	47.62733
44.58365	47.66605
44.49094	47.70492
44.39833	47.74402
44.30574	47.78324
44.21332	47.82274
44.12091	47.86230
44.02860	47.90219
43.93634	47.94217
43.84422	47.98239
43.75216	48.02274
43.66015	48.06331
43.56826	48.10407
43.47643	48.14496
43.38469	48.18612
43.29301	48.22734
43.20146	48.26890
43.10995	48.31051
43.01855	48.35242
42.92722	48.39442
42.83599	48.43665
42.74483	48.47906
42.65376	48.52162
42.56279	48.56442
42.47185	48.60732
42.38107	48.65051
42.29033	48.69376
42.19973	48.73731
42.10915	48.78096
42.01871	48.82484
41.92833	48.86889
41.83802	48.91311
41.74786	48.95753
41.65773	49.00207
41.56771	49.04690
41.47778	49.09176
41.38799	49.13696
41.29823	49.18222
41.20857	49.22776
41.11901	49.27341
41.02954	49.31926
40.94016	49.36531
40.85086	49.41148
40.76170	49.45790
40.67255	49.50441
40.58359	49.55122
40.49466	49.59809
40.40588	49.64523
40.31713	49.69250
40.22851	49.73997
40.13999	49.78760
40.05153	49.83541
39.96321	49.88343
39.87494	49.93154
39.78681	49.97996
39.69873	50.02842
39.61082	50.07718
39.52297	50.12601
39.43521	50.17510
39.34755	50.22433
39.26000	50.27372
39.17254	50.32333
39.08517	50.37304
38.99793	50.42302
38.91071	50.47308
38.82371	50.52342
38.73676	50.57382
38.64994	50.62449
38.56315	50.67529
38.47651	50.72627
38.38998	50.77743
38.30350	50.82874
38.21720	50.88027
38.13094	50.93188
38.04482	50.98381
37.95876	51.03579
37.87288	51.08802
37.78706	51.14035
37.70134	51.19292
37.61574	51.24563
37.53024	51.29849
37.44483	51.35159
37.35952	51.40476
37.27438	51.45821
37.18927	51.51171
37.10433	51.56553
37.01947	51.61939
36.93475	51.67349
36.85008	51.72775
36.76556	51.78216
36.68114	51.83677
36.59679	51.89151
36.51263	51.94647
36.42850	52.00150
36.34457	52.05683
36.26065	52.11224
36.17693	52.16788
36.09328	52.22363
36.00973	52.27959
35.92633	52.33570
35.84301	52.39195
35.75984	52.44843
35.67673	52.50498
35.59381	52.56181
35.51094	52.61869
35.42823	52.67587
35.34558	52.73312
35.26310	52.79058
35.18069	52.84819
35.09842	52.90595
35.01627	52.96391
34.93418	53.02199
34.85229	53.08031
34.77045	53.13867
34.68882	53.19733
34.60721	53.25605
34.52579	53.31500
34.44444	53.37408
34.36321	53.43335
34.28213	53.49277
34.20114	53.55232
34.12030	53.61211
34.03953	53.67195
33.95895	53.73208
33.87842	53.79226
33.79807	53.85271
33.71782	53.91322
33.63771	53.97395
33.55768	54.03484
33.47779	54.09586
33.39806	54.15706
33.31837	54.21839
33.23888	54.27996
33.15945	54.34156
33.08024	54.40346
33.00106	54.46542
32.92208	54.52760
32.84316	54.58990
32.76439	54.65240
32.68577	54.71502
32.60724	54.77778
32.52885	54.84077
32.45055	54.90382
32.37248	54.96712
32.29443	55.03049
32.21658	55.09413
32.13882	55.15782
32.06122	55.22172
31.98369	55.28578
31.90633	55.34997
31.82912	55.41433
31.75199	55.47880
31.67503	55.54351
31.59814	55.60827
31.52149	55.67330
31.44485	55.73840
31.36843	55.80371
31.29210	55.86913
31.21590	55.93474
31.13984	56.00049
31.06391	56.06636
30.98815	56.13242
30.91244	56.19859
30.83696	56.26498
30.76152	56.33142
30.68630	56.39815
30.61114	56.46492
30.53618	56.53191
30.46130	56.59901
30.38659	56.66627
30.31202	56.73368
30.23756	56.80122
30.16325	56.86898
30.08904	56.93678
30.01506	57.00483
29.94109	57.07295
29.86738	57.14130
29.79374	57.20971
29.72026	57.27835
29.64691	57.34709
29.57370	57.41598
29.50063	57.48503
29.42766	57.55421
29.35490	57.62357
29.28220	57.69300
29.20971	57.76271
29.13730	57.83243
29.06512	57.90239
28.99299	57.97243
28.92107	58.04266
28.84925	58.11300
28.77759	58.18350
28.70605	58.25418
28.63464	58.32494
28.56343	58.39590
28.49226	58.46694
28.42137	58.53820
28.35053	58.60950
28.27989	58.68107
28.20934	58.75269
28.13898	58.82449
28.06875	58.89640
27.99864	58.96848
27.92870	59.04072
27.85888	59.11304
27.78926	59.18557
27.71970	59.25814
27.65039	59.33096
27.58111	59.40385
27.51210	59.47694
27.44316	59.55009
27.37441	59.62343
27.30575	59.69692
27.23727	59.77052
27.16897	59.84425
27.10074	59.91812
27.03274	59.99217
26.96481	60.06628
26.89715	60.14060
26.82949	60.21500
26.76211	60.28960
26.69481	60.36425
26.62769	60.43912
26.56069	60.51408
26.49387	60.58918
26.42717	60.66445
26.36063	60.73980
26.29429	60.81531
26.22803	60.89090
26.16200	60.96672
26.09601	61.04258
26.03030	61.11866
25.96464	61.19481
25.89922	61.27113
25.83389	61.34754
25.76874	61.42413
25.70374	61.50082
25.63888	61.57763
25.57423	61.65458
25.50965	61.73165
25.44530	61.80891
25.38102	61.88619
25.31700	61.96373
25.25305	62.04127
25.18935	62.11903
25.12569	62.19689
25.06227	62.27489
24.99898	62.35299
24.93586	62.43122
24.87288	62.50962
24.81004	62.58809
24.74742	62.66672
24.68486	62.74545
24.62259	62.82433
24.56034	62.90328
24.49836	62.98247
24.43645	63.06167
24.37480	63.14107
24.31324	63.22052
24.25186	63.30017
24.19062	63.37991
24.12956	63.45975
24.06866	63.53976
24.00789	63.61984
23.94735	63.70008
23.88687	63.78041
23.82666	63.86092
23.76650	63.94144
23.70664	64.02220
23.64680	64.10302
23.58723	64.18400
23.52775	64.26505
23.46847	64.34628
23.40934	64.42757
23.35038	64.50900
23.29159	64.59056
23.23293	64.67220
23.17451	64.75398
23.11616	64.83584
23.05804	64.91792
Goker Cebeci
https://thenounproject.com/icon/rabbig-1092770/
