97.44500	39.35200
97.80949	39.35200
98.17398	39.35200
98.53847	39.35200
98.90295	39.35200
99.26744	39.35200
99.63193	39.35200
99.99641	39.35200
100.36089	39.35200
100.72537	39.35200
101.08986	39.35200
101.45435	39.35200
101.81883	39.35200
102.18332	39.35200
102.54781	39.35200
102.91229	39.35200
103.27678	39.35200
103.64127	39.35200
104.00575	39.35200
104.37024	39.35200
104.73473	39.35200
105.09921	39.35200
105.46370	39.35200
105.82819	39.35200
106.19266	39.35200
106.55714	39.35200
106.92163	39.35200
107.28612	39.35200
107.65060	39.35200
108.01509	39.35200
108.37958	39.35200
108.74406	39.35200
109.10855	39.35200
109.47304	39.35200
109.83752	39.35200
110.20201	39.35200
110.56650	39.35200
110.93098	39.35200
111.29547	39.35200
111.65994	39.35200
112.02443	39.35200
112.38892	39.35200
112.75340	39.35200
113.11789	39.35200
113.48238	39.35200
113.84686	39.35200
114.21135	39.35200
114.57584	39.35200
114.94032	39.35200
115.30481	39.35200
115.66930	39.35200
116.03378	39.35200
116.39827	39.35200
116.76276	39.35200
117.12723	39.35200
117.49171	39.35200
117.85620	39.35200
118.22069	39.35200
118.58517	39.35200
118.94966	39.35200
119.31415	39.35200
119.67863	39.35200
120.04312	39.35200
120.40761	39.35200
120.77209	39.35200
121.13658	39.35200
121.50107	39.35200
121.86555	39.35200
122.23004	39.35200
122.59451	39.35200
122.95900	39.35200
123.32349	39.35200
123.68797	39.35200
124.05246	39.35200
124.41695	39.35200
124.78143	39.35200
125.14592	39.35200
125.51041	39.35200
125.87489	39.35200
126.23938	39.35200
126.60387	39.35200
126.96835	39.35200
127.33284	39.35200
127.69733	39.35200
128.06180	39.35200
128.42628	39.35200
128.79077	39.35200
129.15526	39.35200
129.51974	39.35200
129.88423	39.35200
130.24872	39.35200
130.61320	39.35200
130.97769	39.35200
131.34218	39.35200
131.70667	39.35200
132.07115	39.35200
132.43564	39.35200
132.80011	39.35200
133.16461	39.35200
133.52908	39.35200
133.89359	39.35200
134.25806	39.35200
134.62254	39.35200
134.98703	39.35200
135.35152	39.35200
135.71600	39.35200
136.08049	39.35200
136.44498	39.35200
136.80946	39.35200
137.17395	39.35200
137.53844	39.35200
137.90292	39.35200
138.26740	39.35200
138.63190	39.35200
138.99637	39.35200
139.36087	39.35200
139.72534	39.35200
140.08983	39.35200
140.45432	39.35200
140.81880	39.35200
141.18329	39.35200
141.54778	39.35200
141.91226	39.35200
142.27675	39.35200
142.64124	39.35200
143.00572	39.35200
143.37021	39.35200
143.73468	39.35200
144.09918	39.35200
144.46365	39.35200
144.82816	39.35200
145.19263	39.35200
145.55711	39.35200
145.92160	39.35200
146.28609	39.35200
146.65057	39.35200
147.01506	39.35200
147.37955	39.35200
147.74403	39.35200
148.10852	39.35200
148.47301	39.35200
148.83749	39.35200
149.20198	39.35200
149.56647	39.35200
149.93094	39.35200
150.29544	39.35200
150.65991	39.35200
151.02440	39.35200
151.38889	39.35200
151.75337	39.35200
152.11786	39.35200
152.48235	39.35200
152.84683	39.35200
153.21132	39.35200
153.57581	39.35200
153.94029	39.35200
154.30478	39.35200
154.66927	39.35200
155.03375	39.35200
155.39822	39.35200
155.76273	39.35200
156.12720	39.35200
156.49168	39.35200
156.85617	39.35200
157.22066	39.35200
157.58514	39.35200
157.94963	39.35200
158.31412	39.35200
158.67860	39.35200
159.04309	39.35200
159.40758	39.35200
159.77206	39.35200
160.13655	39.35200
160.50104	39.35200
160.86551	39.35200
161.23001	39.35200
161.59448	39.35200
161.95898	39.35200
162.32346	39.35200
162.68794	39.35200
163.05243	39.35200
163.41692	39.35200
163.78140	39.35200
164.14589	39.35200
164.51038	39.35200
164.87486	39.35200
165.23935	39.35200
165.60382	39.35200
165.96832	39.35200
166.33279	39.35200
166.69730	39.35200
167.06177	39.35200
167.42627	39.35200
167.79074	39.35200
168.15523	39.35200
168.51971	39.35200
168.88420	39.35200
169.24869	39.35200
169.61317	39.35200
169.97766	39.35200
170.34215	39.35200
170.70663	39.35200
171.07111	39.35200
171.43561	39.35200
171.80008	39.35200
172.16458	39.35200
172.52905	39.35200
172.89355	39.35200
173.25803	39.35200
173.62251	39.35200
173.98700	39.35200
174.35149	39.35200
174.71597	39.35200
175.08046	39.35200
175.44495	39.35200
175.80943	39.35200
176.17392	39.35200
176.53839	39.35200
176.90289	39.35200
177.26736	39.35200
177.63187	39.35200
177.99634	39.35200
178.36084	39.35200
178.72531	39.35200
179.08980	39.35200
179.45428	39.35200
179.81877	39.35200
180.18326	39.35200
180.54774	39.35200
180.91223	39.35200
181.27672	39.35200
181.64120	39.35200
182.00568	39.35200
182.37018	39.35200
182.73465	39.35200
183.09915	39.35200
183.46362	39.35200
183.82813	39.35200
184.19260	39.35200
184.55708	39.35200
184.92157	39.35200
185.28606	39.35200
185.65054	39.35200
186.01503	39.35200
186.37952	39.35200
186.74400	39.35200
187.10849	39.35200
187.47296	39.35200
187.83746	39.35200
188.20193	39.35200
188.56644	39.35200
188.93091	39.35200
189.29541	39.35200
189.65988	39.35200
190.02437	39.35200
190.38885	39.35200
190.75334	39.35200
191.11783	39.35200
191.48232	39.35200
191.84680	39.35200
192.21129	39.35200
192.57578	39.35200
192.94025	39.35200
193.30475	39.35200
193.66922	39.35200
194.03372	39.35200
194.39819	39.35200
194.76270	39.35200
195.12717	39.35200
195.49165	39.35200
195.85614	39.35200
196.22063	39.35200
196.58511	39.35200
196.94960	39.35200
197.31409	39.35200
197.67857	39.35200
198.04306	39.35200
198.40753	39.35200
198.77203	39.35200
199.13651	39.35200
199.50101	39.35200
199.86548	39.35200
200.22998	39.35200
200.59445	39.35200
200.95895	39.35200
201.32343	39.35200
201.68791	39.35200
202.05240	39.35200
202.41689	39.35200
202.78137	39.35200
203.14586	39.35200
203.51035	39.35200
203.87482	39.35200
204.23932	39.35200
204.60379	39.35200
204.96829	39.35200
205.33276	39.35200
205.69727	39.35200
206.06174	39.35200
206.42624	39.35200
206.79071	39.35200
207.15520	39.35200
207.51968	39.35200
207.88417	39.35200
208.24866	39.35200
208.61314	39.35200
208.97763	39.35200
209.34210	39.35200
209.70660	39.35200
210.07108	39.35200
210.43558	39.35200
210.80005	39.35200
211.16455	39.35200
211.52902	39.35200
211.89352	39.35200
212.25800	39.35200
212.62248	39.35200
212.98697	39.35200
213.35146	39.35200
213.71594	39.35200
214.08043	39.35200
214.44492	39.35200
214.80939	39.35200
215.17389	39.35200
215.53836	39.35200
215.90286	39.35200
216.26733	39.35200
216.63184	39.35200
216.99631	39.35200
217.36081	39.35200
217.72528	39.35200
218.08977	39.35200
218.45425	39.35200
218.81874	39.35200
219.18323	39.35200
219.54771	39.35200
219.91220	39.35200
220.27669	39.35200
220.64117	39.35200
221.00565	39.35200
221.37015	39.35200
221.73462	39.35200
222.09912	39.35200
222.46359	39.35200
222.82809	39.35200
223.19257	39.35200
223.55705	39.35200
223.92154	39.35200
224.28603	39.35200
224.65051	39.35200
225.01500	39.35200
225.37949	39.35200
225.74397	39.35200
226.10846	39.35200
226.47295	39.35200
226.83743	39.35200
227.20192	39.35200
227.56639	39.35200
227.93088	39.35200
228.29536	39.35200
228.65985	39.35200
229.02434	39.35200
229.38882	39.35200
229.75331	39.35200
230.11780	39.35200
230.48228	39.35200
230.84677	39.35200
231.21126	39.35200
231.57574	39.35200
231.94023	39.35200
232.30472	39.35200
232.66920	39.35200
233.03368	39.35200
233.39816	39.35200
233.76265	39.35200
234.12714	39.35200
234.49162	39.35200
234.85611	39.35200
235.22060	39.35200
235.58508	39.35200
235.94957	39.35200
236.31406	39.35200
236.67854	39.35200
237.04303	39.35200
237.40752	39.35200
237.77200	39.35200
238.13649	39.35200
238.50096	39.35200
238.86545	39.35200
239.22993	39.35200
239.59442	39.35200
239.95891	39.35200
240.32339	39.35200
240.68788	39.35200
241.05237	39.35200
241.41685	39.35200
241.78134	39.35200
242.14583	39.35200
242.51031	39.35200
242.87480	39.35200
243.23929	39.35200
243.60378	39.35200
243.96825	39.35200
244.33273	39.35200
244.69722	39.35200
245.06171	39.35200
245.42619	39.35200
245.79068	39.35200
246.15517	39.35200
246.51965	39.35200
246.88414	39.35200
247.24863	39.35200
247.61311	39.35200
247.97760	39.35200
248.34209	39.35200
248.70657	39.35200
249.07106	39.35200
249.43553	39.35200
249.80002	39.35200
250.16451	39.35200
250.52899	39.35200
250.89348	39.35200
251.25797	39.35200
251.62245	39.35200
251.98694	39.35200
252.35143	39.35200
252.71591	39.35200
253.08040	39.35200
253.44489	39.35200
253.80937	39.35200
254.17386	39.35200
254.53835	39.35200
254.90282	39.35200
255.26730	39.35200
255.63179	39.35200
255.99628	39.35200
256.36078	39.35200
256.72525	39.35200
257.08972	39.35200
257.45422	39.35200
257.81873	39.35200
258.18320	39.35200
258.54767	39.35200
258.91217	39.35200
259.27667	39.35200
259.64114	39.35200
260.00562	39.35200
260.37012	39.35200
260.73459	39.35200
261.09906	39.35200
261.46356	39.35200
261.82806	39.35200
262.19254	39.35200
262.55701	39.35200
262.92151	39.35200
263.28601	39.35200
263.65048	39.35200
264.01495	39.35200
264.37946	39.35200
264.74396	39.35200
265.10843	39.35200
265.47290	39.35200
265.83740	39.35200
266.20187	39.35200
266.56635	39.35200
266.93085	39.35200
267.29535	39.35200
267.65982	39.35200
268.02429	39.35200
268.38879	39.35200
268.75330	39.35200
269.11777	39.35200
269.48224	39.35200
269.84674	39.35200
270.21124	39.35200
270.57571	39.35200
270.94019	39.35200
271.30469	39.35200
271.66916	39.35200
272.03363	39.35200
272.39813	39.35200
272.76263	39.35200
273.12711	39.35200
273.49158	39.35200
273.85608	39.35200
274.22058	39.35200
274.58505	39.35200
274.94952	39.35200
275.31403	39.35200
275.67853	39.35200
276.04300	39.35200
276.40747	39.35200
276.77197	39.35200
277.13644	39.35200
277.50092	39.35200
277.86542	39.35200
278.22992	39.35200
278.59439	39.35200
278.95886	39.35200
279.32336	39.35200
279.68787	39.35200
280.05234	39.35200
280.41681	39.35200
280.78131	39.35200
281.14581	39.35200
281.51028	39.35200
281.87476	39.35200
282.23926	39.35200
282.60373	39.35200
282.96820	39.35200
283.33270	39.35200
283.69720	39.35200
284.06168	39.35200
284.42615	39.35200
284.79065	39.35200
285.15515	39.35200
285.51962	39.35200
285.88409	39.35200
285.91370	39.71446
285.94247	40.07781
285.97125	40.44116
286.00003	40.80451
286.02878	41.16786
286.05756	41.53120
286.08633	41.89455
286.11508	42.25790
286.14386	42.62124
286.17264	42.98459
286.20142	43.34794
286.23016	43.71129
286.25894	44.07464
286.28772	44.43799
286.31647	44.80134
286.34525	45.16469
286.37402	45.52804
286.40280	45.89139
286.43155	46.25474
286.46033	46.61809
286.48911	46.98142
286.51788	47.34477
286.54663	47.70812
286.57541	48.07147
286.60419	48.43482
286.63293	48.79817
286.66171	49.16152
286.69049	49.52487
286.71927	49.88822
286.74802	50.25157
286.77679	50.61492
286.80557	50.97827
286.83432	51.34162
286.86310	51.70497
286.89188	52.06832
286.92065	52.43166
286.94940	52.79500
286.97818	53.15835
287.00696	53.52170
287.03571	53.88505
287.06448	54.24840
287.09326	54.61175
287.12204	54.97510
287.15079	55.33845
287.17957	55.70179
287.20834	56.06514
287.23712	56.42849
287.26587	56.79184
287.29465	57.15519
287.32343	57.51854
287.35217	57.88189
287.38095	58.24523
287.40973	58.60858
287.43851	58.97193
287.46725	59.33527
287.49603	59.69862
287.52481	60.06197
287.55356	60.42532
287.58234	60.78867
287.61111	61.15202
287.63989	61.51537
287.66864	61.87872
287.69742	62.24207
287.72620	62.60542
287.75497	62.96877
287.78372	63.33212
287.81250	63.69545
287.84128	64.05881
287.87003	64.42215
287.89880	64.78551
287.92758	65.14885
287.95636	65.51221
287.98511	65.87555
288.01389	66.23890
288.04266	66.60225
288.07141	66.96560
288.10019	67.32895
288.12897	67.69230
288.15775	68.05565
288.18649	68.41900
288.21527	68.78235
288.24405	69.14568
288.27283	69.50903
288.30157	69.87238
288.33035	70.23573
288.35913	70.59908
288.38788	70.96243
288.41666	71.32578
288.44543	71.68913
288.47421	72.05247
288.50296	72.41582
288.53174	72.77917
288.56052	73.14252
288.58926	73.50587
288.61804	73.86922
288.64682	74.23257
288.67560	74.59591
288.70435	74.95926
288.73312	75.32261
288.76190	75.68596
288.79065	76.04931
288.81943	76.41266
288.84821	76.77600
288.87698	77.13936
288.90573	77.50270
288.93451	77.86606
288.96329	78.22940
288.99207	78.59275
289.02081	78.95610
289.04959	79.31945
289.07837	79.68280
289.10712	80.04613
289.13589	80.40948
289.16467	80.77283
289.19345	81.13618
289.22220	81.49953
289.25098	81.86288
289.27975	82.22623
289.30850	82.58958
289.33728	82.95293
289.36606	83.31628
289.39484	83.67963
289.42358	84.04298
289.45236	84.40633
289.48114	84.76968
289.50992	85.13303
289.53867	85.49636
289.56744	85.85971
289.59622	86.22306
289.62497	86.58641
289.65375	86.94976
289.68253	87.31311
289.71130	87.67646
289.74005	88.03981
289.76883	88.40316
289.79761	88.76651
289.82635	89.12986
289.85513	89.49321
289.88391	89.85656
289.91269	90.21991
289.94144	90.58325
289.97021	90.94661
289.99899	91.30994
290.02774	91.67329
290.05652	92.03664
290.08530	92.39999
290.11407	92.76334
290.14282	93.12669
290.17160	93.49004
290.20038	93.85339
290.22916	94.21674
290.25790	94.58009
290.28668	94.94344
290.31546	95.30679
290.34421	95.67014
290.37299	96.03349
290.40176	96.39684
290.43054	96.76017
290.45929	97.12352
290.48807	97.48686
290.51685	97.85021
290.54559	98.21356
290.57437	98.57691
290.60315	98.94026
290.63193	99.30361
290.66068	99.66696
290.68945	100.03031
290.71823	100.39366
290.74701	100.75701
290.77576	101.12036
290.80453	101.48371
290.83331	101.84706
290.86206	102.21040
290.84784	102.53400
290.48334	102.53400
290.11884	102.53400
289.75436	102.53400
289.38989	102.53400
289.02539	102.53400
288.66089	102.53400
288.29642	102.53400
287.93195	102.53400
287.56744	102.53400
287.20294	102.53400
286.83847	102.53400
286.47400	102.53400
286.10950	102.53400
285.74503	102.53400
285.38052	102.53400
285.01605	102.53400
284.65155	102.53400
284.28708	102.53400
283.92258	102.53400
283.82660	102.24572
283.80048	101.88216
283.77328	101.51871
283.74530	101.15530
283.71677	100.79192
283.68689	100.42868
283.65637	100.06544
283.62509	99.70232
283.59256	99.33928
283.55939	98.97633
283.52527	98.61343
283.49002	98.25068
283.45407	97.88794
283.41705	97.52534
283.37891	97.16286
283.33997	96.80047
283.29996	96.43817
283.25876	96.07605
283.21674	95.71400
283.17361	95.35206
283.12918	94.99031
283.08389	94.62863
283.03763	94.26711
282.98984	93.90576
282.94107	93.54455
282.89136	93.18346
282.84015	92.82260
282.78778	92.46191
282.73438	92.10136
282.67975	91.74097
282.62354	91.38087
282.56622	91.02091
282.50778	90.66116
282.44781	90.30166
282.38638	89.94236
282.32373	89.58330
282.25980	89.22446
282.19427	88.86593
282.12717	88.50767
282.05875	88.14967
281.98895	87.79191
281.91754	87.43450
281.84430	87.07743
281.76962	86.72072
281.69342	86.36426
281.61569	86.00817
281.53604	85.65247
281.45459	85.29724
281.37183	84.94228
281.28690	84.58783
281.20023	84.23380
281.11176	83.88019
281.02127	83.52715
280.92889	83.17452
280.83466	82.82246
280.73825	82.47092
280.63983	82.12000
280.53934	81.76962
280.43671	81.41992
280.33179	81.07083
280.22470	80.72246
280.11536	80.37476
280.00369	80.02782
279.88953	79.68168
279.77295	79.33633
279.65393	78.99184
279.53232	78.64822
279.40814	78.30556
279.28128	77.96385
279.15170	77.62318
279.01935	77.28356
278.88406	76.94514
278.74591	76.60784
278.60474	76.27180
278.46048	75.93706
278.31317	75.60371
278.16263	75.27176
278.00879	74.94132
277.85159	74.61248
277.69095	74.28529
277.52716	73.95973
277.36240	73.63459
277.19489	73.31088
277.02457	72.98861
276.85147	72.66789
276.67545	72.34871
276.49658	72.03115
276.31473	71.71527
276.12991	71.40109
275.94217	71.08868
275.75143	70.77811
275.55771	70.46935
275.36099	70.16254
275.16110	69.85777
274.95816	69.55499
274.75214	69.25431
274.54309	68.95576
274.33081	68.65946
274.11542	68.36541
273.89691	68.07370
273.67526	67.78436
273.45038	67.49754
273.22235	67.21319
272.99115	66.93142
272.75677	66.65228
272.51913	66.37592
272.27838	66.10226
272.03445	65.83144
271.78729	65.56359
271.53699	65.29863
271.28354	65.03667
271.02689	64.77787
270.76718	64.52216
270.50430	64.26967
270.23834	64.02048
269.96933	63.77450
269.69720	63.53206
269.42206	63.29297
269.14401	63.05735
268.86288	62.82537
268.57889	62.59690
268.29196	62.37213
268.00220	62.15105
267.70969	61.93362
267.41428	61.72012
267.11621	61.51035
266.81543	61.30447
266.51205	61.10251
266.20609	60.90438
265.89755	60.71037
265.58655	60.52024
265.27316	60.33420
264.95737	60.15215
264.63934	59.97412
264.31897	59.80029
263.99652	59.63044
263.67175	59.46489
263.34454	59.30444
263.01489	59.14895
262.68292	58.99844
262.34888	58.85272
262.01282	58.71151
261.67499	58.57472
261.33542	58.44225
260.99423	58.31403
260.65155	58.18980
260.30756	58.06948
259.96219	57.95292
259.61563	57.84001
259.26794	57.73064
258.91919	57.62472
258.56943	57.52212
258.21878	57.42276
257.86722	57.32653
257.51486	57.23333
257.16174	57.14307
256.80786	57.05565
256.45337	56.97100
256.09818	56.88915
255.74243	56.80991
255.38609	56.73318
255.02927	56.65893
254.67194	56.58702
254.31413	56.51761
253.95589	56.45044
253.59724	56.38544
253.23819	56.32260
252.87880	56.26198
252.51909	56.20334
252.15903	56.14666
251.79866	56.09207
251.43800	56.03930
251.07710	55.98840
250.71593	55.93937
250.35454	55.89199
249.99287	55.84651
249.63106	55.80262
249.26903	55.76043
248.90681	55.71994
248.54440	55.68090
248.18182	55.64363
247.81909	55.60771
247.45628	55.57311
247.09331	55.54005
246.73018	55.50865
246.36697	55.47846
246.00363	55.44944
245.64018	55.42201
245.27660	55.39595
244.91301	55.37096
244.54929	55.34713
244.18547	55.32494
243.82159	55.30373
243.45769	55.28348
243.09366	55.26479
242.72961	55.24713
242.36552	55.23035
242.00137	55.21493
241.63713	55.20059
241.27292	55.18707
240.90866	55.17481
240.54431	55.16360
240.18001	55.15314
239.81561	55.14393
239.45125	55.13567
239.08682	55.12807
238.72240	55.12180
238.35797	55.11630
237.99353	55.11147
237.62901	55.10799
237.26459	55.10509
236.90009	55.10305
236.53561	55.10207
236.17110	55.10151
235.80663	55.10151
235.44215	55.10151
235.07765	55.10151
234.71318	55.10151
234.34868	55.10151
233.98421	55.10151
233.61971	55.10151
233.25523	55.10151
232.89073	55.10151
232.52626	55.10151
232.16176	55.10151
231.79729	55.10151
231.43279	55.10151
231.06831	55.10151
230.70381	55.10151
230.33934	55.10151
229.97487	55.10151
229.61037	55.10151
229.24590	55.10151
228.88139	55.10151
228.51692	55.10151
228.15242	55.10151
227.78795	55.10151
227.42345	55.10151
227.05898	55.10151
226.69447	55.10151
226.33000	55.10151
225.96550	55.10151
225.60103	55.10151
225.23653	55.10151
224.87206	55.10151
224.50758	55.10151
224.14308	55.10151
223.77861	55.10151
223.41411	55.10151
223.04964	55.10151
222.68513	55.10151
222.32066	55.10151
221.95616	55.10151
221.59169	55.10151
221.22719	55.10151
220.86272	55.10151
220.49821	55.10151
220.13374	55.10151
219.76924	55.10151
219.40477	55.10151
219.04030	55.10151
218.67580	55.10151
218.31133	55.10151
217.94682	55.10151
217.58235	55.10151
217.21785	55.10151
216.85338	55.10151
216.48888	55.10151
216.12440	55.10151
215.75990	55.10151
215.39543	55.10151
215.03093	55.10151
214.66646	55.10151
214.30196	55.10151
213.93748	55.10151
213.57301	55.10151
213.20851	55.10151
212.84404	55.10151
212.47954	55.10151
212.11507	55.10151
211.75056	55.10151
211.38609	55.10151
211.02159	55.10151
210.65712	55.10151
210.29262	55.10151
209.92815	55.10151
209.56364	55.10151
209.19917	55.10151
208.83467	55.10151
208.47020	55.10151
208.10573	55.10151
207.74123	55.10151
207.37675	55.10151
207.01225	55.10151
206.64778	55.10151
206.28328	55.10151
205.91881	55.10151
205.55431	55.10151
205.18983	55.10151
204.82533	55.10151
204.46086	55.10151
204.09636	55.10151
203.73189	55.10151
203.36739	55.10151
203.00291	55.10151
202.63844	55.10151
202.27394	55.10151
201.90947	55.10151
201.54497	55.10151
201.18050	55.10151
200.81599	55.10151
200.45152	55.10151
200.08702	55.10151
199.72255	55.10151
199.35805	55.10151
198.99358	55.10151
198.62907	55.10151
198.26460	55.10151
197.90010	55.10151
197.53563	55.10151
197.17116	55.10151
196.80666	55.10151
196.44218	55.10151
196.07768	55.10151
195.71321	55.10151
195.34871	55.10151
194.98424	55.10151
194.61974	55.10151
194.25526	55.10151
193.89076	55.10151
193.52629	55.10151
193.16179	55.10151
192.79732	55.10151
192.43282	55.10151
192.06834	55.10151
191.70387	55.10151
191.33937	55.10151
190.97490	55.10151
190.61040	55.10151
190.24593	55.10151
189.88142	55.10151
189.51695	55.10151
189.15245	55.10151
188.78798	55.10151
188.42348	55.10151
188.05901	55.10151
187.69450	55.10151
187.33003	55.10151
186.96553	55.10151
186.60106	55.10151
186.23659	55.10151
185.87209	55.10151
185.50761	55.10151
185.14311	55.10151
184.77864	55.10151
184.41414	55.10151
184.04967	55.10151
183.68517	55.10151
183.32069	55.10151
182.95619	55.10151
182.59172	55.10151
182.22722	55.10151
181.86275	55.10151
181.49825	55.10151
181.13377	55.10151
180.76930	55.10151
180.40480	55.10151
180.04033	55.10151
179.67583	55.10151
179.31136	55.10151
178.94685	55.10151
178.58238	55.10151
178.21788	55.10151
177.85341	55.10151
177.48891	55.10151
177.12444	55.10151
176.75993	55.10151
176.39546	55.10151
176.03096	55.10151
175.66649	55.10151
175.30202	55.10151
174.93752	55.10151
174.57304	55.10151
174.20854	55.10151
173.84407	55.10151
173.47957	55.10151
173.11510	55.10151
172.75060	55.10151
172.38612	55.10151
172.02162	55.10150
171.65715	55.10150
171.29265	55.10150
170.92818	55.10150
170.56367	55.10150
170.19920	55.10150
169.83470	55.10150
169.47023	55.10150
169.10576	55.10150
168.74126	55.10150
168.37679	55.10150
168.01228	55.10150
167.64781	55.10150
167.28331	55.10150
166.91884	55.10150
166.55434	55.10150
166.18987	55.10150
165.82536	55.10150
165.46089	55.10150
165.09639	55.10150
164.73192	55.10150
164.36742	55.10150
164.00294	55.10150
163.63847	55.10150
163.27397	55.10150
162.90950	55.10150
162.54500	55.10150
162.18053	55.10150
161.81602	55.10150
161.45155	55.10150
161.08705	55.10150
160.72258	55.10150
160.35808	55.10150
159.99361	55.10150
159.62910	55.10150
159.26463	55.10150
158.90013	55.10150
158.53566	55.10150
158.17119	55.10150
157.80669	55.10150
157.44221	55.10150
157.07771	55.10150
156.71324	55.10150
156.34874	55.10150
155.98427	55.10150
155.61977	55.10150
155.25529	55.10150
154.89079	55.10150
154.52632	55.10150
154.16182	55.10150
153.79735	55.10150
153.43285	55.10150
153.06837	55.10150
152.70390	55.10150
152.33940	55.10150
151.97493	55.10150
151.61043	55.10150
151.24596	55.10150
150.88145	55.10150
150.51698	55.10150
150.62061	55.33019
150.84464	55.61768
151.06866	55.90520
151.29269	56.19270
151.51674	56.48022
151.74075	56.76771
151.96481	57.05522
152.18884	57.34271
152.41286	57.63021
152.63690	57.91772
152.86093	58.20522
153.08498	58.49274
153.30899	58.78023
153.53305	59.06774
153.75706	59.35524
153.98111	59.64275
154.20514	59.93024
154.42918	60.21777
154.65320	60.50526
154.87726	60.79277
155.10129	61.08026
155.32532	61.36778
155.54935	61.65527
155.77338	61.94276
155.99741	62.23029
156.22144	62.51778
156.44550	62.80529
156.66951	63.09279
156.89355	63.38030
157.11758	63.66779
157.34161	63.95531
157.56564	64.24281
157.78970	64.53032
158.01372	64.81782
158.23776	65.10533
158.46179	65.39282
158.68584	65.68034
158.90985	65.96783
159.13388	66.25533
159.35793	66.54284
159.58195	66.83034
159.80600	67.11785
160.03003	67.40534
160.25406	67.69286
160.47809	67.98035
160.70215	68.26787
160.92616	68.55537
161.15021	68.84288
161.37424	69.13037
161.59827	69.41789
161.82230	69.70538
162.04636	69.99290
162.27037	70.28039
162.49440	70.56789
162.71844	70.85540
162.94247	71.14289
163.16650	71.43041
163.39053	71.71790
163.61458	72.00542
163.83861	72.29292
164.06265	72.58043
164.28668	72.86792
164.51071	73.15544
164.73474	73.44293
164.95879	73.73045
165.18282	74.01794
165.40686	74.30546
165.63089	74.59295
165.85490	74.88044
166.07895	75.16796
166.30298	75.45545
166.52702	75.74297
166.75105	76.03046
166.97510	76.31798
167.19913	76.60547
167.42316	76.89299
167.64719	77.18048
167.87123	77.46799
168.09526	77.75549
168.31931	78.04301
168.54333	78.33050
168.76736	78.61802
168.99139	78.90551
169.21542	79.19300
169.43947	79.48051
169.66348	79.76801
169.88754	80.05553
170.11156	80.34302
170.33560	80.63054
170.55963	80.91803
170.78368	81.20554
171.00771	81.49304
171.23175	81.78056
171.45576	82.06805
171.67981	82.35557
171.90384	82.64306
172.12788	82.93057
172.35191	83.21807
172.57593	83.50556
172.79999	83.79308
173.02400	84.08057
173.24805	84.36809
173.47208	84.65558
173.69612	84.94309
173.92014	85.23059
174.14420	85.51810
174.36821	85.80560
174.59225	86.09312
174.81628	86.38061
175.04033	86.66812
175.26434	86.95562
175.48840	87.24313
175.71242	87.53062
175.93645	87.81812
176.16049	88.10564
176.38452	88.39313
176.60855	88.68065
176.83258	88.96814
177.05663	89.25565
177.28065	89.54315
177.50470	89.83067
177.72873	90.11816
177.95277	90.40567
178.17679	90.69316
178.40083	90.98068
178.62486	91.26817
178.84891	91.55569
179.07294	91.84319
179.29697	92.13068
179.52100	92.41820
179.74503	92.70569
179.96907	92.99320
180.19310	93.28070
180.41714	93.56821
180.64117	93.85571
180.86520	94.14322
181.08923	94.43071
181.31328	94.71823
181.53731	95.00572
181.76135	95.29324
181.98538	95.58073
182.20941	95.86826
182.43344	96.15575
182.65749	96.44326
182.88152	96.73076
183.10555	97.01825
183.32959	97.30576
183.55362	97.59325
183.77765	97.88077
184.00168	98.16827
184.22572	98.45578
184.44975	98.74327
184.67380	99.03079
184.89783	99.31828
185.12186	99.60580
185.34589	99.89330
185.56993	100.18081
185.79396	100.46831
186.01801	100.75581
186.24203	101.04331
186.46605	101.33080
186.69009	101.61832
186.91412	101.90582
187.13817	102.19333
187.36220	102.48082
187.58624	102.76834
187.81026	103.05583
188.03430	103.34335
188.25833	103.63084
188.48238	103.91836
188.70641	104.20586
188.93045	104.49337
189.15448	104.78086
189.37851	105.06837
189.60254	105.35587
189.82657	105.64336
190.05061	105.93088
190.27463	106.21837
190.49869	106.50589
190.72270	106.79338
190.94675	107.08090
191.17078	107.36839
191.39482	107.65591
191.61884	107.94341
191.84290	108.23092
192.06691	108.51841
192.29095	108.80592
192.51498	109.09341
192.73903	109.38094
192.96306	109.66843
193.18707	109.95592
193.41112	110.24344
193.63515	110.53093
193.85919	110.81845
194.08322	111.10594
194.30727	111.39346
194.53128	111.68095
194.75534	111.96847
194.97935	112.25596
195.20340	112.54347
195.42743	112.83097
195.65147	113.11848
195.87549	113.40598
196.09955	113.69350
196.32356	113.98099
196.54759	114.26848
196.77164	114.55600
196.99567	114.84349
197.21971	115.13101
197.44373	115.41850
197.66777	115.70602
197.89180	115.99351
198.11584	116.28102
198.33987	116.56852
198.56392	116.85603
198.78793	117.14352
199.01198	117.43105
199.23601	117.71854
199.46005	118.00606
199.68408	118.29355
199.90811	118.58104
200.13214	118.86856
200.35617	119.15605
200.58022	119.44357
200.80424	119.73106
201.02829	120.01857
201.25232	120.30607
201.47635	120.59358
201.70038	120.88107
201.92442	121.16859
202.14845	121.45609
202.37250	121.74361
202.59653	122.03110
202.82057	122.31861
203.04459	122.60611
203.26862	122.89360
203.49266	123.18111
203.71669	123.46861
203.94073	123.75613
204.16475	124.04362
204.38879	124.33113
204.61282	124.61862
204.83687	124.90614
205.06090	125.19363
205.28494	125.48116
205.50899	125.76867
205.73299	126.05614
205.95703	126.34366
206.18108	126.63117
206.40512	126.91869
206.62914	127.20615
206.85318	127.49368
207.07721	127.78119
207.30122	128.06866
207.52527	128.35617
207.74931	128.64369
207.97336	128.93121
208.19736	129.21867
208.42140	129.50620
208.64545	129.79372
208.86949	130.08122
209.09351	130.36870
209.31755	130.65622
209.54160	130.94373
209.76564	131.23125
209.98964	131.51871
210.21368	131.80623
210.43773	132.09375
210.66174	132.38123
210.88577	132.66873
211.10983	132.95625
211.33386	133.24377
211.55788	133.53123
211.78192	133.81876
212.00597	134.10626
212.23001	134.39378
212.45401	134.68126
212.67805	134.96877
212.90210	135.25629
213.12614	135.54381
213.35016	135.83127
213.57420	136.11879
213.79825	136.40631
214.02225	136.69377
214.24629	136.98129
214.47034	137.26881
214.69438	137.55632
214.91840	137.84380
215.14243	138.13132
215.36647	138.41882
215.59052	138.70634
215.81453	138.99382
216.03857	139.28133
216.26262	139.56885
216.48666	139.85637
216.71066	140.14383
216.93471	140.43135
217.15875	140.71887
217.38277	141.00633
217.60681	141.29385
217.83086	141.58138
218.05490	141.86888
218.27890	142.15636
218.50294	142.44388
218.72699	142.73138
218.95103	143.01891
219.17503	143.30637
219.39908	143.59389
219.62312	143.88141
219.84717	144.16891
220.07118	144.45639
220.29523	144.74391
220.51927	145.03142
220.74327	145.31889
220.96732	145.60641
221.19136	145.89392
221.41541	146.18144
221.63942	146.46892
221.86346	146.75642
222.08749	147.04395
222.31154	147.33147
222.53555	147.61893
222.75960	147.90645
222.98364	148.19397
223.20769	148.48148
223.43169	148.76895
223.65573	149.05647
223.87978	149.34398
224.10379	149.63145
224.32784	149.91898
224.55188	150.20648
224.77592	150.49400
224.99992	150.78146
225.22397	151.06898
225.44801	151.35651
225.67206	151.64403
225.89606	151.93149
226.12010	152.21901
226.34415	152.50653
226.56819	152.79404
226.79221	153.08151
226.90987	153.36688
226.67430	153.64502
226.43878	153.92314
226.20322	154.20129
225.96765	154.47946
225.73209	154.75761
225.49655	155.03572
225.26100	155.31387
225.02544	155.59204
224.78987	155.87019
224.55435	156.14832
224.31879	156.42645
224.08322	156.70462
223.84766	156.98277
223.61212	157.26089
223.37656	157.53903
223.14101	157.81720
222.90549	158.09531
222.66992	158.37347
222.43436	158.65163
222.19879	158.92978
221.96326	159.20789
221.72769	159.48605
221.49213	159.76421
221.25656	160.04236
221.02106	160.32047
220.78549	160.59863
220.54993	160.87679
220.31436	161.15494
220.07883	161.43306
219.84326	161.71121
219.60770	161.98938
219.37218	162.26749
219.13661	162.54564
218.90106	162.82379
218.66550	163.10196
218.42996	163.38007
218.19440	163.65822
217.95883	163.93637
217.72327	164.21454
217.48775	164.49265
217.25218	164.77081
217.01662	165.04895
216.78107	165.32712
216.54553	165.60522
216.30997	165.88339
216.07440	166.16153
215.83888	166.43965
215.60332	166.71780
215.36775	166.99597
215.13219	167.27412
214.89667	167.55223
214.66110	167.83038
214.42554	168.10855
214.18997	168.38670
213.95444	168.66483
213.71889	168.94296
213.48332	169.22113
213.24776	169.49928
213.01224	169.77740
212.77667	170.05556
212.54111	170.33371
212.30557	170.61182
212.07001	170.88998
211.83444	171.16814
211.59889	171.44629
211.36337	171.72440
211.12781	172.00256
210.89224	172.28072
210.65668	172.55887
210.42114	172.83698
210.18558	173.11514
209.95001	173.39331
209.71445	173.67145
209.47894	173.94957
209.24338	174.22772
209.00781	174.50589
208.77228	174.78400
208.53671	175.06215
208.30115	175.34030
208.06558	175.61847
207.83006	175.89658
207.59451	176.17473
207.35895	176.45288
207.12338	176.73105
206.88785	177.00916
206.65228	177.28732
206.41672	177.56546
206.18115	177.84363
205.94563	178.12173
205.71007	178.39990
205.47452	178.67805
205.23898	178.95616
205.00342	179.23431
204.76785	179.51248
204.53229	179.79063
204.29677	180.06874
204.06120	180.34689
203.82564	180.62506
203.59007	180.90321
203.35455	181.18134
203.11899	181.45947
202.88342	181.73764
202.64786	182.01581
202.41234	182.29391
202.17677	182.57207
201.94121	182.85022
201.70569	183.12833
201.47012	183.40649
201.23456	183.68465
200.99899	183.96280
200.76346	184.24091
200.52791	184.51907
200.29234	184.79723
200.05678	185.07538
199.82126	185.35349
199.58569	185.63165
199.35013	185.90982
199.11456	186.18796
198.87903	186.46608
198.64346	186.74423
198.40791	187.02240
198.17238	187.30051
197.93683	187.57866
197.70126	187.85681
197.46570	188.13498
197.23016	188.41309
196.99460	188.69124
196.75903	188.96939
196.52347	189.24756
196.28795	189.52567
196.05238	189.80383
195.81683	190.08197
195.58127	190.36014
195.34573	190.63824
195.11017	190.91641
194.87460	191.19456
194.63908	191.47267
194.40352	191.75082
194.16795	192.02899
193.93239	192.30714
193.69687	192.58525
193.46130	192.86340
193.22574	193.14157
192.99017	193.41972
192.75465	193.69785
192.51909	193.97600
192.28352	194.25415
192.04796	194.53230
191.81244	194.81042
191.57687	195.08858
191.34131	195.36673
191.10579	195.64484
190.87022	195.92300
190.63466	196.20116
190.39909	196.47931
190.16357	196.75742
189.92801	197.03558
189.69244	197.31374
189.45688	197.59189
189.22136	197.87001
188.98579	198.14816
188.75023	198.42632
188.51466	198.70448
188.27914	198.98259
188.04358	199.26074
187.80801	199.53891
187.57248	199.81702
187.33691	200.09517
187.10136	200.37332
186.86580	200.65149
186.63028	200.92960
186.39471	201.20775
186.15915	201.48590
185.92358	201.76407
185.68805	202.04218
185.45248	202.32034
185.21692	202.59850
184.98137	202.87665
184.74583	203.15475
184.51028	203.43292
184.27472	203.71107
184.03918	203.98918
183.80362	204.26733
183.56805	204.54550
183.33249	204.82365
183.09697	205.10176
182.86140	205.37991
182.62584	205.65808
182.39029	205.93623
182.15475	206.21436
181.91919	206.49251
181.68362	206.77066
181.44806	207.04881
181.21254	207.32693
180.97697	207.60509
180.74141	207.88324
180.50589	208.16135
180.27032	208.43951
180.03476	208.71767
179.79919	208.99582
179.56367	209.27393
179.32811	209.55209
179.09254	209.83025
178.85698	210.10840
178.62146	210.38652
178.38589	210.66467
178.15033	210.94284
177.91476	211.22099
177.67924	211.49910
177.44368	211.77725
177.20811	212.05542
176.97260	212.33353
176.73703	212.61168
176.50146	212.88983
176.26590	213.16800
176.03036	213.44611
175.79480	213.72426
175.55925	214.00241
175.32368	214.28058
175.08817	214.55869
174.85260	214.83685
174.61703	215.11501
174.38147	215.39316
174.14594	215.67126
173.91037	215.94943
173.67480	216.22758
173.43929	216.50569
173.20372	216.78384
172.96817	217.06201
172.73260	217.34016
172.49707	217.61827
172.26151	217.89642
172.02594	218.17459
171.79037	218.45274
171.55486	218.73087
171.31929	219.00902
171.08372	219.28717
170.84816	219.56532
170.61264	219.84344
170.37708	220.12160
170.14151	220.39975
169.90599	220.67786
169.67043	220.95602
169.43486	221.23418
169.19930	221.51233
168.96378	221.79045
168.72821	222.06860
168.49265	222.34676
168.25708	222.62491
168.02156	222.90303
167.78600	223.18118
167.55043	223.45935
167.31487	223.73750
167.07935	224.01561
166.84378	224.29376
166.60822	224.57193
166.37270	224.85004
166.13713	225.12819
165.90157	225.40634
165.66600	225.68451
165.43048	225.96262
165.19492	226.24077
164.95935	226.51894
164.72379	226.79709
164.48827	227.07520
164.25270	227.35336
164.01714	227.63152
163.78157	227.90967
163.54605	228.18777
163.31049	228.46594
163.07492	228.74409
162.83939	229.02220
162.60382	229.30035
162.36826	229.57852
162.13271	229.85667
161.89717	230.13478
161.66161	230.41295
161.42606	230.69110
161.19049	230.96925
160.95496	231.24738
160.71939	231.52553
160.48383	231.80368
160.24826	232.08183
160.01274	232.35995
159.77718	232.63811
159.54161	232.91626
159.30609	233.19437
159.07053	233.47253
158.83496	233.75069
158.59940	234.02884
158.36388	234.30696
158.12831	234.58511
157.89275	234.86327
157.65718	235.14143
157.42166	235.41954
157.18610	235.69769
156.95053	235.97586
156.71497	236.25401
156.47945	236.53212
156.24388	236.81027
156.00832	237.08844
155.77275	237.36659
155.53723	237.64470
155.30167	237.92285
155.06610	238.20102
154.83058	238.47913
154.59502	238.75728
154.35945	239.03545
154.12389	239.31360
153.88837	239.59171
153.65280	239.86987
153.41724	240.14803
153.18167	240.42618
152.94615	240.70428
152.71059	240.98245
152.47502	241.26060
152.23946	241.53876
152.00394	241.81686
151.76837	242.09503
151.53281	242.37318
151.29727	242.65129
151.06171	242.92946
150.82616	243.20761
150.59059	243.48576
150.35506	243.76389
150.11949	244.04204
149.88394	244.32019
149.64838	244.59834
149.41284	244.87646
149.17728	245.15462
148.94171	245.43277
148.70616	245.71094
148.47063	245.98904
148.23506	246.26720
147.99950	246.54535
147.76398	246.82347
147.52841	247.10162
147.29285	247.37978
147.05728	247.65794
146.82176	247.93605
146.58620	248.21420
146.35063	248.49236
146.11507	248.77052
145.87955	249.04863
145.64398	249.32678
145.40842	249.60495
145.17285	249.88310
144.93733	250.16121
144.70177	250.43936
144.46620	250.71753
144.23068	250.99564
143.99512	251.27379
143.75955	251.55196
143.52399	251.83011
143.28847	252.10822
143.05290	252.38638
142.81734	252.66454
142.58177	252.94269
142.34625	253.22079
142.11069	253.49896
141.87512	253.77711
141.63956	254.05527
141.40404	254.33339
141.16847	254.61154
140.93291	254.88969
140.69739	255.16780
140.46182	255.44597
140.22626	255.72412
139.99069	256.00229
140.07419	256.13251
140.43869	256.13251
140.80319	256.13251
141.16769	256.13251
141.53214	256.13251
141.89664	256.13251
142.26114	256.13251
142.62564	256.13251
142.99008	256.13251
143.35458	256.13251
143.71909	256.13251
144.08353	256.13251
144.44803	256.13251
144.81253	256.13251
145.17703	256.13251
145.54147	256.13251
145.90598	256.13251
146.27048	256.13251
146.63498	256.13251
146.99942	256.13251
147.36392	256.13251
147.72842	256.13251
148.09293	256.13251
148.45737	256.13251
148.82187	256.13251
149.18637	256.13251
149.55081	256.13251
149.91531	256.13251
150.27982	256.13251
150.64432	256.13251
151.00876	256.13251
151.37326	256.13251
151.73776	256.13251
152.10226	256.13251
152.46671	256.13251
152.83121	256.13251
153.19571	256.13251
153.56021	256.13251
153.92465	256.13251
154.28915	256.13251
154.65366	256.13251
155.01810	256.13251
155.38260	256.13251
155.74710	256.13251
156.11160	256.13251
156.47604	256.13251
156.84055	256.13251
157.20505	256.13251
157.56955	256.13251
157.93399	256.13251
158.29849	256.13251
158.66299	256.13251
159.02750	256.13251
159.39194	256.13251
159.75644	256.13251
160.12094	256.13251
160.48538	256.13251
160.84988	256.13251
161.21439	256.13251
161.57889	256.13251
161.94333	256.13251
162.30783	256.13251
162.67233	256.13251
163.03683	256.13251
163.40128	256.13251
163.76578	256.13251
164.13028	256.13251
164.49478	256.13251
164.85922	256.13251
165.22372	256.13251
165.58823	256.13251
165.95267	256.13251
166.31717	256.13251
166.68167	256.13251
167.04617	256.13251
167.41061	256.13251
167.77512	256.13251
168.13962	256.13251
168.50412	256.13251
168.86856	256.13251
169.23306	256.13251
169.59756	256.13251
169.96207	256.13251
170.32651	256.13251
170.69101	256.13251
171.05551	256.13251
171.41995	256.13251
171.78445	256.13251
172.14896	256.13251
172.51346	256.13251
172.87790	256.13251
173.24240	256.13251
173.60690	256.13251
173.97141	256.13251
174.33585	256.13251
174.70035	256.13251
175.06485	256.13251
175.42935	256.13251
175.79379	256.13251
176.15829	256.13251
176.52280	256.13251
176.88724	256.13251
177.25174	256.13251
177.61624	256.13251
177.98074	256.13251
178.34518	256.13251
178.70969	256.13251
179.07419	256.13251
179.43869	256.13251
179.80313	256.13251
180.16763	256.13251
180.53214	256.13251
180.89664	256.13251
181.26108	256.13251
181.62558	256.13251
181.99008	256.13251
182.35452	256.13251
182.71902	256.13251
183.08353	256.13251
183.44803	256.13251
183.81247	256.13251
184.17697	256.13251
184.54147	256.13251
184.90598	256.13251
185.27042	256.13251
185.63492	256.13251
185.99942	256.13251
186.36392	256.13251
186.72836	256.13251
187.09286	256.13251
187.45737	256.13251
187.82181	256.13251
188.18631	256.13251
188.55081	256.13251
188.91531	256.13251
189.27975	256.13251
189.64426	256.13251
190.00876	256.13251
190.37326	256.13251
190.73770	256.13251
191.10220	256.13251
191.46671	256.13251
191.83121	256.13251
192.19565	256.13251
192.56015	256.13251
192.92465	256.13251
193.28909	256.13251
193.65359	256.13251
194.01810	256.13251
194.38260	256.13251
194.74704	256.13251
195.11154	256.13251
195.47604	256.13251
195.84055	256.13251
196.20499	256.13251
196.56949	256.13251
196.93399	256.13251
197.29849	256.13251
197.66293	256.13251
198.02744	256.13251
198.39194	256.13251
198.75638	256.13251
199.12088	256.13251
199.48538	256.13251
199.84988	256.13251
200.21432	256.13251
200.57883	256.13251
200.94333	256.13251
201.30783	256.13251
201.67227	256.13251
202.03677	256.13251
202.40128	256.13251
202.76578	256.13251
203.13022	256.13251
203.49472	256.13251
203.85922	256.13251
204.22366	256.13251
204.58817	256.13251
204.95267	256.13251
205.31717	256.13251
205.68161	256.13251
206.04611	256.13251
206.41061	256.13251
206.77512	256.13251
207.13956	256.13251
207.50406	256.13251
207.86856	256.13251
208.23306	256.13251
208.59750	256.13251
208.96201	256.13251
209.32651	256.13251
209.69095	256.13251
210.05545	256.13251
210.41995	256.13251
210.78445	256.13251
211.14890	256.13251
211.51340	256.13251
211.87790	256.13251
212.24240	256.13251
212.60684	256.13251
212.97134	256.13251
213.33585	256.13251
213.70035	256.13251
214.06479	256.13251
214.42929	256.13251
214.79379	256.13251
215.15823	256.13251
215.52274	256.13251
215.88724	256.13251
216.25174	256.13251
216.61618	256.13251
216.98068	256.13251
217.34518	256.13251
217.70969	256.13251
218.07413	256.13251
218.43863	256.13251
218.80313	256.13251
219.16763	256.13251
219.53207	256.13251
219.89658	256.13251
220.26108	256.13251
220.62552	256.13251
220.99002	256.13251
221.35452	256.13251
221.71902	256.13251
222.08347	256.13251
222.44797	256.13251
222.81247	256.13251
223.17697	256.13251
223.54141	256.13251
223.90591	256.13251
224.27042	256.13251
224.63492	256.13251
224.99936	256.13251
225.36386	256.13251
225.72836	256.13251
226.09280	256.13251
226.45731	256.13251
226.82181	256.13251
227.18631	256.13251
227.55075	256.13251
227.91525	256.13251
228.27975	256.13251
228.64426	256.13251
229.00870	256.13251
229.37320	256.13251
229.73770	256.13251
230.10220	256.13251
230.46664	256.13251
230.83115	256.13251
231.19565	256.13251
231.56009	256.13251
231.92459	256.13251
232.28909	256.13251
232.65359	256.13251
233.01804	256.13251
233.38254	256.13251
233.74704	256.13251
234.11154	256.13251
234.47598	256.13251
234.84048	256.13251
235.20499	256.13251
235.56946	256.13184
235.93390	256.13092
236.29845	256.12906
236.66293	256.12625
237.02736	256.12289
237.39183	256.11823
237.75629	256.11331
238.12073	256.10672
238.48511	256.10013
238.84950	256.09213
239.21388	256.08325
239.57828	256.07346
239.94252	256.06271
240.30687	256.05106
240.67117	256.03845
241.03540	256.02487
241.39954	256.01035
241.76373	255.99484
242.12787	255.97835
242.49188	255.96086
242.85593	255.94235
243.21989	255.92282
243.58383	255.90228
243.94762	255.88068
244.31139	255.85800
244.67514	255.83429
245.03879	255.80948
245.40230	255.78358
245.76578	255.75658
246.12923	255.72847
246.49257	255.69920
246.85574	255.66882
247.21884	255.63727
247.58191	255.60454
247.94472	255.57065
248.30754	255.53555
248.67021	255.49922
249.03281	255.46169
249.39517	255.42291
249.75748	255.38289
250.11960	255.34160
250.48164	255.29901
250.84343	255.25516
251.20511	255.20998
251.56662	255.16345
251.92799	255.11560
252.28908	255.06641
252.65002	255.01584
253.01080	254.96388
253.37135	254.91052
253.73167	254.85564
254.09181	254.79930
254.45168	254.74150
254.81126	254.68225
255.17068	254.62149
255.52986	254.55923
255.88872	254.49545
256.24725	254.43015
256.60559	254.36327
256.96359	254.29468
257.32123	254.22447
257.67853	254.15265
258.03552	254.07919
258.39224	254.00406
258.74847	253.92731
259.10446	253.84880
259.45999	253.76840
259.81509	253.68625
260.16971	253.60236
260.52402	253.51668
260.87787	253.42923
261.23129	253.33984
261.58405	253.24849
261.93640	253.15529
262.28833	253.06018
262.63965	252.96317
262.99039	252.86407
263.34055	252.76291
263.69019	252.65977
264.03915	252.55469
264.38748	252.44746
264.73517	252.33800
265.08218	252.22646
265.42847	252.11287
265.77405	251.99699
266.11884	251.87880
266.46292	251.75848
266.80615	251.63603
267.14859	251.51094
267.49008	251.38367
267.83084	251.25414
268.17050	251.12207
268.50925	250.98759
268.84714	250.85081
269.18393	250.71138
269.51956	250.56949
269.85434	250.42522
270.18787	250.27820
270.52020	250.12862
270.85150	249.97661
271.18143	249.82164
271.51010	249.66418
271.83749	249.50409
272.16354	249.34105
272.48828	249.17551
272.81146	249.00696
273.13318	248.83572
273.45340	248.66171
273.77206	248.48465
274.08917	248.30499
274.40442	248.12212
274.71817	247.93652
275.02991	247.74770
275.33942	247.55534
275.64630	247.35869
275.95056	247.15797
276.25226	246.95343
276.55106	246.74477
276.84747	246.53258
277.14075	246.31622
277.43155	246.09648
277.71942	245.87300
278.00461	245.64597
278.28714	245.41565
278.56659	245.18167
278.84344	244.94469
279.11740	244.70422
279.38855	244.46065
279.65707	244.21426
279.92245	243.96446
280.18530	243.71188
280.44540	243.45656
280.70248	243.19820
280.95697	242.93729
281.20880	242.67375
281.45764	242.40744
281.70389	242.13879
281.94757	241.86771
282.18826	241.59399
282.42648	241.31807
282.66211	241.04004
282.89490	240.75961
283.12515	240.47701
283.35287	240.19249
283.57813	239.90590
283.80060	239.61717
284.02066	239.32660
284.23828	239.03427
284.45349	238.74013
284.66605	238.44398
284.87625	238.14622
285.08411	237.84689
285.28973	237.54594
285.49289	237.24327
285.69366	236.93903
285.89218	236.63344
286.08850	236.32634
286.28262	236.01782
286.47449	235.70798
286.66406	235.39664
286.85153	235.08405
287.03693	234.77026
287.22025	234.45523
287.40149	234.13898
287.58075	233.82159
287.75784	233.50305
287.93286	233.18341
288.10596	232.86259
288.27710	232.54080
288.44638	232.21796
288.61371	231.89424
288.77924	231.56946
288.94293	231.24379
289.10474	230.91724
289.26480	230.58978
289.42294	230.26134
289.57938	229.93210
289.73401	229.60211
289.88696	229.27130
290.03827	228.93962
290.18784	228.60728
290.33578	228.27420
290.48212	227.94037
290.62683	227.60582
290.76996	227.27061
290.91150	226.93477
291.05148	226.59824
291.18997	226.26105
291.32690	225.92331
291.46240	225.58492
291.59637	225.24594
291.72891	224.90637
291.85999	224.56636
291.98965	224.22569
292.11792	223.88454
292.24484	223.54279
292.37036	223.20062
292.49454	222.85797
292.61740	222.51477
292.73895	222.17119
292.85919	221.82712
292.97812	221.48257
293.09583	221.13762
293.21225	220.79224
293.32742	220.44641
293.44128	220.10017
293.55402	219.75351
293.66547	219.40659
293.77579	219.05913
293.88495	218.71140
293.99295	218.36324
294.09982	218.01485
294.20563	217.66600
294.31030	217.31688
294.41388	216.96738
294.51636	216.61763
294.61761	216.26747
294.71786	215.91705
294.81705	215.56639
294.91525	215.21536
295.01245	214.86403
295.10861	214.51245
295.20383	214.16064
295.29800	213.80852
295.39108	213.45613
295.48322	213.10347
295.73145	213.01070
296.08612	213.09471
296.44083	213.17871
296.79550	213.26273
297.15015	213.34673
297.50482	213.43074
297.85950	213.51474
298.21414	213.59874
298.56882	213.68275
298.92352	213.76675
299.27820	213.85077
299.63284	213.93477
299.98752	214.01877
300.34222	214.10278
300.69690	214.18680
301.05151	214.27080
301.40622	214.35480
301.76089	214.43881
302.11560	214.52283
302.47021	214.60681
302.52298	214.89688
302.47192	215.25780
302.42090	215.61865
302.36984	215.97955
302.31879	216.34045
302.26773	216.70137
302.21667	217.06223
302.16562	217.42313
302.11456	217.78403
302.06354	218.14494
302.01248	218.50580
301.96143	218.86670
301.91037	219.22762
301.85931	219.58853
301.80829	219.94937
301.75723	220.31027
301.70618	220.67119
301.65512	221.03204
301.60406	221.39294
301.55301	221.75385
301.50195	222.11476
301.45093	222.47562
301.39987	222.83652
301.34882	223.19742
301.29776	223.55835
301.24673	223.91919
301.19568	224.28009
301.14462	224.64101
301.09357	225.00192
301.04251	225.36276
300.99146	225.72366
300.94040	226.08458
300.88937	226.44543
300.83832	226.80634
300.78726	227.16725
300.73621	227.52815
300.68518	227.88901
300.63412	228.24991
300.58307	228.61082
300.53201	228.97174
300.48096	229.33258
300.42990	229.69348
300.37885	230.05440
300.32782	230.41531
300.27676	230.77615
300.22571	231.13707
300.17465	231.49797
300.12360	231.85883
300.07257	232.21973
300.02151	232.58064
299.97046	232.94154
299.91940	233.30240
299.86835	233.66330
299.81729	234.02422
299.76624	234.38513
299.71521	234.74597
299.66415	235.10687
299.61310	235.46779
299.56204	235.82870
299.51102	236.18954
299.45996	236.55046
299.40891	236.91136
299.35785	237.27222
299.30679	237.63312
299.25574	237.99403
299.20468	238.35495
299.15366	238.71579
299.10260	239.07669
299.05154	239.43761
299.00049	239.79852
298.94943	240.15936
298.89841	240.52028
298.84735	240.88118
298.79630	241.24210
298.74524	241.60294
298.69418	241.96385
298.64313	242.32477
298.59210	242.68561
298.54105	243.04651
298.48999	243.40742
298.43893	243.76834
298.38788	244.12918
298.33685	244.49010
298.28580	244.85100
298.23474	245.21191
298.18369	245.57275
298.13263	245.93367
298.08157	246.29457
298.03052	246.65549
297.97949	247.01633
297.92844	247.37724
297.87738	247.73816
297.82632	248.09900
297.77530	248.45990
297.72424	248.82082
297.67319	249.18173
297.62213	249.54257
297.57108	249.90349
297.52002	250.26439
297.46896	250.62531
297.41794	250.98615
297.36688	251.34706
297.31583	251.70798
297.26477	252.06888
297.21371	252.42972
297.16269	252.79063
297.11163	253.15155
297.06058	253.51239
297.00952	253.87331
296.95847	254.23421
296.90741	254.59512
296.85638	254.95596
296.80533	255.31688
296.75427	255.67780
296.70322	256.03870
296.65216	256.39954
296.60114	256.76044
296.55008	257.12137
296.49902	257.48227
296.44797	257.84311
296.39691	258.20404
296.34586	258.56494
296.29483	258.92578
296.24377	259.28668
296.19272	259.64761
296.14166	260.00851
296.09061	260.36935
296.03955	260.73029
295.98853	261.09119
295.93747	261.45209
295.88641	261.81293
295.83536	262.17386
295.78430	262.53476
295.73325	262.89566
295.68222	263.25650
295.63116	263.61743
295.58011	263.97833
295.52905	264.33917
295.47800	264.70007
295.42697	265.06100
295.37592	265.42191
295.32486	265.78275
295.27380	266.14368
295.22275	266.50458
295.17169	266.86548
295.12067	267.22632
295.06961	267.58725
295.01855	267.94815
294.96750	268.30905
294.91644	268.66989
294.86542	269.03082
294.81436	269.39172
294.76331	269.75256
294.71225	270.11346
294.66119	270.47440
294.61014	270.83530
294.55911	271.19614
294.50806	271.55707
294.45700	271.91797
294.40594	272.27887
294.35489	272.63971
294.30383	273.00064
294.25281	273.36154
294.20175	273.72244
294.15070	274.08331
294.09964	274.44421
294.04858	274.80511
293.99756	275.16595
293.94650	275.52689
293.89545	275.88779
293.84439	276.24869
293.79333	276.60953
293.74228	276.97046
293.69125	277.33136
293.64020	277.69226
293.58914	278.05310
293.53809	278.41403
293.48703	278.77493
293.43597	279.13583
293.38495	279.49670
293.33389	279.85760
293.28284	280.21851
293.23178	280.57935
293.18073	280.94028
293.12967	281.30118
293.07864	281.66208
293.02759	282.02292
292.97653	282.38385
292.92548	282.74475
292.87442	283.10565
292.82339	283.46652
292.77234	283.82742
292.72128	284.18832
292.67023	284.54922
292.61917	284.91010
292.56812	285.27100
292.51709	285.63190
292.46603	285.99274
292.41498	286.35367
292.36392	286.71457
292.31287	287.07547
292.26184	287.43634
292.21078	287.79724
292.15973	288.15814
292.10867	288.51904
292.05762	288.87991
292.00656	289.24081
291.95554	289.60172
291.90448	289.96262
291.85342	290.32349
291.72498	290.59534
291.36047	290.59534
290.99603	290.59534
290.63153	290.59534
290.26703	290.59534
289.90253	290.59534
289.53809	290.59534
289.17358	290.59534
288.80908	290.59534
288.44458	290.59534
288.08014	290.59534
287.71564	290.59534
287.35114	290.59534
286.98663	290.59534
286.62219	290.59534
286.25769	290.59534
285.89319	290.59534
285.52869	290.59534
285.16425	290.59534
284.79974	290.59534
284.43524	290.59534
284.07080	290.59534
283.70630	290.59534
283.34180	290.59534
282.97729	290.59534
282.61285	290.59534
282.24835	290.59534
281.88385	290.59534
281.51935	290.59534
281.15491	290.59534
280.79041	290.59534
280.42590	290.59534
280.06140	290.59534
279.69696	290.59534
279.33246	290.59534
278.96796	290.59534
278.60352	290.59534
278.23901	290.59534
277.87451	290.59534
277.51001	290.59534
277.14557	290.59534
276.78107	290.59534
276.41656	290.59534
276.05206	290.59534
275.68762	290.59534
275.32312	290.59534
274.95862	290.59534
274.59412	290.59534
274.22968	290.59534
273.86517	290.59534
273.50067	290.59534
273.13623	290.59534
272.77173	290.59534
272.40723	290.59534
272.04272	290.59534
271.67828	290.59531
271.31378	290.59531
270.94928	290.59531
270.58478	290.59531
270.22034	290.59531
269.85583	290.59531
269.49133	290.59531
269.12683	290.59531
268.76239	290.59531
268.39789	290.59531
268.03339	290.59531
267.66895	290.59531
267.30444	290.59531
266.93994	290.59531
266.57544	290.59531
266.21100	290.59531
265.84650	290.59531
265.48199	290.59531
265.11749	290.59531
264.75305	290.59531
264.38855	290.59531
264.02405	290.59531
263.65955	290.59531
263.29510	290.59531
262.93060	290.59531
262.56610	290.59531
262.20166	290.59531
261.83716	290.59531
261.47266	290.59531
261.10815	290.59531
260.74371	290.59531
260.37921	290.59531
260.01471	290.59531
259.65021	290.59531
259.28577	290.59531
258.92126	290.59531
258.55676	290.59531
258.19226	290.59531
257.82782	290.59531
257.46332	290.59531
257.09882	290.59531
256.73438	290.59531
256.36987	290.59531
256.00537	290.59531
255.64088	290.59531
255.27644	290.59531
254.91194	290.59531
254.54744	290.59531
254.18294	290.59531
253.81850	290.59531
253.45399	290.59531
253.08949	290.59531
252.72499	290.59531
252.36055	290.59531
251.99605	290.59531
251.63155	290.59531
251.26711	290.59531
250.90260	290.59531
250.53810	290.59531
250.17360	290.59531
249.80916	290.59531
249.44466	290.59531
249.08015	290.59531
248.71565	290.59531
248.35121	290.59531
247.98671	290.59531
247.62221	290.59531
247.25771	290.59531
246.89326	290.59531
246.52876	290.59531
246.16426	290.59531
245.79982	290.59531
245.43532	290.59531
245.07082	290.59531
244.70631	290.59531
244.34187	290.59531
243.97737	290.59531
243.61287	290.59531
243.24837	290.59531
242.88393	290.59531
242.51942	290.59531
242.15492	290.59531
241.79042	290.59531
241.42598	290.59531
241.06148	290.59531
240.69698	290.59531
240.33253	290.59531
239.96803	290.59531
239.60353	290.59531
239.23903	290.59531
238.87459	290.59531
238.51009	290.59531
238.14558	290.59531
237.78108	290.59531
237.41664	290.59531
237.05214	290.59531
236.68764	290.59531
236.32314	290.59531
235.95869	290.59531
235.59419	290.59531
235.22969	290.59531
234.86525	290.59531
234.50075	290.59531
234.13625	290.59531
233.77174	290.59531
233.40730	290.59531
233.04280	290.59531
232.67830	290.59531
232.31380	290.59531
231.94936	290.59531
231.58485	290.59531
231.22035	290.59531
230.85585	290.59531
230.49141	290.59531
230.12691	290.59531
229.76241	290.59531
229.39796	290.59531
229.03346	290.59531
228.66896	290.59531
228.30446	290.59531
227.94002	290.59531
227.57552	290.59531
227.21101	290.59531
226.84651	290.59531
226.48207	290.59531
226.11757	290.59531
225.75307	290.59531
225.38857	290.59531
225.02412	290.59531
224.65962	290.59531
224.29512	290.59531
223.93068	290.59531
223.56618	290.59531
223.20168	290.59531
222.83717	290.59531
222.47273	290.59531
222.10823	290.59531
221.74373	290.59531
221.37923	290.59531
221.01479	290.59531
220.65028	290.59531
220.28578	290.59531
219.92128	290.59531
219.55684	290.59531
219.19234	290.59531
218.82784	290.59531
218.46339	290.59531
218.09889	290.59531
217.73439	290.59531
217.36989	290.59531
217.00545	290.59531
216.64095	290.59531
216.27644	290.59531
215.91194	290.59531
215.54750	290.59531
215.18300	290.59531
214.81850	290.59531
214.45399	290.59531
214.08955	290.59531
213.72505	290.59531
213.36055	290.59531
212.99611	290.59531
212.63161	290.59531
212.26711	290.59531
211.90260	290.59531
211.53816	290.59531
211.17360	290.59531
210.80922	290.59531
210.44472	290.59531
210.08022	290.59531
209.71571	290.59531
209.35121	290.59531
208.98671	290.59531
208.62221	290.59531
208.25771	290.59531
207.89333	290.59531
207.52882	290.59531
207.16432	290.59531
206.79982	290.59531
206.43532	290.59531
206.07082	290.59531
205.70631	290.59531
205.34193	290.59531
204.97743	290.59531
204.61293	290.59531
204.24843	290.59531
203.88393	290.59531
203.51942	290.59531
203.15492	290.59531
202.79042	290.59531
202.42604	290.59531
202.06154	290.59531
201.69704	290.59531
201.33253	290.59531
200.96803	290.59531
200.60353	290.59531
200.23903	290.59531
199.87465	290.59531
199.51015	290.59531
199.14565	290.59531
198.78114	290.59531
198.41664	290.59531
198.05214	290.59531
197.68764	290.59531
197.32314	290.59531
196.95876	290.59531
196.59425	290.59531
196.22975	290.59531
195.86525	290.59531
195.50075	290.59531
195.13625	290.59531
194.77174	290.59531
194.40736	290.59531
194.04286	290.59531
193.67836	290.59531
193.31386	290.59531
192.94936	290.59531
192.58485	290.59531
192.22035	290.59531
191.85585	290.59531
191.49147	290.59531
191.12697	290.59531
190.76247	290.59531
190.39796	290.59531
190.03346	290.59531
189.66896	290.59531
189.30446	290.59531
188.94008	290.59531
188.57558	290.59531
188.21107	290.59531
187.84657	290.59531
187.48207	290.59531
187.11757	290.59531
186.75307	290.59531
186.38857	290.59531
186.02419	290.59531
185.65968	290.59531
185.29518	290.59531
184.93068	290.59531
184.56618	290.59531
184.20168	290.59531
183.83717	290.59531
183.47279	290.59531
183.10829	290.59531
182.74379	290.59531
182.37929	290.59531
182.01479	290.59531
181.65028	290.59531
181.28578	290.59531
180.92128	290.59531
180.55690	290.59531
180.19240	290.59531
179.82790	290.59531
179.46339	290.59531
179.09889	290.59531
178.73439	290.59531
178.36989	290.59531
178.00551	290.59531
177.64101	290.59531
177.27650	290.59531
176.91200	290.59531
176.54750	290.59531
176.18300	290.59531
175.81850	290.59531
175.45399	290.59531
175.08961	290.59531
174.72511	290.59531
174.36061	290.59531
173.99611	290.59531
173.63161	290.59531
173.26711	290.59531
172.90260	290.59531
172.53822	290.59531
172.17372	290.59531
171.80922	290.59531
171.44472	290.59531
171.08022	290.59531
170.71571	290.59531
170.35121	290.59531
169.98671	290.59531
169.62233	290.59531
169.25783	290.59531
168.89333	290.59531
168.52882	290.59531
168.16432	290.59531
167.79982	290.59531
167.43532	290.59531
167.07094	290.59531
166.70644	290.59531
166.34193	290.59531
165.97743	290.59531
165.61293	290.59531
165.24843	290.59531
164.88393	290.59531
164.51942	290.59531
164.15504	290.59531
163.79054	290.59531
163.42604	290.59531
163.06154	290.59531
162.69704	290.59531
162.33253	290.59531
161.96803	290.59531
161.60365	290.59531
161.23915	290.59531
160.87465	290.59531
160.51015	290.59531
160.14565	290.59531
159.78114	290.59531
159.41664	290.59531
159.05214	290.59531
158.68776	290.59531
158.32326	290.59531
157.95876	290.59531
157.59425	290.59531
157.22975	290.59531
156.86525	290.59531
156.50075	290.59531
156.13637	290.59531
155.77187	290.59531
155.40736	290.59531
155.04286	290.59531
154.67836	290.59531
154.31386	290.59531
153.94936	290.59531
153.58485	290.59531
153.22047	290.59531
152.85597	290.59531
152.49147	290.59531
152.12697	290.59531
151.76247	290.59531
151.39796	290.59531
151.03346	290.59531
150.66908	290.59531
150.30458	290.59531
149.94008	290.59531
149.57558	290.59531
149.21107	290.59531
148.84657	290.59531
148.48207	290.59531
148.11757	290.59531
147.75319	290.59531
147.38869	290.59531
147.02419	290.59531
146.65968	290.59531
146.29518	290.59531
145.93068	290.59531
145.56618	290.59531
145.20180	290.59531
144.83730	290.59531
144.47279	290.59531
144.10829	290.59531
143.74379	290.59531
143.37929	290.59531
143.01479	290.59531
142.65028	290.59531
142.28590	290.59531
141.92140	290.59531
141.55690	290.59531
141.19240	290.59531
140.82790	290.59531
140.46339	290.59531
140.09889	290.59531
139.73451	290.59531
139.37001	290.59531
139.00551	290.59531
138.64101	290.59531
138.27650	290.59531
137.91200	290.59531
137.54750	290.59531
137.18300	290.59531
136.81862	290.59531
136.45412	290.59531
136.08961	290.59531
135.72511	290.59531
135.36061	290.59531
134.99611	290.59531
134.63161	290.59531
134.26723	290.59531
133.90273	290.59531
133.53822	290.59531
133.17372	290.59531
132.80922	290.59531
132.44472	290.59531
132.08022	290.59531
131.71571	290.59531
131.35133	290.59531
130.98683	290.59531
130.62233	290.59531
130.25783	290.59531
129.89333	290.59531
129.52882	290.59531
129.16432	290.59531
128.79994	290.59531
128.43544	290.59531
128.07094	290.59531
127.70644	290.59531
127.34193	290.59531
126.97743	290.59531
126.61293	290.59531
126.24843	290.59531
125.88405	290.59531
125.51955	290.59531
125.15504	290.59531
124.79054	290.59531
124.42604	290.59531
124.06154	290.59531
123.69704	290.59531
123.33266	290.59531
122.96815	290.59531
122.60365	290.59531
122.23915	290.59531
121.87465	290.59531
121.51015	290.59531
121.14565	290.59531
120.78114	290.59531
120.41676	290.59531
120.05226	290.59531
119.68776	290.59531
119.32326	290.59531
118.95876	290.59531
118.59425	290.59531
118.22975	290.59531
117.86537	290.59531
117.50087	290.59531
117.13637	290.59531
116.77187	290.59531
116.40736	290.59531
116.04286	290.59531
115.67836	290.59531
115.31386	290.59531
114.94948	290.59531
114.58498	290.59531
114.22047	290.59531
113.85597	290.59531
113.49147	290.59531
113.12697	290.59531
112.76247	290.59531
112.39809	290.59531
112.03358	290.59531
111.66908	290.59531
111.30458	290.59531
110.94008	290.59531
110.57558	290.59531
110.21107	290.59531
109.84657	290.59531
109.48219	290.59531
109.11769	290.59531
108.75319	290.59531
108.38869	290.59531
108.02419	290.59531
107.65968	290.59531
107.29518	290.59531
106.93080	290.59531
106.56630	290.59531
106.20180	290.59531
105.83730	290.59531
105.47279	290.59531
105.10829	290.59531
104.74379	290.59531
104.37929	290.59531
104.01491	290.59531
103.65041	290.59531
103.28590	290.59531
102.92140	290.59531
102.55690	290.59531
102.19240	290.59531
101.82790	290.59531
101.46352	290.59531
101.09901	290.59531
100.73451	290.59531
100.37001	290.59531
100.00551	290.59531
99.64101	290.59531
99.27650	290.59531
98.91200	290.59531
98.54762	290.59531
98.18312	290.59531
97.81862	290.59531
97.45497	290.59442
97.45497	290.22992
97.45497	289.86542
97.45497	289.50092
97.45497	289.13654
97.45497	288.77203
97.45497	288.40753
97.45497	288.04303
97.45497	287.67853
97.45497	287.31403
97.45497	286.94952
97.45497	286.58502
97.45497	286.22064
97.45497	285.85614
97.45497	285.49164
97.45497	285.12714
97.45497	284.76263
97.45497	284.39813
97.45497	284.03363
97.62041	283.72986
97.85606	283.45178
98.09171	283.17371
98.32735	282.89560
98.56300	282.61752
98.79864	282.33942
99.03429	282.06134
99.26993	281.78326
99.50549	281.50525
99.74114	281.22717
99.97678	280.94907
100.21243	280.67099
100.44807	280.39288
100.68372	280.11481
100.91936	279.83673
101.15493	279.55872
101.39057	279.28064
101.62621	279.00256
101.86186	278.72446
102.09750	278.44638
102.33315	278.16827
102.56879	277.89020
102.80444	277.61212
103.04000	277.33411
103.27565	277.05603
103.51129	276.77792
103.74694	276.49985
103.98258	276.22174
104.21822	275.94366
104.45387	275.66559
104.68944	275.38757
104.92508	275.10950
105.16073	274.83142
105.39637	274.55331
105.63201	274.27524
105.86766	273.99713
106.10330	273.71906
106.33895	273.44098
106.57452	273.16296
106.81016	272.88489
107.04580	272.60678
107.28145	272.32870
107.51709	272.05060
107.75274	271.77252
107.98838	271.49445
108.22395	271.21643
108.45959	270.93835
108.69524	270.66028
108.93088	270.38217
109.16653	270.10406
109.40217	269.82599
109.63782	269.54791
109.87346	269.26981
110.10902	268.99182
110.34467	268.71375
110.58031	268.43564
110.81596	268.15756
111.05161	267.87946
111.28725	267.60138
111.52289	267.32330
111.75845	267.04529
111.99410	266.76721
112.22974	266.48911
112.46539	266.21103
112.70103	265.93292
112.93668	265.65485
113.17233	265.37677
113.40797	265.09866
113.64353	264.82068
113.87918	264.54260
114.11482	264.26450
114.35046	263.98642
114.58611	263.70831
114.82175	263.43024
115.05740	263.15216
115.29297	262.87415
115.52861	262.59607
115.76425	262.31796
115.99990	262.03989
116.23554	261.76178
116.47119	261.48370
116.70683	261.20563
116.94247	260.92752
117.17805	260.64954
117.41369	260.37146
117.64933	260.09335
117.88498	259.81525
118.12062	259.53717
118.35627	259.25909
118.59191	258.98099
118.82748	258.70300
119.06312	258.42493
119.29877	258.14682
119.53441	257.86874
119.77006	257.59064
120.00570	257.31256
120.24134	257.03448
120.47699	256.75638
120.71255	256.47839
120.94820	256.20029
121.18385	255.92221
121.41949	255.64412
121.65513	255.36603
121.89078	255.08795
122.12642	254.80984
122.36198	254.53186
122.59763	254.25377
122.83327	253.97568
123.06892	253.69760
123.30457	253.41949
123.54021	253.14142
123.77586	252.86333
124.01150	252.58524
124.24706	252.30725
124.48270	252.02914
124.71835	251.75107
124.95399	251.47298
125.18964	251.19489
125.42529	250.91681
125.66093	250.63870
125.89650	250.36072
126.13214	250.08263
126.36778	249.80453
126.60343	249.52646
126.83907	249.24835
127.07472	248.97028
127.31036	248.69218
127.54601	248.41409
127.78157	248.13611
128.01721	247.85800
128.25287	247.57993
128.48851	247.30183
128.72415	247.02374
128.95979	246.74565
129.19543	246.46756
129.43100	246.18958
129.66666	245.91148
129.90230	245.63339
130.13794	245.35530
130.37358	245.07721
130.60922	244.79913
130.84488	244.52103
131.08052	244.24295
131.31609	243.96495
131.55173	243.68686
131.78737	243.40878
132.02301	243.13068
132.25867	242.85260
132.49431	242.57451
132.72995	242.29642
132.96552	242.01843
133.20116	241.74033
133.43680	241.46225
133.67245	241.18416
133.90810	240.90607
134.14374	240.62799
134.37938	240.34988
134.61502	240.07181
134.85059	239.79381
135.08624	239.51572
135.32188	239.23764
135.55753	238.95953
135.79317	238.68146
136.02881	238.40337
136.26447	238.12527
136.50003	237.84729
136.73567	237.56918
136.97131	237.29111
137.20695	237.01302
137.44260	236.73492
137.67825	236.45683
137.91389	236.17874
138.14954	235.90067
138.38510	235.62267
138.62074	235.34457
138.85638	235.06648
139.09204	234.78839
139.32768	234.51031
139.56332	234.23221
139.79897	233.95413
140.03453	233.67613
140.27017	233.39804
140.50583	233.11996
140.74147	232.84187
140.97711	232.56378
141.21275	232.28569
141.44839	232.00760
141.68405	231.72952
141.91962	231.45152
142.15526	231.17343
142.39090	230.89534
142.62654	230.61725
142.86218	230.33917
143.09784	230.06107
143.33348	229.78299
143.56905	229.50499
143.80469	229.22690
144.04033	228.94882
144.27597	228.67072
144.51163	228.39264
144.74727	228.11455
144.98291	227.83646
145.21855	227.55836
145.45412	227.28036
145.68976	227.00229
145.92542	226.72420
146.16106	226.44611
146.39670	226.16801
146.63234	225.88992
146.86798	225.61185
147.10355	225.33385
147.33920	225.05576
147.57484	224.77766
147.81049	224.49957
148.04614	224.22150
148.28177	223.94341
148.51743	223.66531
148.75307	223.38722
148.98863	223.10922
149.22427	222.83115
149.45993	222.55305
149.69556	222.27496
149.93121	221.99687
150.16685	221.71878
150.40250	221.44070
150.63806	221.16270
150.87372	220.88461
151.10936	220.60652
151.34500	220.32843
151.58064	220.05035
151.81628	219.77226
152.05194	219.49417
152.28757	219.21608
152.52315	218.93808
152.75879	218.66000
152.99443	218.38191
153.23007	218.10382
153.46573	217.82573
153.70137	217.54764
153.93701	217.26956
154.17258	216.99156
154.40822	216.71347
154.64386	216.43538
154.87952	216.15729
155.11516	215.87920
155.35080	215.60110
155.58644	215.32303
155.82208	215.04494
156.05765	214.76694
156.29330	214.48885
156.52895	214.21075
156.76459	213.93268
157.00023	213.65459
157.23587	213.37650
157.47153	213.09840
157.70709	212.82040
157.94273	212.54233
158.17838	212.26424
158.41402	211.98615
158.64966	211.70805
158.88531	211.42996
159.12096	211.15189
159.35660	210.87379
159.59216	210.59579
159.82780	210.31770
160.06345	210.03961
160.29910	209.76154
160.53474	209.48344
160.77039	209.20535
161.00603	208.92726
161.24159	208.64926
161.47723	208.37119
161.71289	208.09309
161.94853	207.81500
162.18417	207.53691
162.41982	207.25882
162.65546	206.98074
162.89111	206.70265
163.12668	206.42465
163.36232	206.14656
163.59796	205.86847
163.83360	205.59039
164.06924	205.31229
164.30490	205.03421
164.54054	204.75612
164.77611	204.47812
165.01175	204.20004
165.24739	203.92194
165.48303	203.64386
165.71869	203.36577
165.95433	203.08768
166.18997	202.80959
166.42561	202.53149
166.66118	202.25351
166.89682	201.97542
167.13248	201.69733
167.36812	201.41924
167.60376	201.14114
167.83940	200.86307
168.07504	200.58498
168.31061	200.30698
168.54626	200.02888
168.78191	199.75079
169.01755	199.47272
169.25319	199.19463
169.48883	198.91653
169.72449	198.63844
169.96013	198.36035
170.19569	198.08237
170.43134	197.80428
170.66698	197.52618
170.90262	197.24809
171.13828	196.97000
171.37392	196.69193
171.60956	196.41383
171.84512	196.13583
172.08076	195.85774
172.31641	195.57965
172.55206	195.30157
172.78770	195.02348
173.02335	194.74539
173.25899	194.46730
173.49463	194.18921
173.73019	193.91122
173.96585	193.63313
174.20149	193.35504
174.43713	193.07695
174.67278	192.79886
174.90842	192.52077
175.14407	192.24269
175.37964	191.96469
175.61528	191.68660
175.85092	191.40851
176.08656	191.13042
176.32220	190.85233
176.55786	190.57425
176.79350	190.29616
177.02914	190.01807
177.26471	189.74007
177.50035	189.46198
177.73599	189.18390
177.97165	188.90581
178.20729	188.62772
178.44293	188.34962
178.67857	188.07153
178.91414	187.79355
179.14980	187.51546
179.38544	187.23737
179.62108	186.95927
179.85672	186.68118
180.09236	186.40311
180.32800	186.12502
180.56366	185.84692
180.79922	185.56892
181.03487	185.29083
181.27051	185.01276
181.50615	184.73466
181.74181	184.45657
181.97745	184.17848
182.21309	183.90039
182.44865	183.62241
182.68430	183.34431
182.91994	183.06622
183.15559	182.78813
183.39124	182.51004
183.62688	182.23195
183.86252	181.95387
184.09816	181.67578
184.33372	181.39778
184.56938	181.11969
184.80502	180.84160
185.04066	180.56352
185.27631	180.28543
185.51195	180.00734
185.74760	179.72925
185.98317	179.45125
186.21881	179.17317
186.45445	178.89508
186.69009	178.61699
186.92574	178.33890
187.16139	178.06081
187.39703	177.78271
187.63268	177.50464
187.86824	177.22664
188.10388	176.94855
188.33952	176.67046
188.57518	176.39236
188.81082	176.11429
189.04646	175.83620
189.28210	175.55811
189.51767	175.28011
189.75331	175.00201
189.98897	174.72394
190.22461	174.44585
190.46025	174.16776
190.69589	173.88966
190.93153	173.61157
191.16719	173.33350
191.40276	173.05550
191.63840	172.77740
191.87404	172.49931
192.10968	172.22122
192.34532	171.94315
192.58098	171.66505
192.81662	171.38696
193.05219	171.10896
193.28783	170.83087
193.52347	170.55280
193.75911	170.27470
193.99477	169.99661
194.12024	169.71634
193.89581	169.42912
193.67136	169.14191
193.44701	168.85480
193.22256	168.56760
192.99814	168.28038
192.77368	167.99316
192.54926	167.70596
192.32481	167.41875
192.10037	167.13153
191.87601	166.84442
191.65158	166.55722
191.42714	166.27000
191.20270	165.98279
190.97827	165.69559
190.75383	165.40839
190.52939	165.12117
190.30496	164.83395
190.08060	164.54684
189.85616	164.25964
189.63171	163.97243
189.40729	163.68521
189.18283	163.39801
188.95840	163.11079
188.73396	162.82358
188.50961	162.53647
188.28516	162.24927
188.06073	161.96205
187.83629	161.67484
187.61185	161.38763
187.38742	161.10043
187.16298	160.81320
186.93854	160.52600
186.71417	160.23889
186.48975	159.95169
186.26530	159.66446
186.04086	159.37726
185.81644	159.09006
185.59198	158.80284
185.36755	158.51563
185.14319	158.22852
184.91875	157.94131
184.69431	157.65410
184.46988	157.36688
184.24544	157.07968
184.02100	156.79247
183.79657	156.50525
183.57213	156.21805
183.34776	155.93094
183.12332	155.64372
182.89890	155.35651
182.67444	155.06931
182.45001	154.78210
182.22557	154.49489
182.00113	154.20767
181.77670	153.92047
181.55234	153.63336
181.32790	153.34615
181.10345	153.05893
180.87903	152.77173
180.65459	152.48451
180.43015	152.19730
180.20572	151.91010
179.98135	151.62299
179.75691	151.33577
179.53247	151.04855
179.30804	150.76135
179.08359	150.47415
178.85916	150.18694
178.63472	149.89972
178.41028	149.61252
178.18591	149.32541
177.96149	149.03819
177.73705	148.75098
177.51260	148.46378
177.28818	148.17656
177.06374	147.88934
176.83929	147.60214
176.61493	147.31503
176.39050	147.02782
176.16606	146.74060
175.94162	146.45340
175.71719	146.16620
175.49274	145.87898
175.26831	145.59177
175.04387	145.30457
174.81952	145.01746
174.59506	144.73024
174.37064	144.44302
174.14619	144.15582
173.92175	143.86861
173.69733	143.58139
173.47289	143.29419
173.24852	143.00708
173.02408	142.71986
172.79965	142.43265
172.57521	142.14545
172.35077	141.85825
172.12634	141.57101
171.90189	141.28381
171.67746	140.99661
171.45309	140.70950
171.22867	140.42227
171.00421	140.13507
170.77979	139.84787
170.55534	139.56065
170.33090	139.27344
170.10648	138.98624
169.88211	138.69913
169.65767	138.41191
169.43323	138.12469
169.20880	137.83749
168.98436	137.55029
168.75992	137.26306
168.53549	136.97586
168.31104	136.68866
168.08669	136.40155
167.86224	136.11432
167.63782	135.82712
167.41336	135.53992
167.18893	135.25270
166.96449	134.96548
166.74005	134.67828
166.51569	134.39117
166.29126	134.10396
166.06682	133.81674
165.84238	133.52954
165.61795	133.24232
165.39351	132.95511
165.16907	132.66791
164.94464	132.38071
164.72028	132.09358
164.49582	131.80637
164.27139	131.51917
164.04695	131.23196
163.82251	130.94475
163.59808	130.65753
163.37364	130.37033
163.14928	130.08322
162.92484	129.79601
162.70041	129.50879
162.47597	129.22159
162.25153	128.93437
162.02710	128.64716
161.80264	128.35995
161.57822	128.07275
161.35385	127.78563
161.12943	127.49842
160.90498	127.21121
160.68054	126.92400
160.45610	126.63680
160.23166	126.34959
160.00723	126.06237
159.78287	125.77526
159.55843	125.48805
159.33398	125.20084
159.10956	124.91363
158.88512	124.62642
158.66068	124.33921
158.43625	124.05200
158.21181	123.76479
157.98744	123.47768
157.76300	123.19047
157.53857	122.90326
157.31413	122.61605
157.08969	122.32884
156.86525	122.04163
156.64081	121.75442
156.41644	121.46731
156.19202	121.18010
155.96758	120.89288
155.74313	120.60567
155.51871	120.31847
155.29427	120.03126
155.06982	119.74405
154.84540	119.45684
154.62103	119.16972
154.39659	118.88251
154.17215	118.59531
153.94771	118.30810
153.72327	118.02088
153.49884	117.73367
153.27440	117.44646
153.05003	117.15936
152.82559	116.87214
152.60117	116.58493
152.37672	116.29772
152.15228	116.01051
151.92786	115.72330
151.70341	115.43610
151.47897	115.14889
151.25461	114.86177
151.03018	114.57456
150.80574	114.28735
150.58130	114.00014
150.35686	113.71293
150.13242	113.42572
149.90799	113.13851
149.68362	112.85139
149.45918	112.56419
149.23474	112.27698
149.01031	111.98977
148.78587	111.70256
148.56143	111.41535
148.33701	111.12814
148.11256	110.84093
147.88820	110.55382
147.66376	110.26661
147.43933	109.97940
147.21489	109.69218
146.99045	109.40498
146.76601	109.11777
146.54156	108.83056
146.31721	108.54344
146.09277	108.25623
145.86833	107.96902
145.64389	107.68182
145.41946	107.39461
145.19502	107.10739
144.97058	106.82019
144.74615	106.53297
144.52179	106.24586
144.29735	105.95865
144.07291	105.67145
143.84848	105.38423
143.62404	105.09702
143.39960	104.80981
143.17516	104.52261
142.95081	104.23549
142.72636	103.94828
142.50192	103.66107
142.27748	103.37386
142.05304	103.08665
141.82861	102.79944
141.60417	102.51224
141.37973	102.22502
141.15536	101.93791
140.93094	101.65070
140.70650	101.36349
140.48206	101.07628
140.25763	100.78907
140.03319	100.50186
139.80875	100.21465
139.58438	99.92754
139.35995	99.64033
139.13551	99.35312
138.91107	99.06590
138.68663	98.77870
138.46219	98.49149
138.23776	98.20428
138.01332	97.91707
137.78896	97.62996
137.56451	97.34274
137.34009	97.05553
137.11565	96.76833
136.89120	96.48112
136.66678	96.19391
136.44234	95.90669
136.21797	95.61958
135.99353	95.33237
135.76909	95.04517
135.54465	94.75795
135.32022	94.47075
135.09578	94.18353
134.87134	93.89632
134.64691	93.60912
134.42255	93.32201
134.19810	93.03479
133.97366	92.74758
133.74924	92.46037
133.52480	92.17316
133.30035	91.88596
133.07591	91.59874
132.85156	91.31163
132.62712	91.02442
132.40268	90.73721
132.17824	90.45000
131.95380	90.16280
131.72937	89.87558
131.50493	89.58837
131.28049	89.30116
131.05612	89.01405
130.83170	88.72684
130.60725	88.43963
130.38281	88.15242
130.15839	87.86520
129.93394	87.57800
129.70950	87.29079
129.48514	87.00368
129.26071	86.71646
129.03627	86.42926
128.81183	86.14204
128.58739	85.85484
128.36295	85.56763
128.13852	85.28042
127.91408	84.99321
127.68971	84.70609
127.46528	84.41888
127.24084	84.13168
127.01640	83.84447
126.79196	83.55725
126.56753	83.27005
126.34309	82.98283
126.11873	82.69572
125.89429	82.40851
125.66985	82.12131
125.44542	81.83409
125.22098	81.54688
124.99654	81.25967
124.77210	80.97247
124.54767	80.68526
124.32330	80.39814
124.09886	80.11093
123.87443	79.82372
123.64999	79.53651
123.42555	79.24930
123.20111	78.96210
122.97668	78.67488
122.75231	78.38777
122.52788	78.10056
122.30344	77.81335
122.07900	77.52614
121.85457	77.23893
121.63013	76.95172
121.40569	76.66451
121.18125	76.37730
120.95689	76.09019
120.73245	75.80298
120.50801	75.51577
120.28358	75.22856
120.05914	74.94135
119.83470	74.65414
119.61026	74.36693
119.38590	74.07982
119.16146	73.79260
118.93703	73.50539
118.71259	73.21819
118.48815	72.93098
118.26371	72.64377
118.03928	72.35655
117.81483	72.06935
117.59048	71.78223
117.36604	71.49503
117.14160	71.20781
116.91716	70.92060
116.69273	70.63339
116.46828	70.34618
116.24385	70.05898
116.01949	69.77186
115.79505	69.48465
115.57061	69.19744
115.34618	68.91023
115.12173	68.62302
114.89730	68.33582
114.67286	68.04860
114.44843	67.76139
114.22406	67.47428
113.99963	67.18707
113.77518	66.89986
113.55075	66.61265
113.32631	66.32544
113.10188	66.03823
112.87743	65.75102
112.65308	65.46391
112.42863	65.17670
112.20420	64.88949
111.97976	64.60228
111.75533	64.31506
111.53088	64.02786
111.30645	63.74065
111.08201	63.45344
110.85765	63.16632
110.63321	62.87912
110.40878	62.59190
110.18433	62.30470
109.95990	62.01749
109.73546	61.73028
109.51102	61.44307
109.28666	61.15595
109.06223	60.86874
108.83778	60.58154
108.61334	60.29432
108.38891	60.00711
108.16447	59.71991
107.94003	59.43269
107.71560	59.14548
107.49123	58.85837
107.26680	58.57116
107.04236	58.28395
106.81792	57.99674
106.59348	57.70953
106.36905	57.42233
106.14461	57.13511
105.92024	56.84800
105.69581	56.56079
105.47137	56.27358
105.24693	55.98637
105.02249	55.69916
104.79806	55.41195
104.57362	55.12474
104.34918	54.83753
104.12482	54.55042
103.90038	54.26321
103.67594	53.97600
103.45151	53.68879
103.22707	53.40158
103.00263	53.11437
102.77819	52.82716
102.55383	52.54005
102.32939	52.25284
102.10496	51.96563
101.88052	51.67842
101.65608	51.39120
101.43164	51.10400
101.20721	50.81679
100.98277	50.52958
100.75841	50.24246
100.53397	49.95525
100.30953	49.66805
100.08509	49.38084
99.86066	49.09362
99.63622	48.80642
99.41178	48.51921
99.18742	48.23209
98.96298	47.94488
98.73854	47.65767
98.51411	47.37046
98.28967	47.08325
98.06523	46.79604
97.84079	46.50883
97.61636	46.22162
97.45483	45.91278
97.45428	45.54828
97.45374	45.18378
97.45319	44.81928
97.45264	44.45478
97.45210	44.09028
97.45155	43.72578
97.45100	43.36140
97.45046	42.99689
97.44991	42.63239
97.44936	42.26789
97.44882	41.90339
97.44827	41.53889
97.44773	41.17439
97.44718	40.80989
97.44664	40.44551
97.44609	40.08101
97.44555	39.71650