95.69900	80.41400
95.70065	80.53986
95.70139	80.66572
95.70118	80.79158
95.70005	80.91743
95.69798	81.04328
95.69498	81.16911
95.69093	81.29491
95.68594	81.42068
95.68001	81.54640
95.67315	81.67207
95.66534	81.79770
95.65655	81.92326
95.64675	82.04874
95.63600	82.17414
95.62432	82.29946
95.61170	82.42469
95.59812	82.54982
95.58350	82.67483
95.56792	82.79973
95.55141	82.92450
95.53397	83.04915
95.51559	83.17367
95.49614	83.29802
95.47575	83.42222
95.45443	83.54626
95.43217	83.67014
95.40897	83.79385
95.38471	83.91735
95.35953	84.04067
95.33341	84.16380
95.30637	84.28672
95.27833	84.40942
95.24930	84.53189
95.21933	84.65414
95.18845	84.77615
95.15666	84.89793
95.12383	85.01944
95.09005	85.14069
95.05537	85.26168
95.01978	85.38241
94.98322	85.50284
94.94567	85.62298
94.90721	85.74282
94.86786	85.86237
94.82758	85.98162
94.78629	86.10052
94.74410	86.21910
94.70103	86.33736
94.65707	86.45530
94.61210	86.57285
94.56622	86.69006
94.51947	86.80692
94.47184	86.92342
94.42325	87.03953
94.37373	87.15524
94.32335	87.27058
94.27211	87.38554
94.21993	87.50008
94.16684	87.61420
94.11288	87.72791
94.05808	87.84122
94.00237	87.95408
93.94574	88.06648
93.88828	88.17847
93.82997	88.29001
93.77078	88.40109
93.71069	88.51168
93.64976	88.62181
93.58802	88.73149
93.52540	88.84068
93.46190	88.94935
93.39759	89.05754
93.33248	89.16525
93.26651	89.27245
93.19966	89.37909
93.13203	89.48524
93.06361	89.59088
92.99434	89.69597
92.92423	89.80050
92.85335	89.90450
92.78169	90.00797
92.70919	90.11086
92.63589	90.21317
92.56181	90.31493
92.48700	90.41615
92.41135	90.51674
92.33491	90.61674
92.25774	90.71616
92.17983	90.81503
92.10109	90.91321
92.02161	91.01080
91.94141	91.10781
91.86049	91.20422
91.77874	91.29991
91.69629	91.39501
91.61314	91.48949
91.52927	91.58334
91.44462	91.67649
91.35928	91.76901
91.27327	91.86089
91.18654	91.95210
91.09905	92.04259
91.01090	92.13243
90.92210	92.22163
90.83257	92.31010
90.74235	92.39786
90.65148	92.48495
90.55997	92.57136
90.46776	92.65703
90.37487	92.74196
90.28136	92.82622
90.18724	92.90977
90.09241	92.99254
89.99696	93.07458
89.90091	93.15591
89.80426	93.23653
89.70691	93.31631
89.60897	93.39537
89.51045	93.47370
89.41135	93.55128
89.31158	93.62803
89.21126	93.70403
89.11037	93.77929
89.00891	93.85378
88.90684	93.92741
88.80421	94.00027
88.70105	94.07238
88.59732	94.14368
88.49302	94.21412
88.38819	94.28378
88.28285	94.35267
88.17696	94.42072
88.07053	94.48790
87.96360	94.55429
87.85618	94.61988
87.74824	94.68460
87.63977	94.74845
87.53083	94.81149
87.42143	94.87373
87.31153	94.93507
87.20113	94.99553
87.09029	95.05516
86.97901	95.11397
86.86726	95.17186
86.75504	95.22885
86.64240	95.28502
86.52934	95.34034
86.41584	95.39474
86.30190	95.44821
86.18756	95.50083
86.07284	95.55260
85.95771	95.60345
85.84216	95.65336
85.72624	95.70240
85.60995	95.75056
85.49330	95.79781
85.37625	95.84409
85.25886	95.88948
85.14113	95.93399
85.02306	95.97761
84.90462	96.02020
84.78587	96.06190
84.66681	96.10271
84.54744	96.14262
84.42773	96.18153
84.30774	96.21949
84.18745	96.25655
84.06689	96.29271
83.94605	96.32790
83.82492	96.36210
83.70354	96.39537
83.58190	96.42773
83.46003	96.45919
83.33789	96.48958
83.21553	96.51905
83.09294	96.54760
82.97015	96.57521
82.84714	96.60186
82.72391	96.62748
82.60049	96.65218
82.47689	96.67594
82.35312	96.69878
82.22916	96.72059
82.10503	96.74142
81.98075	96.76132
81.85632	96.78028
81.73176	96.79830
81.60704	96.81528
81.48220	96.83129
81.35724	96.84637
81.23217	96.86050
81.10700	96.87370
80.98173	96.88586
80.85636	96.89706
80.73092	96.90731
80.60540	96.91662
80.47981	96.92500
80.35417	96.93238
80.22847	96.93875
80.10272	96.94418
79.97694	96.94868
79.85113	96.95223
79.72529	96.95486
79.59943	96.95646
79.47357	96.95710
79.34771	96.95681
79.22185	96.95558
79.09601	96.95342
78.97018	96.95032
78.84438	96.94611
78.71863	96.94096
78.59291	96.93488
78.46725	96.92784
78.34164	96.91977
78.21610	96.91071
78.09064	96.90071
77.96525	96.88977
77.83995	96.87782
77.71476	96.86484
77.58968	96.85091
77.46469	96.83606
77.33982	96.82022
77.21510	96.80334
77.09051	96.78551
76.96604	96.76675
76.84174	96.74702
76.71761	96.72624
76.59363	96.70453
76.46982	96.68188
76.34618	96.65827
76.22276	96.63363
76.09953	96.60805
75.97648	96.58155
75.85365	96.55405
75.73106	96.52556
75.60868	96.49615
75.48653	96.46581
75.36463	96.43447
75.24298	96.40217
75.12157	96.36895
75.00043	96.33482
74.87958	96.29964
74.75900	96.26356
74.63869	96.22658
74.51868	96.18867
74.39899	96.14973
74.27959	96.10991
74.16049	96.06920
74.04173	96.02751
73.92330	95.98488
73.80520	95.94137
73.68742	95.89697
73.57003	95.85158
73.45300	95.80529
73.33630	95.75814
73.21997	95.71008
73.10405	95.66104
72.98849	95.61115
72.87331	95.56041
72.75856	95.50871
72.64421	95.45612
72.53025	95.40268
72.41670	95.34838
72.30362	95.29312
72.19094	95.23702
72.07869	95.18010
71.96690	95.12226
71.85558	95.06355
71.74467	95.00402
71.63424	94.94364
71.52431	94.88234
71.41484	94.82023
71.30582	94.75732
71.19733	94.69352
71.08934	94.62887
70.98183	94.56344
70.87481	94.49718
70.76835	94.43004
70.66238	94.36212
70.55692	94.29343
70.45203	94.22385
70.34769	94.15347
70.24384	94.08235
70.14056	94.01041
70.03787	93.93764
69.93571	93.86412
69.83409	93.78985
69.73312	93.71472
69.63269	93.63885
69.53282	93.56224
69.43357	93.48485
69.33494	93.40666
69.23687	93.32776
69.13940	93.24813
69.04260	93.16769
68.94640	93.08652
68.85078	93.00468
68.75584	92.92204
68.66154	92.83868
68.56786	92.75463
68.47481	92.66988
68.38246	92.58435
68.29075	92.49816
68.19965	92.41130
68.10930	92.32368
68.01961	92.23537
67.93056	92.14642
67.84220	92.05679
67.75458	91.96643
67.66762	91.87543
67.58132	91.78382
67.49581	91.69147
67.41098	91.59849
67.32684	91.50488
67.24344	91.41061
67.16079	91.31569
67.07884	91.22016
66.99759	91.12403
66.91717	91.02721
66.83746	90.92981
66.75846	90.83183
66.68027	90.73319
66.60284	90.63396
66.52614	90.53417
66.45019	90.43380
66.37509	90.33280
66.30074	90.23124
66.22713	90.12914
66.15437	90.02645
66.08240	89.92319
66.01120	89.81940
65.94077	89.71509
65.87123	89.61018
65.80247	89.50475
65.73450	89.39883
65.66737	89.29236
65.60110	89.18536
65.53561	89.07787
65.47092	88.96990
65.40717	88.86138
65.34422	88.75240
65.28207	88.64294
65.22079	88.53300
65.16042	88.42256
65.10086	88.31168
65.04212	88.20036
64.98432	88.08856
64.92739	87.97631
64.87128	87.86364
64.81602	87.75056
64.76174	87.63700
64.70831	87.52304
64.65572	87.40869
64.60403	87.29393
64.55329	87.17874
64.50342	87.06319
64.45440	86.94726
64.40633	86.83094
64.35918	86.71424
64.31291	86.59718
64.26751	86.47980
64.22311	86.36203
64.17960	86.24392
64.13699	86.12549
64.09528	86.00674
64.05455	85.88764
64.01475	85.76823
63.97584	85.64854
63.93782	85.52856
63.90083	85.40825
63.86476	85.28767
63.82958	85.16682
63.79531	85.04571
63.76207	84.92432
63.72976	84.80267
63.69836	84.68079
63.66787	84.55868
63.63839	84.43631
63.60987	84.31372
63.58226	84.19092
63.55558	84.06792
63.52987	83.94470
63.50516	83.82129
63.48137	83.69769
63.45851	83.57392
63.43657	83.44999
63.41570	83.32587
63.39574	83.20160
63.37672	83.07718
63.35861	82.95262
63.34150	82.82793
63.32539	82.70310
63.31020	82.57816
63.29593	82.45310
63.28260	82.32795
63.27029	82.20269
63.25894	82.07733
63.24852	81.95190
63.23902	81.82640
63.23045	81.70083
63.22290	81.57520
63.21630	81.44950
63.21062	81.32376
63.20587	81.19799
63.20203	81.07218
63.19919	80.94635
63.19732	80.82050
63.19637	80.69464
63.19632	80.56878
63.19720	80.44292
63.19898	80.31707
63.20129	80.19122
63.20254	80.06537
63.20261	79.93951
63.20148	79.81364
63.19928	79.68781
63.19580	79.56199
63.19124	79.43620
63.18545	79.31048
63.17852	79.18481
63.17044	79.05920
63.16111	78.93369
63.15073	78.80825
63.13903	78.68293
63.12626	78.55772
63.11226	78.43263
63.09710	78.30769
63.08080	78.18288
63.06325	78.05825
63.04463	77.93377
63.02469	77.80949
63.00370	77.68539
62.98144	77.56152
62.95806	77.43784
62.93349	77.31440
62.90772	77.19120
62.88083	77.06824
62.85269	76.94557
62.82349	76.82314
62.79298	76.70103
62.76141	76.57919
62.72857	76.45769
62.69464	76.33649
62.65949	76.21563
62.62320	76.09511
62.58576	75.97495
62.54712	75.85516
62.50738	75.73573
62.46640	75.61673
62.42435	75.49809
62.38105	75.37991
62.33671	75.26212
62.29110	75.14481
62.24444	75.02792
62.19656	74.91152
62.14761	74.79556
62.09746	74.68012
62.04621	74.56516
61.99381	74.45072
61.94030	74.33681
61.88565	74.22342
61.82987	74.11060
61.77301	73.99831
61.71498	73.88662
61.65590	73.77548
61.59565	73.66499
61.53438	73.55503
61.47191	73.44576
61.40847	73.33707
61.34381	73.22907
61.27818	73.12167
61.21138	73.01501
61.14359	72.90896
61.07466	72.80364
61.00473	72.69900
60.93370	72.59509
60.86165	72.49189
60.78854	72.38944
60.71439	72.28773
60.63923	72.18678
60.56302	72.08661
60.48582	71.98721
60.40757	71.88862
60.32837	71.79081
60.24810	71.69386
60.16692	71.59767
60.08468	71.50240
60.00155	71.40789
59.91735	71.31433
59.83231	71.22156
59.74620	71.12975
59.65923	71.03877
59.57127	70.94875
59.48243	70.85959
59.39264	70.77139
59.30197	70.68410
59.21039	70.59776
59.11791	70.51237
59.02459	70.42791
58.93064	70.34416
58.83622	70.26093
58.74134	70.17823
58.64599	70.09607
58.55020	70.01443
58.45397	69.93330
58.35730	69.85270
58.26020	69.77261
58.16269	69.69304
58.06474	69.61399
57.96638	69.53548
57.86759	69.45747
57.76840	69.37999
57.66881	69.30302
57.56882	69.22658
57.46843	69.15066
57.36765	69.07526
57.26649	69.00037
57.16495	68.92600
57.06303	68.85217
56.96070	68.77887
56.85801	68.70610
56.75494	68.63385
56.65152	68.56211
56.54774	68.49090
56.44361	68.42020
56.33913	68.35000
56.23432	68.28033
56.12916	68.21117
56.02365	68.14252
55.91784	68.07439
55.81168	68.00677
55.70520	67.93965
55.59839	67.87308
55.49125	67.80703
55.38379	67.74149
55.27602	67.67646
55.16796	67.61194
55.05959	67.54792
54.95093	67.48440
54.84198	67.42139
54.73273	67.35888
54.62320	67.29687
54.51340	67.23536
54.40329	67.17438
54.29289	67.11391
54.18223	67.05396
54.07129	66.99449
53.96011	66.93552
53.84866	66.87704
53.73694	66.81904
53.62499	66.76154
53.51278	66.70453
53.40032	66.64799
53.28759	66.59203
53.17462	66.53653
53.06140	66.48152
52.94797	66.42700
52.83430	66.37296
52.72040	66.31938
52.60629	66.26629
52.49195	66.21367
52.37737	66.16156
52.26257	66.10996
52.14756	66.05884
52.03234	66.00819
51.91692	65.95800
51.80129	65.90827
51.68546	65.85901
51.56945	65.81022
51.45294	65.76260
51.33575	65.71667
51.21791	65.67245
51.09945	65.62994
50.98038	65.58915
50.86072	65.55010
50.74050	65.51286
50.61974	65.47737
50.49849	65.44363
50.37676	65.41164
50.25457	65.38143
50.13197	65.35300
50.00895	65.32642
49.88554	65.30161
49.76181	65.27860
49.63775	65.25739
49.51339	65.23796
49.38877	65.22033
49.26391	65.20450
49.13882	65.19051
49.01356	65.17833
48.88812	65.16795
48.76254	65.15938
48.63687	65.15260
48.51111	65.14761
48.38528	65.14443
48.25943	65.14304
48.13357	65.14343
48.00772	65.14564
47.88192	65.14964
47.75620	65.15543
47.63055	65.16299
47.50504	65.17233
47.37967	65.18342
47.25446	65.19628
47.12946	65.21089
47.00466	65.22726
46.88010	65.24538
46.75582	65.26523
46.63183	65.28684
46.50814	65.31020
46.38481	65.33527
46.26183	65.36207
46.13924	65.39058
46.01706	65.42078
45.89531	65.45269
45.77401	65.48629
45.65319	65.52158
45.53288	65.55853
45.41309	65.59717
45.29385	65.63746
45.17519	65.67941
45.05712	65.72302
44.93968	65.76829
44.82289	65.81521
44.70677	65.86375
44.59133	65.91392
44.47662	65.96570
44.36264	66.01909
44.24943	66.07409
44.13700	66.13066
44.02538	66.18883
43.91460	66.24857
43.80469	66.30989
43.69565	66.37276
43.58752	66.43719
43.48034	66.50316
43.37412	66.57067
43.26888	66.63970
43.16465	66.71026
43.06145	66.78232
42.95932	66.85588
42.85828	66.93092
42.75837	67.00747
42.65959	67.08547
42.56199	67.16493
42.46558	67.24584
42.37038	67.32819
42.27645	67.41196
42.18378	67.49712
42.09241	67.58369
42.00237	67.67164
41.91369	67.76095
41.82639	67.85162
41.74050	67.94361
41.65606	68.03694
41.57306	68.13157
41.49157	68.22749
41.41159	68.32466
41.33314	68.42310
41.25628	68.52276
41.18101	68.62363
41.10735	68.72569
41.03535	68.82893
40.96503	68.93330
40.89639	69.03881
40.82948	69.14541
40.76431	69.25308
40.70093	69.36183
40.63935	69.47160
40.57957	69.58235
40.52163	69.69409
40.46553	69.80676
40.41131	69.92034
40.35892	70.03479
40.30849	70.15010
40.26000	70.26624
40.21343	70.38318
40.16882	70.50087
40.12617	70.61929
40.08549	70.73840
40.04680	70.85817
40.01013	70.97856
39.97545	71.09956
39.94277	71.22110
39.91211	71.34317
39.88348	71.46574
39.85688	71.58876
39.83228	71.71220
39.80971	71.83602
39.78917	71.96019
39.77063	72.08468
39.75410	72.20947
39.73960	72.33448
39.72707	72.45972
39.71657	72.58514
39.70802	72.71071
39.70145	72.83640
39.69684	72.96219
39.69417	73.08802
39.69344	73.21388
39.69461	73.33974
39.69769	73.46557
39.70266	73.59133
39.70945	73.71702
39.71725	73.84264
39.72577	73.96821
39.73510	74.09373
39.74519	74.21918
39.75609	74.34457
39.76790	74.46989
39.78059	74.59512
39.79418	74.72024
39.80872	74.84527
39.82430	74.97015
39.84087	75.09492
39.85849	75.21955
39.87721	75.34401
39.89710	75.46829
39.91815	75.59239
39.94038	75.71627
39.96384	75.83993
39.98863	75.96333
40.01473	76.08646
40.04218	76.20928
40.07101	76.33180
40.10126	76.45398
40.13302	76.57577
40.16630	76.69715
40.20111	76.81811
40.23750	76.93860
40.27547	77.05859
40.31510	77.17805
40.35642	77.29694
40.39950	77.41521
40.44430	77.53282
40.49087	77.64975
40.53923	77.76595
40.58941	77.88138
40.64141	77.99599
40.69528	78.10975
40.75105	78.22257
40.80872	78.33445
40.86829	78.44533
40.92975	78.55515
40.99315	78.66389
41.05847	78.77147
41.12568	78.87788
41.19479	78.98308
41.26582	79.08699
41.33870	79.18960
41.41345	79.29086
41.49004	79.39073
41.56845	79.48918
41.64865	79.58620
41.73060	79.68172
41.81428	79.77573
41.89964	79.86823
41.98666	79.95916
42.07529	80.04853
42.16549	80.13630
42.25722	80.22249
42.35044	80.30705
42.44508	80.39002
42.54114	80.47136
42.63852	80.55110
42.73722	80.62919
42.83717	80.70570
42.93832	80.78059
43.04065	80.85388
43.14407	80.92560
43.24857	80.99576
43.35410	81.06435
43.46063	81.13138
43.56810	81.19690
43.67647	81.26090
43.78566	81.32352
43.89465	81.38646
44.00282	81.45081
44.11022	81.51644
44.21676	81.58346
44.32242	81.65184
44.42723	81.72153
44.53116	81.79252
44.63420	81.86478
44.73631	81.93839
44.83747	82.01327
44.93769	82.08942
45.03690	82.16687
45.13517	82.24550
45.23241	82.32542
45.32870	82.40648
45.42386	82.48885
45.51807	82.57231
45.61119	82.65699
45.70322	82.74285
45.79410	82.82992
45.88399	82.91804
45.97266	83.00735
46.06028	83.09771
46.14671	83.18922
46.23200	83.28175
46.31611	83.37539
46.39905	83.47007
46.48079	83.56577
46.56130	83.66251
46.64064	83.76023
46.71867	83.85897
46.79556	83.95862
46.87107	84.05933
46.94543	84.16087
47.01839	84.26342
47.09016	84.36682
47.16056	84.47116
47.22969	84.57633
47.29747	84.68239
47.36391	84.78928
47.42904	84.89698
47.49277	85.00553
47.55519	85.11481
47.61615	85.22492
47.67585	85.33574
47.73401	85.44735
47.79089	85.55963
47.84625	85.67267
47.90027	85.78635
47.95281	85.90072
48.00393	86.01573
48.05361	86.13137
48.10181	86.24763
48.14859	86.36449
48.19383	86.48193
48.23769	86.59991
48.27994	86.71848
48.32082	86.83751
48.36007	86.95709
48.39793	87.07713
48.43417	87.19766
48.46898	87.31861
48.50220	87.44002
48.53392	87.56181
48.56409	87.68401
48.59272	87.80657
48.61981	87.92948
48.64531	88.05273
48.66931	88.17629
48.69167	88.30015
48.71258	88.42426
48.73178	88.54866
48.74953	88.67326
48.76559	88.79809
48.78020	88.92310
48.79317	89.04829
48.80454	89.17364
48.81432	89.29913
48.82253	89.42472
48.82914	89.55041
48.83416	89.67619
48.83751	89.80199
48.83945	89.92784
48.83963	90.05371
48.83826	90.17956
48.83534	90.30539
48.83089	90.43118
48.82488	90.55690
48.81733	90.68253
48.80821	90.80807
48.79754	90.93348
48.78531	91.05874
48.77152	91.18385
48.75616	91.30877
48.73924	91.43349
48.72075	91.55799
48.70070	91.68224
48.67908	91.80624
48.65590	91.92995
48.63116	92.05335
48.60485	92.17644
48.57699	92.29917
48.54757	92.42155
48.51660	92.54355
48.48409	92.66514
48.45003	92.78631
48.41443	92.90704
48.37731	93.02729
48.33865	93.14708
48.29848	93.26636
48.25679	93.38510
48.21358	93.50333
48.16889	93.62099
48.12270	93.73806
48.07501	93.85455
48.02585	93.97041
47.97523	94.08565
47.92314	94.20023
47.86960	94.31413
47.81462	94.42735
47.75818	94.53986
47.70032	94.65163
47.64106	94.76266
47.58038	94.87294
47.51831	94.98243
47.45487	95.09113
47.39005	95.19904
47.32388	95.30609
47.25636	95.41232
47.18750	95.51768
47.11733	95.62216
47.04584	95.72575
46.97304	95.82842
46.89893	95.93015
46.82357	96.03095
46.74693	96.13079
46.66904	96.22966
46.58993	96.32755
46.50959	96.42445
46.42804	96.52032
46.34530	96.61515
46.26137	96.70896
46.17627	96.80169
46.09000	96.89334
46.00259	96.98390
45.91406	97.07336
45.82442	97.16171
45.73367	97.24893
45.64185	97.33501
45.54896	97.41994
45.45501	97.50369
45.36002	97.58627
45.26400	97.66763
45.16696	97.74780
45.06893	97.82673
44.96991	97.90443
44.86993	97.98090
44.76901	98.05610
44.66716	98.13004
44.56438	98.20271
44.46070	98.27407
44.35616	98.34415
44.25073	98.41290
44.14443	98.48029
44.03731	98.54636
43.92935	98.61108
43.82060	98.67444
43.71106	98.73643
43.60075	98.79704
43.48969	98.85626
43.37791	98.91409
43.26539	98.97051
43.15218	99.02551
43.03829	99.07907
42.92371	99.13118
42.80850	99.18185
42.69265	99.23105
42.57619	99.27879
42.45914	99.32506
42.34152	99.36985
42.22334	99.41315
42.10462	99.45496
41.98539	99.49525
41.86565	99.53406
41.74543	99.57133
41.62476	99.60708
41.50364	99.64130
41.38208	99.67399
41.26014	99.70512
41.13779	99.73471
41.01509	99.76273
40.89205	99.78922
40.76868	99.81413
40.64500	99.83749
40.52104	99.85929
40.39681	99.87952
40.27234	99.89817
40.14764	99.91525
40.02273	99.93076
39.89764	99.94469
39.77239	99.95704
39.64698	99.96782
39.52146	99.97704
39.39583	99.98467
39.27011	99.99072
39.14433	99.99520
39.01851	99.99812
38.89264	99.99947
38.76678	99.99910
38.64094	99.99689
38.51511	99.99358
38.38933	99.98916
38.26363	99.98291
38.13800	99.97511
38.01249	99.96585
37.88709	99.95502
37.76183	99.94268
37.63673	99.92883
37.51182	99.91339
37.38710	99.89645
37.26260	99.87795
37.13835	99.85788
37.01435	99.83627
36.89064	99.81311
36.76724	99.78835
36.64415	99.76205
36.52140	99.73422
36.39903	99.70480
36.27704	99.67379
36.15546	99.64125
36.03430	99.60716
35.91359	99.57147
35.79336	99.53425
35.67363	99.49548
35.55439	99.45516
35.43570	99.41329
35.31757	99.36986
35.20000	99.32492
35.08303	99.27846
34.96666	99.23048
34.85094	99.18098
34.73588	99.12995
34.62149	99.07744
34.50782	99.02345
34.39483	98.96798
34.28257	98.91104
34.17109	98.85265
34.06035	98.79280
33.95042	98.73151
33.84130	98.66879
33.73300	98.60467
33.62553	98.53914
33.51893	98.47224
33.41320	98.40395
33.30835	98.33430
33.20443	98.26331
33.10143	98.19096
32.99937	98.11729
32.89828	98.04234
32.79814	97.96609
32.69898	97.88855
32.60084	97.80978
32.50369	97.72973
32.40758	97.64846
32.31252	97.56599
32.21850	97.48230
32.12555	97.39742
32.03370	97.31139
31.94292	97.22421
31.85325	97.13587
31.76475	97.04639
31.67728	96.95588
31.59100	96.86423
31.50591	96.77151
31.42193	96.67776
31.33911	96.58298
31.25750	96.48716
31.17708	96.39034
31.09787	96.29252
31.01987	96.19376
30.94310	96.09401
30.86755	95.99333
30.79327	95.89172
30.72030	95.78918
30.64847	95.68581
30.57802	95.58154
30.50876	95.47643
30.44085	95.37045
30.37420	95.26370
30.30884	95.15612
30.24487	95.04774
30.18218	94.93860
30.12078	94.82872
30.06079	94.71807
30.00216	94.60671
29.94481	94.49467
29.88891	94.38190
29.83430	94.26851
29.78116	94.15441
29.72929	94.03972
29.67896	93.92437
29.62989	93.80846
29.58239	93.69191
29.53616	93.57484
29.49142	93.45720
29.44814	93.33901
29.40633	93.22031
29.36588	93.10111
29.32696	92.98141
29.28945	92.86127
29.25345	92.74066
29.21891	92.61964
29.18586	92.49820
29.15431	92.37635
29.12423	92.25414
29.09565	92.13156
29.06861	92.00864
29.04308	91.88538
29.01908	91.76183
28.99662	91.63799
28.97569	91.51386
28.95632	91.38952
28.93849	91.26492
28.92222	91.14010
28.90752	91.01511
28.89438	90.88993
28.88281	90.76460
28.87283	90.63914
28.86442	90.51356
28.85760	90.38786
28.85237	90.26212
28.84874	90.13630
28.84670	90.01045
28.84627	89.88461
28.84744	89.75874
28.85023	89.63290
28.85464	89.50713
28.86066	89.38140
28.86831	89.25577
28.87756	89.13025
28.88844	89.00484
28.90094	88.87961
28.91506	88.75455
28.93080	88.62966
28.94817	88.50500
28.96715	88.38059
28.98776	88.25642
29.01000	88.13253
29.03385	88.00896
29.05932	87.88569
29.08640	87.76276
29.11507	87.64023
29.14535	87.51806
29.17723	87.39629
29.21072	87.27497
29.24580	87.15409
29.28246	87.03368
29.32070	86.91378
29.36050	86.79437
29.40185	86.67548
29.44479	86.55717
29.48926	86.43943
29.53527	86.32228
29.58279	86.20573
29.63182	86.08982
29.68239	85.97455
29.73444	85.85995
29.78796	85.74604
29.84295	85.63282
29.89942	85.52034
29.95732	85.40858
30.01666	85.29757
30.07739	85.18734
30.13955	85.07790
30.20309	84.96925
30.26798	84.86141
30.33427	84.75440
30.40187	84.64823
30.47077	84.54292
30.54102	84.43848
30.61255	84.33490
30.68532	84.23222
30.75938	84.13045
30.83467	84.02957
30.91115	83.92964
30.98886	83.83063
31.06773	83.73252
31.14778	83.63542
31.22896	83.53922
31.31129	83.44402
31.39469	83.34977
31.47909	83.25639
31.56270	83.16228
31.64479	83.06690
31.72533	82.97018
31.80433	82.87218
31.88168	82.77291
31.95745	82.67239
32.03156	82.57066
32.10398	82.46773
32.17474	82.36364
32.24376	82.25838
32.31106	82.15204
32.37661	82.04459
32.44037	81.93607
32.50237	81.82654
32.56253	81.71599
32.62088	81.60446
32.67740	81.49200
32.73206	81.37862
32.78485	81.26437
32.83578	81.14927
32.88484	81.03336
32.93196	80.91666
32.97717	80.79919
33.02053	80.68104
33.06193	80.56217
33.10138	80.44267
33.13892	80.32252
33.17452	80.20179
33.20819	80.08052
33.23994	79.95874
33.26974	79.83645
33.29761	79.71372
33.32352	79.59054
33.34744	79.46697
33.36943	79.34305
33.38948	79.21880
33.40759	79.09423
33.42376	78.96943
33.43801	78.84437
33.45032	78.71911
33.46071	78.59369
33.46917	78.46809
33.47565	78.34239
33.48021	78.21663
33.48288	78.09079
33.48363	77.96492
33.48249	77.83907
33.47944	77.71325
33.47451	77.58748
33.46769	77.46181
33.45900	77.33624
33.44840	77.21082
33.43591	77.08559
33.42156	76.96054
33.40536	76.83572
33.38731	76.71117
33.36741	76.58689
33.34568	76.46291
33.32212	76.33928
33.29675	76.21600
33.26956	76.09310
33.24052	75.97064
33.20966	75.84861
33.17702	75.72706
33.14259	75.60601
33.10637	75.48547
33.06839	75.36546
33.02864	75.24606
32.98714	75.12723
32.94387	75.00902
32.89887	74.89149
32.85210	74.77464
32.80359	74.65849
32.75338	74.54310
32.70143	74.42844
32.64780	74.31458
32.59248	74.20154
32.53547	74.08931
32.47678	73.97797
32.41645	73.86753
32.35440	73.75802
32.29071	73.64948
32.22538	73.54188
32.15842	73.43530
32.08988	73.32976
32.01971	73.22525
31.94797	73.12184
31.87465	73.01955
31.79975	72.91839
31.72326	72.81843
31.64524	72.71967
31.56571	72.62212
31.48467	72.52582
31.40214	72.43079
31.31814	72.33707
31.23268	72.24465
31.14577	72.15363
31.05740	72.06400
30.96763	71.97578
30.87649	71.88899
30.78401	71.80360
30.69011	71.71978
30.59496	71.63742
30.49847	71.55660
30.40068	71.47734
30.30165	71.39967
30.20139	71.32359
30.09990	71.24913
29.99725	71.17632
29.89343	71.10516
29.78848	71.03568
29.68243	70.96790
29.57528	70.90184
29.46712	70.83750
29.35793	70.77491
29.24773	70.71409
29.13658	70.65501
29.02451	70.59777
28.91153	70.54228
28.79768	70.48862
28.68300	70.43676
28.56751	70.38673
28.45123	70.33851
28.33425	70.29214
28.21653	70.24759
28.09811	70.20490
27.97908	70.16403
27.85942	70.12502
27.73916	70.08783
27.61837	70.05250
27.49704	70.01900
27.37523	69.98731
27.25296	69.95748
27.13026	69.92946
27.00715	69.90324
26.88368	69.87883
26.75986	69.85622
26.63573	69.83539
26.51133	69.81632
26.38683	69.79784
26.26241	69.77879
26.13810	69.75915
26.01387	69.73888
25.88974	69.71801
25.76572	69.69655
25.64181	69.67448
25.51800	69.65179
25.39432	69.62851
25.27073	69.60464
25.14727	69.58013
25.02394	69.55505
24.90072	69.52939
24.77763	69.50309
24.65468	69.47619
24.53185	69.44872
24.40915	69.42065
24.28660	69.39195
24.16419	69.36266
24.04192	69.33280
23.91981	69.30233
23.79784	69.27125
23.67601	69.23958
23.55437	69.20734
23.43286	69.17446
23.31152	69.14101
23.19036	69.10699
23.06934	69.07235
22.94850	69.03711
22.82784	69.00130
22.70736	68.96493
22.58704	68.92792
22.46694	68.89034
22.34698	68.85219
22.22722	68.81344
22.10769	68.77409
21.98832	68.73418
21.86913	68.69369
21.75017	68.65261
21.63140	68.61093
21.51283	68.56870
21.39448	68.52590
21.27632	68.48249
21.15839	68.43850
21.04069	68.39397
20.92317	68.34885
20.80590	68.30314
20.68887	68.25687
20.57203	68.21004
20.45543	68.16264
20.33907	68.11465
20.22295	68.06611
20.10705	68.01700
19.99141	67.96735
19.87600	67.91709
19.76084	67.86629
19.64593	67.81494
19.53126	67.76304
19.41687	67.71055
19.30273	67.65752
19.18883	67.60394
19.07519	67.54981
18.96185	67.49511
18.84875	67.43986
18.73592	67.38407
18.62337	67.32775
18.51110	67.27085
18.39911	67.21342
18.28739	67.15544
18.17593	67.09695
18.06479	67.03788
17.95394	66.97829
17.84336	66.91816
17.73307	66.85749
17.62311	66.79629
17.51343	66.73454
17.40403	66.67226
17.29496	66.60949
17.18618	66.54617
17.07771	66.48231
16.96957	66.41794
16.86171	66.35304
16.75417	66.28762
16.64699	66.22168
16.54009	66.15521
16.43352	66.08824
16.32727	66.02077
16.22138	65.95276
16.11579	65.88423
16.01055	65.81522
15.90561	65.74570
15.80104	65.67565
15.69681	65.60510
15.59291	65.53406
15.48934	65.46252
15.38615	65.39048
15.28330	65.31793
15.18079	65.24488
15.07864	65.17136
14.97683	65.09734
14.87541	65.02283
14.77434	64.94782
14.67361	64.87233
14.57324	64.79637
14.47328	64.71992
14.37366	64.64297
14.27443	64.56555
14.17556	64.48768
14.07706	64.40930
13.97896	64.33045
13.88123	64.25114
13.78388	64.17136
13.68690	64.09112
13.59034	64.01040
13.49416	63.92921
13.39836	63.84756
13.30296	63.76548
13.20796	63.68291
13.11335	63.59988
13.01916	63.51642
12.92534	63.43250
12.83194	63.34813
12.73897	63.26331
12.64638	63.17804
12.55421	63.09233
12.46245	63.00619
12.37110	62.91957
12.28019	62.83255
12.18968	62.74508
12.09959	62.65718
12.00992	62.56884
11.92071	62.48008
11.83190	62.39088
11.74352	62.30127
11.65557	62.21124
11.56806	62.12075
11.48099	62.02987
11.39436	61.93858
11.30814	61.84687
11.22239	61.75473
11.13710	61.66220
11.05223	61.56924
10.96780	61.47588
10.88384	61.38214
10.80033	61.28796
10.71726	61.19338
10.63466	61.09843
10.55250	61.00307
10.47082	60.90730
10.38960	60.81116
10.30884	60.71463
10.22853	60.61772
10.14870	60.52040
10.06934	60.42270
9.99045	60.32463
9.91203	60.22619
9.83408	60.12737
9.75663	60.02816
9.67964	59.92858
9.60313	59.82865
9.52709	59.72834
9.45156	59.62766
9.37652	59.52662
9.30195	59.42522
9.22786	59.32347
9.15428	59.22136
9.08119	59.11888
9.00860	59.01606
8.93649	58.91290
8.86488	58.80938
8.79380	58.70553
8.72320	58.60132
8.65309	58.49678
8.58349	58.39191
8.51443	58.28670
8.44585	58.18114
8.37779	58.07528
8.31023	57.96909
8.24320	57.86255
8.17669	57.75570
8.11068	57.64853
8.04518	57.54104
7.98023	57.43325
7.91580	57.32512
7.85188	57.21669
7.78848	57.10796
7.72560	56.99891
7.66328	56.88956
7.60148	56.77993
7.54020	56.66998
7.47944	56.55974
7.41927	56.44922
7.35960	56.33839
7.30046	56.22727
7.24186	56.11589
7.18382	56.00421
7.12632	55.89224
7.06935	55.78001
7.01292	55.66750
6.95706	55.55470
6.90175	55.44165
6.84698	55.32833
6.79274	55.21474
6.73909	55.10090
6.68598	54.98678
6.63342	54.87241
6.58140	54.75780
6.52997	54.64293
6.47910	54.52780
6.42877	54.41245
6.37899	54.29684
6.32981	54.18097
6.28119	54.06490
6.23311	53.94855
6.18560	53.83201
6.13869	53.71523
6.09233	53.59821
6.04653	53.48095
6.00130	53.36351
5.95667	53.24583
5.91260	53.12791
5.86910	53.00983
5.82616	52.89150
5.78384	52.77296
5.74208	52.65423
5.70088	52.53531
5.66027	52.41616
5.62027	52.29683
5.58082	52.17730
5.54195	52.05758
5.50369	51.93768
5.46601	51.81758
5.42890	51.69731
5.39237	51.57687
5.35647	51.45625
5.32114	51.33542
5.28639	51.21448
5.25222	51.09333
5.21867	50.97202
5.18570	50.85055
5.15331	50.72892
5.12153	50.60714
5.09035	50.48520
5.05975	50.36311
5.02973	50.24087
5.00035	50.11850
4.97154	49.99596
4.94332	49.87331
4.91572	49.75050
4.88872	49.62757
4.86229	49.50450
4.83647	49.38133
4.81127	49.25801
4.78666	49.13457
4.76263	49.01102
4.73923	48.88735
4.71643	48.76357
4.69421	48.63968
4.67261	48.51568
4.65162	48.39158
4.63122	48.26739
4.61141	48.14309
4.59224	48.01869
4.57365	47.89421
4.55565	47.76964
4.53829	47.64497
4.52152	47.52023
4.50533	47.39541
4.48978	47.27051
4.47483	47.14555
4.46046	47.02050
4.44671	46.89538
4.43357	46.77021
4.42102	46.64497
4.40908	46.51967
4.39776	46.39433
4.38702	46.26891
4.37689	46.14346
4.36738	46.01796
4.35846	45.89241
4.35013	45.76681
4.34244	45.64119
4.33533	45.51552
4.32881	45.38982
4.32293	45.26410
4.31762	45.13834
4.31291	45.01255
4.30883	44.88677
4.30532	44.76095
4.30242	44.63512
4.30013	44.50928
4.29842	44.38343
4.29732	44.25757
4.29683	44.13171
4.29690	44.00583
4.29762	43.87997
4.29890	43.75413
4.30080	43.62827
4.30329	43.50242
4.30638	43.37661
4.31008	43.25079
4.31436	43.12499
4.31928	42.99924
4.32475	42.87349
4.33088	42.74776
4.33757	42.62208
4.34489	42.49643
4.35281	42.37081
4.36132	42.24525
4.37045	42.11970
4.38015	41.99422
4.39051	41.86879
4.40142	41.74340
4.41298	41.61806
4.42512	41.49278
4.43787	41.36756
4.45123	41.24240
4.46518	41.11732
4.47977	40.99230
4.49492	40.86735
4.51072	40.74249
4.52709	40.61769
4.54408	40.49298
4.56169	40.36835
4.57987	40.24381
4.59870	40.11935
4.61809	39.99501
4.63812	39.87075
4.65874	39.74657
4.67997	39.62251
4.70181	39.49855
4.72422	39.37470
4.74729	39.25097
4.77091	39.12735
4.79517	39.00383
4.82002	38.88046
4.84546	38.75719
4.87154	38.63404
4.89817	38.51104
4.92545	38.38817
4.95330	38.26542
4.98176	38.14283
5.01083	38.02036
5.04046	37.89802
5.07075	37.77586
5.10159	37.65384
5.13305	37.53196
5.16511	37.41026
5.19774	37.28869
5.23101	37.16729
5.26482	37.04607
5.29928	36.92500
5.33430	36.80412
5.36992	36.68340
5.40614	36.56287
5.44293	36.44249
5.48035	36.32232
5.51832	36.20232
5.55690	36.08250
5.59607	35.96290
5.63580	35.84346
5.67616	35.72424
5.71707	35.60522
5.75858	35.48640
5.80068	35.36777
5.84333	35.24937
5.88660	35.13117
5.93043	35.01317
5.97484	34.89542
6.01984	34.77786
6.06540	34.66053
6.11155	34.54345
6.15825	34.42657
6.20557	34.30993
6.25343	34.19352
6.30186	34.07735
6.35088	33.96141
6.40042	33.84572
6.45059	33.73029
6.50130	33.61507
6.55256	33.50014
6.60441	33.38544
6.65679	33.27099
6.70977	33.15683
6.76327	33.04291
6.81736	32.92924
6.87200	32.81586
6.92716	32.70274
6.98293	32.58990
7.03920	32.47732
7.09606	32.36502
7.15345	32.25300
7.21138	32.14126
7.26988	32.02982
7.32889	31.91864
7.38848	31.80778
7.44859	31.69720
7.50924	31.58691
7.57043	31.47693
7.63214	31.36722
7.69443	31.25784
7.75721	31.14876
7.82054	31.03999
7.88440	30.93152
7.94876	30.82337
8.01368	30.71554
8.07910	30.60800
8.14507	30.50082
8.21153	30.39393
8.27852	30.28737
8.34603	30.18116
8.41404	30.07524
8.48259	29.96969
8.55161	29.86444
8.62118	29.75955
8.69125	29.65498
8.76180	29.55076
8.83289	29.44688
8.90444	29.34332
8.97652	29.24017
9.04907	29.13731
9.12215	29.03482
9.19569	28.93270
9.26973	28.83091
9.34428	28.72948
9.41927	28.62841
9.49480	28.52773
9.57078	28.42737
9.64725	28.32741
9.72419	28.22781
9.80162	28.12856
9.87952	28.02970
9.95787	27.93120
10.03673	27.83309
10.11601	27.73535
10.19580	27.63800
10.27603	27.54101
10.35672	27.44443
10.43788	27.34821
10.51947	27.25239
10.60154	27.15697
10.68404	27.06191
10.76703	26.96726
10.85041	26.87300
10.93429	26.77914
11.01857	26.68568
11.10332	26.59261
11.18850	26.49994
11.27409	26.40769
11.36015	26.31583
11.44662	26.22436
11.53353	26.13334
11.62083	26.04268
11.70862	25.95246
11.79677	25.86264
11.88538	25.77324
11.97439	25.68424
12.06379	25.59565
12.15362	25.50749
12.24386	25.41974
12.33449	25.33242
12.42555	25.24550
12.51702	25.15904
12.60887	25.07302
12.70114	24.98741
12.79381	24.90222
12.88688	24.81750
12.98036	24.73321
13.07423	24.64935
13.16848	24.56595
13.26314	24.48299
13.35820	24.40049
13.45364	24.31844
13.54947	24.23683
13.64568	24.15567
13.74228	24.07501
13.83928	23.99479
13.93664	23.91503
14.03438	23.83574
14.13250	23.75690
14.23102	23.67856
14.32989	23.60069
14.42914	23.52328
14.52876	23.44634
14.62873	23.36990
14.72910	23.29393
14.82983	23.21845
14.93090	23.14346
15.03234	23.06894
15.13413	22.99491
15.23629	22.92139
15.33881	22.84837
15.44167	22.77583
15.54487	22.70379
15.64843	22.63225
15.75233	22.56120
15.85657	22.49068
15.96116	22.42066
16.06610	22.35114
16.17134	22.28213
16.27693	22.21362
16.38286	22.14563
16.48912	22.07818
16.59570	22.01124
16.70262	21.94480
16.80983	21.87889
16.91737	21.81350
17.02524	21.74862
17.13341	21.68430
17.24192	21.62049
17.35072	21.55721
17.45982	21.49446
17.56923	21.43224
17.67894	21.37054
17.78895	21.30941
17.89927	21.24881
18.00988	21.18874
18.12077	21.12922
18.23197	21.07022
18.34343	21.01178
18.45518	20.95387
18.56723	20.89653
18.67955	20.83974
18.79214	20.78349
18.90502	20.72779
19.01817	20.67264
19.13156	20.61805
19.24523	20.56400
19.35918	20.51051
19.47336	20.45760
19.58783	20.40524
19.70253	20.35344
19.81750	20.30219
19.93271	20.25151
20.04817	20.20139
20.16385	20.15184
20.27979	20.10286
20.39599	20.05444
20.51240	20.00661
20.62905	19.95933
20.74594	19.91262
20.86303	19.86650
20.98036	19.82093
21.09792	19.77594
21.21568	19.73152
21.33367	19.68769
21.45187	19.64445
21.57027	19.60177
21.68889	19.55968
21.80772	19.51815
21.92672	19.47722
22.04595	19.43686
22.16537	19.39708
22.28496	19.35789
22.40477	19.31929
22.52476	19.28128
22.64491	19.24385
22.76527	19.20701
22.88581	19.17075
23.00651	19.13508
23.12739	19.10000
23.24843	19.06550
23.36964	19.03160
23.49103	18.99829
23.61257	18.96559
23.73426	18.93347
23.85611	18.90195
23.97813	18.87101
24.10027	18.84068
24.22257	18.81094
24.34501	18.78179
24.46759	18.75323
24.59032	18.72527
24.71317	18.69791
24.83616	18.67116
24.95928	18.64500
25.08252	18.61944
25.20587	18.59449
25.32937	18.57013
25.45297	18.54636
25.57668	18.52321
25.70051	18.50064
25.82444	18.47868
25.94848	18.45732
26.07262	18.43657
26.19687	18.41642
26.32120	18.39688
26.44563	18.37794
26.57016	18.35961
26.69475	18.34188
26.81945	18.32475
26.94424	18.30822
27.06908	18.29230
27.19401	18.27698
27.31903	18.26226
27.44409	18.24816
27.56923	18.23466
27.69443	18.22178
27.81969	18.20949
27.94502	18.19782
28.07039	18.18675
28.19581	18.17629
28.32130	18.16643
28.44683	18.15718
28.57238	18.14853
28.69800	18.14049
28.82364	18.13305
28.94932	18.12623
29.07503	18.12002
29.20078	18.11442
29.32654	18.10942
29.45232	18.10504
29.57814	18.10126
29.70395	18.09808
29.82979	18.09552
29.95565	18.09356
30.08149	18.09221
30.20736	18.09146
30.33323	18.09132
30.45908	18.09179
30.58496	18.09286
30.71080	18.09456
30.83663	18.09686
30.96248	18.09976
31.08830	18.10328
31.21408	18.10739
31.33986	18.11212
31.46562	18.11745
31.59134	18.12338
31.71704	18.12992
31.84270	18.13708
31.96831	18.14483
32.09391	18.15318
32.21945	18.16216
32.34494	18.17173
32.47041	18.18192
32.59580	18.19270
32.72115	18.20410
32.84644	18.21609
32.97167	18.22869
33.09684	18.24190
33.22194	18.25570
33.34699	18.27011
33.47194	18.28512
33.59685	18.30074
33.72166	18.31695
33.84640	18.33377
33.97105	18.35120
34.09562	18.36924
34.22009	18.38787
34.34448	18.40710
34.46878	18.42693
34.59297	18.44736
34.71707	18.46838
34.84106	18.49001
34.96493	18.51223
35.08872	18.53505
35.21239	18.55847
35.33594	18.58249
35.45937	18.60711
35.58268	18.63233
35.70587	18.65814
35.82894	18.68456
35.95188	18.71156
36.07467	18.73915
36.19734	18.76734
36.31987	18.79612
36.44225	18.82548
36.56450	18.85544
36.68662	18.88600
36.80855	18.91714
36.93036	18.94889
37.05200	18.98122
37.17348	19.01414
37.29480	19.04765
37.41596	19.08175
37.53695	19.11642
37.65778	19.15169
37.77843	19.18754
37.89890	19.22397
38.01921	19.26099
38.13933	19.29859
38.25924	19.33677
38.37899	19.37555
38.49855	19.41490
38.61791	19.45483
38.73708	19.49535
38.85604	19.53643
38.97480	19.57809
39.09337	19.62033
39.21174	19.66315
39.32988	19.70653
39.44783	19.75050
39.56555	19.79505
39.68304	19.84016
39.80032	19.88585
39.91739	19.93211
40.03420	19.97893
40.15081	20.02632
40.26719	20.07428
40.38331	20.12280
40.49921	20.17189
40.61487	20.22153
40.73028	20.27175
40.84546	20.32254
40.96037	20.37389
41.07503	20.42579
41.18945	20.47825
41.30361	20.53127
41.41748	20.58483
41.53112	20.63895
41.64449	20.69363
41.75759	20.74886
41.87041	20.80466
41.98296	20.86100
42.09523	20.91789
42.20723	20.97533
42.31895	21.03331
42.43037	21.09183
42.54152	21.15089
42.65237	21.21050
42.76293	21.27064
42.87320	21.33134
42.98317	21.39258
43.09282	21.45434
43.20219	21.51665
43.31124	21.57948
43.41999	21.64285
43.52844	21.70671
43.63759	21.76936
43.74825	21.82938
43.86031	21.88668
43.97370	21.94123
44.08843	21.99305
44.20435	22.04205
44.32143	22.08822
44.43961	22.13154
44.55880	22.17197
44.67892	22.20948
44.79996	22.24408
44.92179	22.27571
45.04433	22.30437
45.16755	22.33006
45.29136	22.35275
45.41564	22.37242
45.54041	22.38908
45.66553	22.40272
45.79094	22.41332
45.91658	22.42090
46.04235	22.42544
46.16821	22.42694
46.29408	22.42542
46.41982	22.42086
46.54544	22.41327
46.67089	22.40267
46.79601	22.38905
46.92075	22.37242
47.04509	22.35280
47.16890	22.33020
47.29213	22.30463
47.41474	22.27609
47.53659	22.24463
47.65763	22.21025
47.77787	22.17296
47.89716	22.13279
48.01543	22.08977
48.13264	22.04391
48.24872	21.99524
48.36357	21.94380
48.47717	21.88960
48.58945	21.83269
48.70028	21.77312
48.80969	21.71087
48.91756	21.64602
49.02385	21.57860
49.12848	21.50866
49.23143	21.43623
49.33258	21.36138
49.43198	21.28410
49.52945	21.20450
49.62523	21.12286
49.72052	21.04062
49.81543	20.95795
49.91000	20.87490
50.00423	20.79146
50.09808	20.70761
50.19161	20.62340
50.28482	20.53877
50.37763	20.45378
50.47012	20.36843
50.56227	20.28267
50.65406	20.19654
50.74549	20.11007
50.83660	20.02320
50.92733	19.93597
51.01773	19.84841
51.10778	19.76046
51.19745	19.67215
51.28679	19.58351
51.37579	19.49447
51.46439	19.40510
51.55268	19.31537
51.64059	19.22528
51.72810	19.13486
51.81511	19.04392
51.90119	18.95207
51.98625	18.85932
52.07037	18.76569
52.15350	18.67117
52.23558	18.57575
52.31666	18.47951
52.39675	18.38240
52.47573	18.28442
52.55371	18.18561
52.63066	18.08602
52.70649	17.98553
52.78123	17.88430
52.85495	17.78226
52.92753	17.67943
52.99898	17.57583
53.06936	17.47145
53.13860	17.36638
53.20666	17.26049
53.27361	17.15389
53.33942	17.04663
53.40401	16.93863
53.46745	16.82989
53.52973	16.72051
53.59081	16.61049
53.65066	16.49972
53.70930	16.38836
53.76674	16.27641
53.82296	16.16376
53.87788	16.05053
53.93159	15.93671
53.98409	15.82229
54.03524	15.70732
54.08514	15.59175
54.13377	15.47566
54.18115	15.35905
54.22714	15.24190
54.27185	15.12424
54.31527	15.00612
54.35738	14.88750
54.39809	14.76840
54.43748	14.64886
54.47555	14.52890
54.51227	14.40850
54.54757	14.28768
54.58150	14.16650
54.61410	14.04491
54.64531	13.92298
54.67505	13.80071
54.70343	13.67805
54.73041	13.55515
54.75600	13.43190
54.78009	13.30835
54.80278	13.18455
54.82405	13.06051
54.84391	12.93620
54.86223	12.81170
54.87912	12.68697
54.89458	12.56207
54.90860	12.43697
54.92106	12.31174
54.93213	12.18635
54.94162	12.06085
54.94971	11.93527
54.95627	11.80954
54.96128	11.68380
54.96485	11.55799
54.96694	11.43214
54.96748	11.30629
54.96653	11.18043
54.96404	11.05457
54.96005	10.92877
54.95452	10.80303
54.94749	10.67737
54.93984	10.55175
54.93359	10.42605
54.92888	10.30025
54.92574	10.17443
54.92416	10.04859
54.92415	9.92271
54.92571	9.79687
54.92885	9.67107
54.93356	9.54526
54.93985	9.41957
54.94773	9.29396
54.95719	9.16843
54.96823	9.04306
54.98085	8.91783
54.99506	8.79277
55.01084	8.66791
55.02820	8.54325
55.04715	8.41880
55.06766	8.29464
55.08976	8.17073
55.11342	8.04709
55.13865	7.92378
55.16544	7.80084
55.19379	7.67819
55.22369	7.55593
55.25515	7.43405
55.28814	7.31259
55.32267	7.19156
55.35873	7.07099
55.39633	6.95084
55.43543	6.83122
55.47604	6.71209
55.51817	6.59346
55.56178	6.47541
55.60688	6.35794
55.65348	6.24098
55.70153	6.12466
55.75105	6.00898
55.80204	5.89387
55.85447	5.77944
55.90831	5.66572
55.96363	5.55264
56.02037	5.44027
56.07849	5.32867
56.13803	5.21776
56.19895	5.10763
56.26125	4.99826
56.32493	4.88967
56.38994	4.78191
56.45629	4.67499
56.52399	4.56887
56.59302	4.46361
56.66335	4.35924
56.73499	4.25573
56.80792	4.15316
56.88213	4.05151
56.95762	3.95078
57.03434	3.85103
57.11231	3.75224
57.19154	3.65439
57.27192	3.55759
57.35355	3.46176
57.43636	3.36697
57.52035	3.27322
57.60548	3.18055
57.69180	3.08890
57.77923	2.99840
57.86780	2.90898
57.95749	2.82067
58.04828	2.73350
58.14013	2.64747
58.23310	2.56257
58.32706	2.47887
58.42210	2.39634
58.51817	2.31501
58.61522	2.23490
58.71327	2.15600
58.81235	2.07832
58.91236	2.00192
59.01332	1.92681
59.11527	1.85293
59.21808	1.78038
59.32183	1.70911
59.42648	1.63915
59.53198	1.57052
59.63833	1.50323
59.74554	1.43728
59.85357	1.37270
59.96240	1.30948
60.07203	1.24765
60.18245	1.18720
60.29358	1.12819
60.40551	1.07054
60.51813	1.01437
60.63144	0.95964
60.74548	0.90633
60.86017	0.85448
60.97549	0.80410
61.09148	0.75519
61.20805	0.70776
61.32523	0.66182
61.44301	0.61736
61.56129	0.57443
61.68014	0.53300
61.79954	0.49308
61.91938	0.45469
62.03973	0.41784
62.16056	0.38251
62.28177	0.34874
62.40345	0.31650
62.52551	0.28582
62.64795	0.25669
62.77077	0.22912
62.89391	0.20312
63.01740	0.17868
63.14115	0.15581
63.26519	0.13450
63.38950	0.11477
63.51403	0.09660
63.63883	0.08000
63.76376	0.06498
63.88890	0.05153
64.01423	0.03964
64.13966	0.02932
64.26519	0.02056
64.39086	0.01336
64.51660	0.00765
64.64239	0.00353
64.76824	0.00094
64.89407	-0.00012
65.01993	0.00037
65.14580	0.00240
65.27161	0.00602
65.39735	0.01123
65.52306	0.01800
65.64863	0.02633
65.77409	0.03622
65.89944	0.04768
66.02464	0.06071
66.14964	0.07533
66.27446	0.09155
66.39907	0.10934
66.52342	0.12869
66.64754	0.14960
66.77137	0.17208
66.89491	0.19613
67.01817	0.22173
67.14104	0.24889
67.26358	0.27764
67.38576	0.30795
67.50751	0.33980
67.62886	0.37319
67.74979	0.40812
67.87025	0.44458
67.99022	0.48255
68.10976	0.52207
68.22873	0.56308
68.34718	0.60559
68.46512	0.64962
68.58247	0.69514
68.69921	0.74213
68.81537	0.79062
68.93090	0.84059
69.04576	0.89200
69.16001	0.94488
69.27353	0.99917
69.38639	1.05491
69.49853	1.11207
69.60993	1.17064
69.72059	1.23061
69.83050	1.29197
69.93959	1.35469
70.04790	1.41879
70.15542	1.48427
70.26208	1.55108
70.36789	1.61921
70.47287	1.68871
70.57693	1.75948
70.68011	1.83155
70.78238	1.90492
70.88373	1.97958
70.98411	2.05547
71.08356	2.13265
71.18200	2.21104
71.27947	2.29068
71.37595	2.37153
71.47139	2.45357
71.56580	2.53680
71.65918	2.62122
71.75146	2.70676
71.84269	2.79349
71.93285	2.88134
72.02186	2.97030
72.10977	3.06036
72.19657	3.15153
72.28221	3.24377
72.36668	3.33706
72.44999	3.43141
72.53210	3.52678
72.61303	3.62320
72.69276	3.72061
72.77123	3.81900
72.84847	3.91836
72.92447	4.01869
72.99922	4.11997
73.07267	4.22215
73.14486	4.32528
73.21573	4.42929
73.28530	4.53417
73.35354	4.63993
73.42046	4.74654
73.48602	4.85394
73.55023	4.96222
73.61305	5.07128
73.67451	5.18111
73.73459	5.29174
73.79325	5.40309
73.85049	5.51516
73.90634	5.62799
73.96075	5.74148
74.01372	5.85561
74.06525	5.97048
74.11531	6.08593
74.16391	6.20202
74.21105	6.31875
74.25670	6.43603
74.30087	6.55389
74.34354	6.67231
74.38470	6.79126
74.42434	6.91070
74.46245	7.03066
74.49902	7.15111
74.53406	7.27197
74.56759	7.39331
74.59956	7.51505
74.62999	7.63716
74.65887	7.75967
74.68620	7.88254
74.71198	8.00573
74.73620	8.12924
74.75883	8.25305
74.77988	8.37714
74.79936	8.50149
74.81727	8.62608
74.83362	8.75085
74.84840	8.87587
74.86163	9.00102
74.87328	9.12634
74.88333	9.25183
74.89179	9.37739
74.89869	9.50305
74.90403	9.62882
74.90781	9.75460
74.91005	9.88044
74.91074	10.00633
74.90981	10.13219
74.90733	10.25801
74.90334	10.38382
74.89782	10.50955
74.89073	10.63521
74.88203	10.76080
74.87175	10.88622
74.85989	11.01152
74.84643	11.13669
74.83140	11.26163
74.81480	11.38638
74.79660	11.51094
74.77683	11.63522
74.75549	11.75926
74.73254	11.88304
74.70801	12.00648
74.68191	12.12961
74.65425	12.25240
74.62503	12.37482
74.59426	12.49685
74.56194	12.61851
74.52806	12.73973
74.49265	12.86050
74.45566	12.98082
74.41715	13.10064
74.37713	13.21995
74.33558	13.33879
74.29253	13.45705
74.24800	13.57474
74.20194	13.69191
74.15438	13.80845
74.10538	13.92435
74.05488	14.03967
74.00294	14.15430
73.94958	14.26828
73.89474	14.38157
73.83846	14.49417
73.78076	14.60602
73.72166	14.71715
73.66118	14.82751
73.59932	14.93712
73.53604	15.04594
73.47141	15.15393
73.40543	15.26109
73.33810	15.36746
73.26946	15.47295
73.19950	15.57758
73.12818	15.68132
73.05560	15.78413
72.98176	15.88602
72.90661	15.98704
72.83024	16.08708
72.75260	16.18613
72.67371	16.28422
72.59364	16.38130
72.51235	16.47740
72.42988	16.57248
72.34622	16.66650
72.26138	16.75947
72.17541	16.85138
72.08828	16.94223
72.00004	17.03199
71.91070	17.12063
71.82022	17.20814
71.72868	17.29452
71.63609	17.37975
71.54241	17.46386
71.44774	17.54678
71.35201	17.62847
71.25525	17.70899
71.15752	17.78830
71.05882	17.86639
70.95914	17.94326
70.85851	18.01884
70.75694	18.09316
70.65445	18.16622
70.55106	18.23801
70.44681	18.30849
70.34164	18.37768
70.23563	18.44549
70.12878	18.51200
70.02110	18.57718
69.91261	18.64102
69.80335	18.70348
69.69328	18.76454
69.58247	18.82421
69.47093	18.88249
69.35861	18.93939
69.24566	18.99486
69.13200	19.04889
69.01762	19.10148
68.90261	19.15262
68.78699	19.20230
68.67072	19.25054
68.55387	19.29730
68.43644	19.34258
68.31841	19.38634
68.19987	19.42860
68.08081	19.46936
67.96120	19.50863
67.84115	19.54636
67.72060	19.58259
67.59961	19.61725
67.47817	19.65037
67.35634	19.68195
67.23410	19.71198
67.11150	19.74045
66.98859	19.76737
66.86527	19.79274
66.74170	19.81654
66.61781	19.83873
66.49363	19.85936
66.36921	19.87840
66.24459	19.89587
66.11970	19.91177
65.99466	19.92607
65.86946	19.93880
65.74407	19.94995
65.61858	19.95952
65.49299	19.96751
65.36727	19.97391
65.24149	19.97871
65.11571	19.98193
64.98983	19.98284
64.86398	19.98362
64.73815	19.98575
64.61231	19.98917
64.48655	19.99393
64.36085	20.00002
64.23518	20.00743
64.10963	20.01615
63.98417	20.02618
63.85880	20.03753
63.73358	20.05019
63.60851	20.06418
63.48355	20.07954
63.35883	20.09621
63.23426	20.11421
63.10988	20.13354
62.98572	20.15419
62.86180	20.17616
62.73809	20.19946
62.61468	20.22408
62.49152	20.25006
62.36864	20.27738
62.24609	20.30601
62.12386	20.33597
62.00192	20.36727
61.88036	20.39988
61.75918	20.43380
61.63831	20.46906
61.51789	20.50562
61.39789	20.54350
61.27826	20.58272
61.15913	20.62325
61.04042	20.66510
60.92218	20.70826
60.80444	20.75272
60.68719	20.79848
60.57043	20.84555
60.45425	20.89389
60.33860	20.94352
60.22346	20.99447
60.10895	21.04667
59.99504	21.10015
59.88168	21.15492
59.76902	21.21096
59.65695	21.26828
59.54554	21.32686
59.43480	21.38669
59.32477	21.44774
59.21540	21.51007
59.10675	21.57362
58.99885	21.63838
58.89166	21.70438
58.78524	21.77159
58.67961	21.84000
58.57474	21.90962
58.47067	21.98043
58.36745	22.05243
58.26505	22.12563
58.16350	22.19998
58.06281	22.27549
57.96297	22.35216
57.86405	22.42996
57.76603	22.50888
57.66889	22.58895
57.57270	22.67010
57.47744	22.75237
57.38314	22.83573
57.28980	22.92016
57.19735	23.00554
57.10525	23.09138
57.01353	23.17756
56.92218	23.26414
56.83121	23.35114
56.74055	23.43843
56.65029	23.52614
56.56042	23.61427
56.47085	23.70268
56.38168	23.79151
56.29285	23.88073
56.20441	23.97027
56.11636	24.06017
56.02868	24.15050
55.94131	24.24109
55.85437	24.33208
55.76775	24.42345
55.68161	24.51517
55.59571	24.60718
55.51026	24.69960
55.42514	24.79229
55.34044	24.88538
55.25611	24.97888
55.17217	25.07263
55.08858	25.16671
55.00532	25.26112
54.92249	25.35588
54.84008	25.45102
54.75803	25.54648
54.67638	25.64224
54.59503	25.73829
54.51412	25.83470
54.43360	25.93143
54.35352	26.02853
54.27377	26.12596
54.19445	26.22364
54.11547	26.32165
54.03687	26.41997
53.95871	26.51862
53.88159	26.61808
53.80658	26.71916
53.73381	26.82184
53.66333	26.92609
53.59519	27.03195
53.52950	27.13930
53.46632	27.24814
53.40570	27.35847
53.34774	27.47018
53.29251	27.58325
53.24003	27.69769
53.19040	27.81333
53.14367	27.93017
53.09986	28.04819
53.05907	28.16724
53.02132	28.28732
52.98665	28.40832
52.95508	28.53016
52.92664	28.65274
52.90139	28.77606
52.87931	28.89995
52.86040	29.02439
52.84469	29.14929
52.83219	29.27451
52.82287	29.40001
52.81672	29.52575
52.81376	29.65157
52.81392	29.77741
52.81722	29.90324
52.82361	30.02894
52.83304	30.15442
52.84553	30.27968
52.86100	30.40460
52.87938	30.52909
52.90072	30.65317
52.92489	30.77665
52.95186	30.89959
52.98163	31.02189
53.01410	31.14349
53.04923	31.26435
53.08700	31.38443
53.12732	31.50364
53.17015	31.62197
53.21547	31.73944
53.26319	31.85588
53.31327	31.97133
53.36567	32.08579
53.42035	32.19915
53.47724	32.31141
53.53630	32.42256
53.59748	32.53254
53.66074	32.64137
53.72606	32.74898
53.79335	32.85532
53.86258	32.96040
53.93374	33.06426
54.00674	33.16678
54.08156	33.26797
54.15818	33.36784
54.23655	33.46632
54.31662	33.56343
54.39838	33.65915
54.48175	33.75343
54.56672	33.84625
54.65327	33.93764
54.74137	34.02756
54.83093	34.11596
54.92199	34.20288
55.01445	34.28824
55.10834	34.37207
55.20361	34.45434
55.30019	34.53501
55.39811	34.61411
55.49732	34.69159
55.59774	34.76741
55.69942	34.84160
55.80229	34.91413
55.90633	34.98497
56.01150	35.05411
56.11778	35.12153
56.22515	35.18721
56.33356	35.25113
56.44301	35.31330
56.55346	35.37368
56.66485	35.43222
56.77723	35.48896
56.89047	35.54384
57.00461	35.59687
57.11964	35.64804
57.23545	35.69730
57.35205	35.74465
57.46945	35.79008
57.58755	35.83356
57.70636	35.87507
57.82586	35.91462
57.94599	35.95218
58.06672	35.98773
58.18806	36.02127
58.30989	36.05275
58.43225	36.08220
58.55511	36.10959
58.67839	36.13492
58.80209	36.15815
58.92618	36.17928
59.05059	36.19832
59.17531	36.21527
59.30032	36.23006
59.42551	36.24273
59.55093	36.25329
59.67653	36.26171
59.80225	36.26797
59.92803	36.27212
60.05387	36.27411
60.17973	36.27396
60.30558	36.27168
60.43137	36.26724
60.55706	36.26068
60.68260	36.25201
60.80804	36.24119
60.93322	36.22829
61.05818	36.21325
61.18289	36.19616
61.30727	36.17694
61.43132	36.15571
61.55500	36.13238
61.67829	36.10706
61.80112	36.07969
61.92355	36.05032
62.04544	36.01896
62.16707	35.98666
62.28857	35.95369
62.40984	35.92008
62.53093	35.88583
62.65190	35.85092
62.77262	35.81538
62.89315	35.77916
63.01353	35.74229
63.13368	35.70480
63.25359	35.66668
63.37336	35.62791
63.49290	35.58852
63.61223	35.54850
63.73135	35.50786
63.85026	35.46659
63.96893	35.42472
64.08744	35.38219
64.20568	35.33908
64.32368	35.29536
64.44149	35.25101
64.55906	35.20605
64.67636	35.16050
64.79349	35.11432
64.91033	35.06757
65.02692	35.02018
65.14329	34.97216
65.25938	34.92358
65.37523	34.87439
65.49085	34.82461
65.60619	34.77424
65.72126	34.72330
65.83612	34.67175
65.95066	34.61966
66.06498	34.56696
66.17902	34.51369
66.29277	34.45985
66.40627	34.40543
66.51949	34.35045
66.63243	34.29490
66.74509	34.23880
66.85748	34.18212
66.96956	34.12486
67.08136	34.06702
67.19287	34.00864
67.30408	33.94970
67.41498	33.89023
67.52563	33.83019
67.63594	33.76962
67.74598	33.70850
67.85571	33.64684
67.96513	33.58464
68.07424	33.52192
68.18307	33.45865
68.29156	33.39486
68.39974	33.33054
68.50764	33.26568
68.61517	33.20030
68.72237	33.13438
68.82929	33.06792
68.93584	33.00097
69.04209	32.93349
69.14803	32.86549
69.25361	32.79700
69.35887	32.72799
69.46381	32.65848
69.56839	32.58849
69.67265	32.51798
69.77659	32.44696
69.88018	32.37546
69.98341	32.30349
70.08630	32.23097
70.18883	32.15796
70.29100	32.08447
70.39285	32.01048
70.49432	31.93603
70.59541	31.86110
70.69620	31.78568
70.79662	31.70980
70.89668	31.63344
70.99638	31.55662
71.09572	31.47933
71.19468	31.40158
71.29331	31.32335
71.39153	31.24465
71.48936	31.16549
71.58684	31.08586
71.68395	31.00576
71.78066	30.92525
71.87704	30.84425
71.97300	30.76284
72.06860	30.68098
72.16384	30.59865
72.25867	30.51591
72.35312	30.43273
72.44720	30.34912
72.54086	30.26506
72.63412	30.18054
72.72702	30.09557
72.81950	30.01020
72.91158	29.92441
73.00330	29.83818
73.09458	29.75157
73.18548	29.66453
73.27602	29.57704
73.36610	29.48919
73.45582	29.40091
73.54513	29.31220
73.63400	29.22305
73.72245	29.13353
73.81051	29.04357
73.89815	28.95324
73.98536	28.86254
74.07221	28.77139
74.15861	28.67990
74.24461	28.58799
74.33021	28.49568
74.41535	28.40303
74.50007	28.30996
74.58437	28.21647
74.66824	28.12260
74.75166	28.02838
74.83469	27.93377
74.91727	27.83881
74.99944	27.74346
75.08119	27.64775
75.16251	27.55168
75.24339	27.45526
75.32382	27.35842
75.40378	27.26124
75.48333	27.16368
75.56244	27.06578
75.64110	26.96754
75.71931	26.86895
75.79711	26.76999
75.87447	26.67070
75.95139	26.57108
76.02787	26.47109
76.10381	26.37076
76.18014	26.27068
76.25758	26.17144
76.33631	26.07327
76.41625	25.97608
76.49739	25.87981
76.57980	25.78468
76.66332	25.69057
76.74804	25.59743
76.83396	25.50549
76.92100	25.41458
77.00916	25.32472
77.09849	25.23609
77.18890	25.14852
77.28039	25.06207
77.37301	24.97685
77.46665	24.89276
77.56135	24.80981
77.65712	24.72816
77.75385	24.64768
77.85162	24.56835
77.95038	24.49037
78.05009	24.41360
78.15077	24.33800
78.25242	24.26380
78.35496	24.19084
78.45840	24.11910
78.56278	24.04877
78.66800	23.97973
78.77407	23.91195
78.88102	23.84558
78.98878	23.78055
79.09732	23.71683
79.20667	23.65452
79.31680	23.59361
79.42767	23.53402
79.53930	23.47584
79.65163	23.41913
79.76469	23.36375
79.87839	23.30981
79.99278	23.25737
80.10787	23.20629
80.22349	23.15665
80.33979	23.10855
80.45669	23.06186
80.57414	23.01659
80.69217	22.97290
80.81073	22.93065
80.92980	22.88984
81.04937	22.85060
81.16946	22.81285
81.28998	22.77656
81.41093	22.74184
81.53236	22.70865
81.65417	22.67693
81.77635	22.64678
81.89895	22.61819
82.02184	22.59109
82.14507	22.56556
82.26867	22.54161
82.39250	22.51917
82.51659	22.49829
82.64101	22.47903
82.76561	22.46128
82.89041	22.44509
83.01545	22.43054
83.14063	22.41750
83.26595	22.40604
83.39143	22.39621
83.51701	22.38789
83.64268	22.38117
83.76847	22.37607
83.89427	22.37249
84.02013	22.37053
84.14599	22.37017
84.27185	22.37131
84.39768	22.37412
84.52347	22.37845
84.64918	22.38434
84.77483	22.39176
84.90039	22.40066
85.02581	22.41108
85.15108	22.42300
85.27625	22.43644
85.40121	22.45144
85.52599	22.46792
85.65056	22.48599
85.77489	22.50559
85.89895	22.52670
86.02278	22.54943
86.14627	22.57366
86.26945	22.59945
86.39231	22.62683
86.51481	22.65575
86.63693	22.68621
86.75867	22.71827
86.87994	22.75186
87.00079	22.78699
87.12122	22.82371
87.24110	22.86197
87.36049	22.90177
87.47939	22.94311
87.59772	22.98601
87.71545	23.03044
87.83266	23.07641
87.94922	23.12387
88.06514	23.17286
88.18043	23.22338
88.29504	23.27539
88.40896	23.32889
88.52220	23.38386
88.63469	23.44033
88.74641	23.49825
88.85741	23.55764
88.96758	23.61846
89.07697	23.68071
89.18555	23.74437
89.29327	23.80947
89.40014	23.87595
89.50614	23.94382
89.61125	24.01305
89.71545	24.08364
89.81876	24.15559
89.92109	24.22884
90.02247	24.30341
90.12289	24.37930
90.22233	24.45648
90.32074	24.53490
90.41818	24.61461
90.51458	24.69553
90.60992	24.77768
90.70423	24.86104
90.79745	24.94561
90.88960	25.03135
90.98066	25.11826
91.07060	25.20630
91.15940	25.29544
91.24713	25.38575
91.33367	25.47710
91.41908	25.56954
91.50335	25.66308
91.58642	25.75763
91.66827	25.85320
91.74897	25.94982
91.82845	26.04740
91.90670	26.14598
91.98375	26.24553
92.05954	26.34598
92.13409	26.44738
92.20742	26.54971
92.27945	26.65291
92.35023	26.75698
92.41972	26.86194
92.48791	26.96773
92.55480	27.07433
92.62040	27.18177
92.68468	27.28998
92.74762	27.39895
92.80926	27.50871
92.86954	27.61920
92.92848	27.73041
92.98607	27.84233
93.04229	27.95494
93.09714	28.06822
93.15061	28.18218
93.20268	28.29675
93.25335	28.41194
93.30263	28.52779
93.35052	28.64417
93.39697	28.76114
93.44200	28.87868
93.48561	28.99675
93.52777	29.11533
93.56851	29.23444
93.60779	29.35401
93.64552	29.47406
93.68196	29.59455
93.71683	29.71548
93.75021	29.83685
93.78212	29.95860
93.81253	30.08072
93.84144	30.20323
93.86886	30.32607
93.89475	30.44925
93.91914	30.57272
93.94199	30.69649
93.96332	30.82054
93.98312	30.94481
94.00138	31.06937
94.01807	31.19411
94.03320	31.31906
94.04678	31.44421
94.05881	31.56948
94.06925	31.69489
94.07813	31.82048
94.08543	31.94612
94.09114	32.07185
94.09528	32.19766
94.09780	32.32347
94.09875	32.44934
94.09808	32.57523
94.09580	32.70106
94.09193	32.82684
94.08645	32.95260
94.07935	33.07825
94.07066	33.20382
94.06035	33.32928
94.04842	33.45457
94.03487	33.57967
94.01968	33.70464
94.00288	33.82938
93.98448	33.95386
93.96445	34.07816
93.94283	34.20213
93.91957	34.32584
93.89471	34.44922
93.86822	34.57227
93.84013	34.69493
93.81043	34.81727
93.77914	34.93919
93.74627	35.06067
93.71178	35.18172
93.67570	35.30230
93.63806	35.42238
93.59883	35.54200
93.55805	35.66106
93.51572	35.77959
93.47179	35.89756
93.42635	36.01492
93.37936	36.13169
93.33087	36.24784
93.28085	36.36334
93.22932	36.47815
93.17629	36.59233
93.12180	36.70578
93.06585	36.81850
93.00841	36.93052
92.94955	37.04176
92.88927	37.15224
92.82753	37.26195
92.76443	37.37082
92.69995	37.47892
92.63407	37.58617
92.56684	37.69256
92.49828	37.79814
92.42838	37.90280
92.35719	38.00658
92.28472	38.10950
92.21095	38.21148
92.13596	38.31256
92.05972	38.41268
91.98224	38.51191
91.90359	38.61017
91.82374	38.70743
91.74274	38.80380
91.66059	38.89913
91.57733	38.99352
91.49292	39.08691
91.40748	39.17932
91.32093	39.27069
91.23328	39.36107
91.14459	39.45033
91.05477	39.53849
90.96387	39.62556
90.87191	39.71151
90.77892	39.79630
90.68484	39.87996
90.58976	39.96240
90.49365	40.04367
90.39651	40.12376
90.29843	40.20258
90.19934	40.28019
90.09928	40.35656
89.99825	40.43165
89.89633	40.50544
89.79345	40.57796
89.68966	40.64919
89.58500	40.71909
89.47943	40.78767
89.37304	40.85489
89.26582	40.92074
89.15770	40.98526
89.04884	41.04836
88.93916	41.11010
88.82867	41.17043
88.71745	41.22935
88.60551	41.28685
88.49279	41.34294
88.37942	41.39757
88.26537	41.45075
88.15061	41.50250
88.03524	41.55276
87.91923	41.60156
87.80256	41.64890
87.68536	41.69473
87.56757	41.73907
87.44921	41.78193
87.33035	41.82326
87.21095	41.86309
87.09103	41.90141
86.97069	41.93819
86.84986	41.97344
86.72858	42.00718
86.60692	42.03937
86.48485	42.07002
86.36238	42.09914
86.23959	42.12669
86.11646	42.15270
85.99297	42.17717
85.86921	42.19998
85.74519	42.22139
85.62086	42.24118
85.49633	42.25939
85.37160	42.27604
85.24662	42.29112
85.12149	42.30463
84.99622	42.31656
84.87075	42.32693
84.74519	42.33571
84.61955	42.34293
84.49380	42.34856
84.36802	42.35263
84.24218	42.35511
84.11630	42.35596
83.99046	42.35537
83.86460	42.35306
83.73880	42.34930
83.61304	42.34386
83.48740	42.33694
83.36179	42.32836
83.23635	42.31829
83.11104	42.30657
82.98587	42.29335
82.86087	42.27851
82.73610	42.26219
82.61150	42.24419
82.48717	42.22473
82.36309	42.20362
82.23927	42.18100
82.11576	42.15686
81.99257	42.13109
81.86964	42.10384
81.74715	42.07502
81.62502	42.04462
81.50323	42.01274
81.38190	41.97931
81.26099	41.94444
81.14011	41.90934
81.01909	41.87474
80.89796	41.84065
80.77664	41.80703
80.65522	41.77393
80.53366	41.74133
80.41192	41.70922
80.29012	41.67763
80.16815	41.64655
80.04604	41.61596
79.92382	41.58588
79.80150	41.55634
79.67901	41.52732
79.55643	41.49881
79.43372	41.47081
79.31086	41.44332
79.18793	41.41636
79.06490	41.38992
78.94173	41.36399
78.81844	41.33858
78.69508	41.31371
78.57157	41.28934
78.44798	41.26551
78.32430	41.24221
78.20049	41.21946
78.07661	41.19724
77.95267	41.17556
77.82856	41.15440
77.70441	41.13379
77.58017	41.11370
77.45582	41.09415
77.33140	41.07513
77.20692	41.05666
77.08231	41.03872
76.95766	41.02133
76.83293	41.00452
76.70810	40.98825
76.58325	40.97253
76.45829	40.95736
76.33327	40.94273
76.20819	40.92865
76.08308	40.91513
75.95786	40.90215
75.83264	40.88973
75.70734	40.87786
75.58194	40.86658
75.45654	40.85588
75.33112	40.84573
75.20560	40.83614
75.08006	40.82711
74.95449	40.81865
74.82884	40.81074
74.70323	40.80341
74.57755	40.79663
74.45181	40.79045
74.32609	40.78487
74.20032	40.77985
74.07453	40.77541
73.94872	40.77155
73.82293	40.76825
73.69705	40.76553
73.57123	40.76338
73.44538	40.76181
73.31950	40.76087
73.19363	40.76052
73.06779	40.76074
72.94192	40.76155
72.81606	40.76295
72.69023	40.76492
72.56435	40.76749
72.43856	40.77064
72.31274	40.77442
72.18694	40.77881
72.06120	40.78379
71.93545	40.78936
71.80974	40.79553
71.68407	40.80228
71.55841	40.80964
71.43278	40.81759
71.30723	40.82619
71.18171	40.83540
71.05621	40.84521
70.93077	40.85563
70.80540	40.86664
70.68007	40.87826
70.55481	40.89048
70.42962	40.90332
70.30444	40.91682
70.17939	40.93092
70.05440	40.94563
69.92946	40.96095
69.80460	40.97689
69.67984	40.99342
69.55513	41.01059
69.43056	41.02843
69.30605	41.04688
69.18161	41.06594
69.05730	41.08562
68.93311	41.10592
68.80898	41.12683
68.68497	41.14837
68.56109	41.17059
68.43731	41.19343
68.31365	41.21689
68.19014	41.24096
68.06670	41.26567
67.94342	41.29100
67.82027	41.31697
67.69724	41.34362
67.57439	41.37089
67.45164	41.39879
67.32903	41.42731
67.20659	41.45646
67.08433	41.48623
66.96217	41.51666
66.84013	41.54740
66.71810	41.57828
66.59611	41.60933
66.47423	41.64063
66.35235	41.67205
66.23051	41.70372
66.10875	41.73557
65.98702	41.76754
65.86534	41.79980
65.74371	41.83217
65.62215	41.86475
65.50063	41.89753
65.37913	41.93043
65.25773	41.96361
65.13634	41.99692
65.01502	42.03040
64.89377	42.06411
64.77251	42.09793
64.65137	42.13201
64.53024	42.16624
64.40914	42.20062
64.28815	42.23524
64.16718	42.26997
64.04625	42.30494
63.92540	42.34007
63.80458	42.37532
63.68381	42.41085
63.56309	42.44648
63.44245	42.48231
63.32185	42.51833
63.20130	42.55446
63.08083	42.59087
62.96035	42.62739
62.83996	42.66409
62.71964	42.70100
62.59932	42.73801
62.47911	42.77528
62.35894	42.81268
62.23878	42.85024
62.11873	42.88802
61.99873	42.92590
61.87876	42.96402
61.75884	43.00230
61.63899	43.04070
61.51919	43.07936
61.39945	43.11811
61.27978	43.15707
61.16014	43.19622
61.04057	43.23546
60.92108	43.27497
60.80160	43.31460
60.68220	43.35440
60.56314	43.39516
60.44506	43.43884
60.32815	43.48535
60.21235	43.53466
60.09771	43.58667
59.98433	43.64131
59.87221	43.69848
59.76133	43.75809
59.65179	43.82004
59.54359	43.88429
59.43668	43.95077
59.33115	44.01932
59.22696	44.08994
59.12414	44.16253
59.02268	44.23700
58.92260	44.31333
58.82387	44.39140
58.72653	44.47117
58.63053	44.55258
58.53589	44.63556
58.44261	44.72005
58.35068	44.80601
58.26007	44.89338
58.17079	44.98212
58.08285	45.07212
57.99620	45.16346
57.91087	45.25596
57.82684	45.34964
57.74407	45.44449
57.66258	45.54041
57.58237	45.63739
57.50342	45.73542
57.42571	45.83441
57.34917	45.93434
57.27393	46.03527
57.19989	46.13701
57.12701	46.23963
57.05539	46.34314
56.98490	46.44740
56.91563	46.55250
56.84752	46.65834
56.78055	46.76490
56.71479	46.87220
56.65008	46.98019
56.58664	47.08886
56.52423	47.19818
56.46300	47.30817
56.40290	47.41872
56.34388	47.52988
56.28600	47.64168
56.22919	47.75399
56.17354	47.86687
56.11891	47.98024
56.06546	48.09421
56.01300	48.20861
55.96175	48.32355
55.91146	48.43895
55.86236	48.55483
55.81424	48.67114
55.76728	48.78794
55.72132	48.90509
55.67652	49.02270
55.63269	49.14070
55.59003	49.25912
55.54836	49.37785
55.50784	49.49704
55.46829	49.61652
55.42994	49.73640
55.39253	49.85659
55.35630	49.97713
55.32107	50.09794
55.28698	50.21913
55.25392	50.34056
55.22200	50.46228
55.19110	50.58434
55.16133	50.70661
55.13263	50.82915
55.10503	50.95197
55.07854	51.07499
55.05314	51.19825
55.02887	51.32178
55.00566	51.44549
54.98364	51.56941
54.96265	51.69353
54.94291	51.81781
54.92418	51.94228
54.90671	52.06693
54.89030	52.19170
54.87511	52.31665
54.86102	52.44172
54.84815	52.56691
54.83643	52.69223
54.82590	52.81768
54.81659	52.94317
54.80844	53.06876
54.80155	53.19447
54.79581	53.32018
54.79140	53.44597
54.78811	53.57180
54.78621	53.69764
54.78543	53.82349
54.78605	53.94937
54.78784	54.07523
54.79102	54.20103
54.79543	54.32683
54.80122	54.45257
54.80827	54.57822
54.81671	54.70382
54.82643	54.82930
54.83760	54.95466
54.85010	55.07992
54.86395	55.20499
54.87924	55.32993
54.89594	55.45469
54.91405	55.57922
54.93361	55.70357
54.95462	55.82767
54.97708	55.95150
55.00102	56.07505
55.02644	56.19834
55.05336	56.32129
55.08179	56.44390
55.11175	56.56616
55.14323	56.68803
55.17625	56.80947
55.21084	56.93051
55.24698	57.05106
55.28469	57.17111
55.32401	57.29071
55.36489	57.40972
55.40740	57.52818
55.45152	57.64610
55.49725	57.76335
55.54460	57.87994
55.59360	57.99590
55.64423	58.11113
55.69648	58.22561
55.75041	58.33937
55.80597	58.45231
55.86316	58.56440
55.92203	58.67567
55.98254	58.78603
56.04468	58.89547
56.10848	59.00398
56.17391	59.11148
56.24097	59.21798
56.30968	59.32345
56.38000	59.42784
56.45192	59.53110
56.52546	59.63327
56.60059	59.73427
56.67727	59.83404
56.75554	59.93263
56.83534	60.02996
56.91665	60.12600
56.99950	60.22078
57.08384	60.31423
57.16962	60.40630
57.25688	60.49704
57.34553	60.58636
57.43560	60.67429
57.52703	60.76078
57.61983	60.84581
57.71393	60.92936
57.80934	61.01151
57.90528	61.09297
58.00150	61.17410
58.09800	61.25492
58.19479	61.33535
58.29185	61.41545
58.38922	61.49525
58.48684	61.57468
58.58477	61.65376
58.68296	61.73251
58.78142	61.81091
58.88015	61.88894
58.97922	61.96663
59.07851	62.04396
59.17806	62.12096
59.27796	62.19758
59.37808	62.27382
59.47846	62.34972
59.57916	62.42528
59.68012	62.50043
59.78133	62.57522
59.88284	62.64968
59.98461	62.72374
60.08665	62.79740
60.18895	62.87072
60.29152	62.94366
60.39437	63.01619
60.49751	63.08837
60.60088	63.16016
60.70454	63.23156
60.80849	63.30256
60.91265	63.37316
61.01711	63.44340
61.12184	63.51321
61.22684	63.58264
61.33204	63.65167
61.43759	63.72028
61.54336	63.78848
61.64938	63.85630
61.75571	63.92370
61.86227	63.99066
61.96909	64.05723
62.07619	64.12339
62.18353	64.18909
62.29112	64.25438
62.39898	64.31927
62.50711	64.38370
62.61547	64.44769
62.72409	64.51130
62.83298	64.57440
62.94218	64.63699
63.05192	64.69865
63.16229	64.75910
63.27324	64.81854
63.38483	64.87678
63.49696	64.93394
63.60966	64.98995
63.72295	65.04480
63.83673	65.09858
63.95110	65.15110
64.06599	65.20259
64.18140	65.25282
64.29727	65.30193
64.41367	65.34988
64.53051	65.39661
64.64780	65.44225
64.76560	65.48660
64.88379	65.52988
65.00244	65.57186
65.12149	65.61273
65.24094	65.65237
65.36079	65.69081
65.48103	65.72810
65.60160	65.76410
65.72253	65.79900
65.84385	65.83257
65.96545	65.86502
66.08737	65.89621
66.20965	65.92622
66.33214	65.95499
66.45496	65.98253
66.57803	66.00892
66.70139	66.03398
66.82491	66.05793
66.94876	66.08056
67.07278	66.10203
67.19698	66.12223
67.32145	66.14123
67.44601	66.15902
67.57080	66.17552
67.69572	66.19091
67.82079	66.20493
67.94598	66.21784
68.07133	66.22944
68.19675	66.23986
68.32228	66.24906
68.44791	66.25700
68.57359	66.26379
68.69931	66.26925
68.82513	66.27359
68.95093	66.27662
69.07677	66.27849
69.20267	66.27913
69.32851	66.27853
69.45435	66.27679
69.58018	66.27371
69.70598	66.26954
69.83170	66.26407
69.95744	66.25745
70.08303	66.24962
70.20856	66.24054
70.33405	66.23037
70.45935	66.21886
70.58459	66.20626
70.70969	66.19241
70.83466	66.17739
70.95947	66.16122
71.08414	66.14378
71.20862	66.12527
71.33292	66.10549
71.45704	66.08458
71.58096	66.06252
71.70464	66.03923
71.82813	66.01488
71.95135	65.98925
72.07435	65.96254
72.19711	65.93468
72.31956	65.90563
72.44176	65.87553
72.56366	65.84418
72.68526	65.81176
72.80657	65.77823
72.92758	65.74350
73.04826	65.70776
73.16856	65.67081
73.28857	65.63278
73.40820	65.59372
73.52745	65.55345
73.64635	65.51216
73.76485	65.46976
73.88303	65.42651
74.00141	65.38371
74.12009	65.34180
74.23907	65.30078
74.35837	65.26062
74.47796	65.22136
74.59784	65.18301
74.71803	65.14558
74.83846	65.10907
74.95915	65.07348
75.08017	65.03879
75.20143	65.00502
75.32293	64.97221
75.44469	64.94032
75.56669	64.90936
75.68892	64.87936
75.81139	64.85031
75.93408	64.82220
76.05698	64.79507
76.18010	64.76889
76.30339	64.74370
76.42690	64.71947
76.55063	64.69621
76.67450	64.67393
76.79852	64.65264
76.92277	64.63232
77.04714	64.61299
77.17164	64.59466
77.29631	64.57732
77.42112	64.56097
77.54602	64.54562
77.67108	64.53127
77.79624	64.51794
77.92149	64.50561
78.04686	64.49429
78.17229	64.48396
78.29779	64.47466
78.42340	64.46637
78.54906	64.45910
78.67476	64.45284
78.80052	64.44759
78.92632	64.44337
79.05211	64.44016
79.17799	64.43797
79.30383	64.43680
79.42968	64.43665
79.55557	64.43751
79.68139	64.43941
79.80724	64.44231
79.93304	64.44625
80.05881	64.45121
80.18451	64.45719
80.31021	64.46420
80.43581	64.47222
80.56133	64.48126
80.68681	64.49132
80.81217	64.50239
80.93747	64.51448
81.06267	64.52757
81.18771	64.54168
81.31266	64.55679
81.43749	64.57292
81.56220	64.59005
81.68674	64.60818
81.81115	64.62733
81.93538	64.64748
82.05943	64.66862
82.18337	64.69077
82.30706	64.71390
82.43060	64.73802
82.55394	64.76314
82.67705	64.78922
82.79999	64.81631
82.92269	64.84436
83.04511	64.87349
83.16737	64.90340
83.28935	64.93448
83.41110	64.96642
83.53258	64.99932
83.65382	65.03320
83.77476	65.06796
83.89542	65.10378
84.01582	65.14049
84.13591	65.17817
84.25569	65.21678
84.37519	65.25636
84.49434	65.29688
84.61317	65.33832
84.73173	65.38070
84.84990	65.42399
84.96774	65.46819
85.08524	65.51331
85.20239	65.55933
85.31916	65.60625
85.43562	65.65409
85.55163	65.70280
85.66730	65.75241
85.78261	65.80292
85.89751	65.85430
86.01200	65.90656
86.12611	65.95970
86.23977	66.01373
86.35301	66.06864
86.46586	66.12444
86.57826	66.18106
86.69022	66.23853
86.80179	66.29688
86.91286	66.35603
87.02348	66.41603
87.13370	66.47689
87.24339	66.53854
87.35263	66.60103
87.46145	66.66436
87.56976	66.72848
87.67756	66.79340
87.78491	66.85914
87.89173	66.92567
87.99805	66.99306
88.10387	67.06124
88.20914	67.13018
88.31391	67.19991
88.41818	67.27043
88.52191	67.34171
88.62510	67.41375
88.72780	67.48659
88.82989	67.56014
88.93147	67.63448
89.03249	67.70955
89.13297	67.78537
89.23286	67.86191
89.33220	67.93922
89.43096	68.01723
89.52910	68.09601
89.62670	68.17554
89.72366	68.25574
89.82006	68.33669
89.91586	68.41833
90.01105	68.50069
90.10561	68.58370
90.19961	68.66745
90.29296	68.75186
90.38569	68.83695
90.47782	68.92274
90.56929	69.00919
90.66013	69.09630
90.75034	69.18410
90.83986	69.27254
90.92872	69.36169
91.01693	69.45147
91.10446	69.54189
91.19134	69.63296
91.27757	69.72469
91.36309	69.81701
91.44792	69.90995
91.53212	70.00357
91.61558	70.09775
91.69836	70.19256
91.78045	70.28798
91.86183	70.38400
91.94248	70.48059
92.02245	70.57781
92.10165	70.67563
92.18011	70.77404
92.25786	70.87302
92.33485	70.97257
92.41112	71.07269
92.48666	71.17341
92.56142	71.27463
92.63545	71.37643
92.70873	71.47879
92.78123	71.58167
92.85294	71.68507
92.92392	71.78905
92.99409	71.89352
93.06349	71.99850
93.13210	72.10405
93.19987	72.21009
93.26685	72.31666
93.33303	72.42374
93.39839	72.53129
93.46294	72.63933
93.52670	72.74786
93.58961	72.85686
93.65170	72.96634
93.71296	73.07630
93.77338	73.18671
93.83296	73.29757
93.89171	73.40891
93.94959	73.52064
94.00665	73.63285
94.06279	73.74551
94.11805	73.85856
94.17243	73.97206
94.22596	74.08600
94.27860	74.20033
94.33035	74.31504
94.38123	74.43020
94.43120	74.54571
94.48027	74.66159
94.52846	74.77789
94.57572	74.89452
94.62207	75.01153
94.66752	75.12892
94.71204	75.24664
94.75565	75.36470
94.79832	75.48313
94.84000	75.60188
94.88077	75.72094
94.92056	75.84039
94.95942	75.96009
94.99741	76.08007
95.03430	76.20041
95.07030	76.32101
95.10545	76.44186
95.13943	76.56306
95.17263	76.68448
95.20467	76.80618
95.23591	76.92814
95.26607	77.05032
95.29525	77.17274
95.32346	77.29542
95.35067	77.41831
95.37687	77.54140
95.40206	77.66472
95.42626	77.78823
95.44945	77.91193
95.47165	78.03584
95.49283	78.15993
95.51299	78.28414
95.53215	78.40855
95.55030	78.53308
95.56742	78.65778
95.58352	78.78263
95.59859	78.90757
95.61263	79.03265
95.62564	79.15787
95.63763	79.28315
95.64858	79.40852
95.65852	79.53400
95.66740	79.65955
95.67525	79.78513
95.68208	79.91087
95.68787	80.03656
95.69262	80.16233
95.69633	80.28818
Ferifrey
https://thenounproject.com/icon/y2k-circle-7136189/