217.70000	147.92999
217.62532	148.66905
217.55064	149.40813
217.47597	150.14719
217.40129	150.88625
217.32661	151.62532
217.25194	152.36438
217.17728	153.10345
217.10260	153.84251
217.02792	154.58157
216.95325	155.32065
216.87857	156.05971
216.80389	156.79877
216.72922	157.53784
216.65454	158.27690
216.57986	159.01596
216.50519	159.75504
216.43053	160.49409
216.35585	161.23315
216.28117	161.97223
216.20650	162.71129
216.13182	163.45035
216.05714	164.18942
215.98247	164.92848
215.90779	165.66754
215.83311	166.40662
215.75844	167.14568
215.68376	167.88475
215.60910	168.62381
215.53442	169.36287
215.45975	170.10194
215.38507	170.84100
215.31039	171.58006
215.23572	172.31914
215.16104	173.05820
215.08636	173.79726
215.01169	174.53633
214.93701	175.27539
214.86235	176.01447
214.78767	176.75352
214.71300	177.49258
214.63832	178.23166
214.56364	178.97072
214.48897	179.70978
214.41429	180.44885
214.33961	181.18791
214.26494	181.92697
214.19026	182.66605
214.11560	183.40511
214.04092	184.14417
213.96625	184.88324
213.89157	185.62230
213.81689	186.36136
213.74222	187.10043
213.66754	187.83949
213.59286	188.57855
213.51819	189.31763
213.44351	190.05669
213.36884	190.79576
213.29417	191.53482
213.21950	192.27388
213.14482	193.01295
213.07014	193.75201
212.99547	194.49107
212.92079	195.23015
212.84612	195.96921
212.77144	196.70828
212.69676	197.44734
212.62209	198.18640
212.54742	198.92546
212.47275	199.66454
212.39807	200.40359
212.32372	201.14270
212.25575	201.88240
212.18965	202.62228
212.12534	203.36232
212.06279	204.10251
212.00201	204.84285
211.94299	205.58333
211.88576	206.32394
211.83069	207.06473
211.77737	207.80563
211.72586	208.54668
211.67612	209.28784
211.62816	210.02911
211.58199	210.77051
211.53766	211.51201
211.49544	212.25363
211.45499	212.99536
211.41634	213.73718
211.37949	214.47910
211.34439	215.22108
211.31111	215.96318
211.27971	216.70534
211.25040	217.44759
211.22285	218.18991
211.19713	218.93228
211.17319	219.67473
211.15103	220.41722
211.13069	221.15976
211.11227	221.90236
211.09590	222.64502
211.08130	223.38770
211.06851	224.13042
211.05753	224.87315
211.04832	225.61592
211.04094	226.35872
211.03551	227.10153
211.03209	227.84435
211.03046	228.58717
211.03078	229.33000
211.03342	230.07281
211.03857	230.81561
211.04633	231.55841
211.05681	232.30116
211.07010	233.04387
211.08630	233.78651
211.10558	234.52908
211.12801	235.27158
211.15373	236.01395
211.18289	236.75621
211.21562	237.49831
211.25209	238.24025
211.29245	238.98198
211.33687	239.72346
211.38554	240.46469
211.43819	241.20566
211.49602	241.94623
211.55872	242.68640
211.62648	243.42613
211.69992	244.16531
211.77902	244.90392
211.86433	245.64183
211.95609	246.37895
212.05484	247.11519
212.16081	247.85040
212.27486	248.58443
212.39734	249.31708
212.52882	250.04817
212.67007	250.77744
212.82195	251.50456
212.98531	252.22920
213.16116	252.95090
213.35060	253.66914
213.55516	254.38324
213.77621	255.09238
214.01569	255.79552
214.27550	256.49139
214.55817	257.17828
214.86659	257.85397
215.20381	258.51578
215.57394	259.15970
215.98122	259.78079
216.43027	260.37228
216.92581	260.92535
217.47437	261.42569
218.04617	261.89981
218.63173	262.35684
219.23094	262.79581
219.84366	263.21570
220.46967	263.61551
221.10869	263.99420
221.76027	264.35080
222.42393	264.68439
223.09909	264.99405
223.78502	265.27905
224.48090	265.53879
225.18588	265.77271
225.89902	265.98047
226.61938	266.16162
227.34592	266.31616
228.07759	266.44415
228.81339	266.54578
229.55232	266.62131
230.29344	266.67114
231.03581	266.69586
231.77861	266.69647
232.52116	266.67661
233.26282	266.63553
234.00291	266.57239
234.74069	266.48611
235.47522	266.37567
236.20552	266.24002
236.93048	266.07831
237.64891	265.88965
238.35947	265.67331
239.06082	265.42871
239.75142	265.15524
240.42984	264.85284
241.09464	264.52158
241.74425	264.16144
242.37730	263.77295
242.99258	263.35684
243.58890	262.91400
244.16519	262.44540
244.72078	261.95242
245.25504	261.43640
245.76747	260.89868
246.25800	260.34091
246.72652	259.76456
247.17322	259.17108
247.59837	258.56201
248.00237	257.93872
248.38559	257.30240
248.74873	256.65445
249.09247	255.99597
249.41728	255.32794
249.72398	254.65141
250.01328	253.96724
250.28575	253.27621
250.54214	252.57906
250.78317	251.87643
251.00917	251.16884
251.22154	250.45703
251.41997	249.74121
251.60565	249.02199
251.77921	248.29973
251.94055	247.57465
252.09064	246.84715
252.22998	246.11752
252.35898	245.38599
252.47806	244.65277
252.89972	244.27898
253.64255	244.27898
254.38538	244.27898
255.12820	244.27898
255.87103	244.27898
256.61386	244.27898
257.35669	244.27898
258.09952	244.27898
258.84235	244.27898
259.36758	244.47174
259.27762	245.20909
259.18378	245.94598
259.08624	246.68237
258.98492	247.41824
258.87973	248.15358
258.77063	248.88837
258.65756	249.62251
258.54044	250.35606
258.41919	251.08893
258.29367	251.82108
258.16388	252.55247
258.02963	253.28307
257.89087	254.01282
257.74753	254.74168
257.59946	255.46960
257.44659	256.19650
257.28882	256.92239
257.12604	257.64716
256.95810	258.37076
256.78494	259.09314
256.60638	259.81418
256.42227	260.53381
256.23257	261.25201
256.03714	261.96866
255.83591	262.68372
255.62871	263.39706
255.41516	264.10852
255.19539	264.81808
254.96927	265.52567
254.73660	266.23111
254.49701	266.93423
254.25067	267.63501
253.99733	268.33331
253.73659	269.02887
253.46867	269.72168
253.19302	270.41147
252.90977	271.09814
252.61862	271.78156
252.31934	272.46140
252.01186	273.13760
251.69592	273.80988
251.37132	274.47803
251.03809	275.14191
250.69566	275.80109
250.34424	276.45554
249.98340	277.10480
249.61296	277.74869
249.23296	278.38693
248.84309	279.01923
248.44304	279.64511
248.03287	280.26440
247.61241	280.87677
247.18150	281.48184
246.73988	282.07913
246.28749	282.66830
245.82431	283.24899
245.35017	283.82080
244.86507	284.38333
244.36893	284.93616
243.86169	285.47882
243.34340	286.01093
242.81400	286.53198
242.27362	287.04163
241.72226	287.53940
241.16005	288.02490
240.58717	288.49768
240.00369	288.95740
239.40990	289.40369
238.80592	289.83612
238.19196	290.25421
237.56839	290.65784
236.93549	291.04666
236.29358	291.42044
235.64299	291.77893
234.98415	292.12198
234.31741	292.44946
233.64316	292.76111
232.96176	293.05685
232.27367	293.33664
231.57932	293.60052
230.87914	293.84854
230.17354	294.08072
229.46297	294.29715
228.74782	294.49796
228.02850	294.68332
227.30540	294.85330
226.57892	295.00818
225.84941	295.14813
225.11725	295.27347
224.38277	295.38443
223.64629	295.48123
222.90814	295.56427
222.16858	295.63376
221.42787	295.68976
220.68631	295.73288
219.94414	295.76340
219.20154	295.78168
218.45876	295.78793
217.71594	295.78360
216.97324	295.77054
216.23076	295.74826
215.48862	295.71634
214.74696	295.67468
214.00594	295.62308
213.26573	295.56091
212.52649	295.48798
211.78844	295.40399
211.05176	295.30869
210.31670	295.20166
209.58348	295.08255
208.85242	294.95102
208.12373	294.80673
207.39781	294.64929
206.67494	294.47836
205.95549	294.29364
205.23978	294.09473
204.52827	293.88138
203.82135	293.65326
203.11949	293.41010
202.42322	293.15128
201.73294	292.87692
201.04915	292.58676
200.37242	292.28049
199.70340	291.95773
199.04243	291.61874
198.39027	291.26324
197.74742	290.89105
197.11433	290.50253
196.49185	290.09723
195.88020	289.67572
195.28018	289.23785
194.69221	288.78397
194.11673	288.31430
193.55437	287.82904
193.00525	287.32880
192.47015	286.81360
191.94897	286.28436
191.44249	285.74100
190.95049	285.18448
190.47345	284.61514
190.01143	284.03351
189.56435	283.44031
189.13272	282.83578
188.71603	282.22086
188.31441	281.59601
187.92807	280.96158
187.55653	280.31836
187.19966	279.66687
186.85735	279.00766
186.52959	278.34106
186.21588	277.66772
185.91603	276.98813
185.62978	276.30270
185.35683	275.61188
185.09692	274.91595
184.84981	274.21548
184.61513	273.51071
184.39258	272.80200
184.18185	272.08972
183.98262	271.37411
183.79457	270.65549
183.61739	269.93408
183.45084	269.21021
183.29474	268.48395
183.14861	267.75568
183.01210	267.02548
182.88513	266.29361
182.76744	265.56018
182.65852	264.82538
182.55843	264.08932
182.46672	263.35220
182.38312	262.61407
182.30762	261.87509
182.23970	261.13541
182.17947	260.39502
182.12642	259.65414
182.08052	258.91272
182.04155	258.17093
182.00912	257.42880
181.98351	256.68640
181.96408	255.94385
181.95076	255.20114
181.94366	254.45834
181.94229	253.71552
181.94423	252.97269
181.94859	252.22987
181.95531	251.48708
181.96431	250.74431
181.97557	250.00157
181.98906	249.25887
182.00467	248.51619
182.02240	247.77359
182.04230	247.03104
182.06418	246.28851
182.08803	245.54607
182.11382	244.80368
182.14146	244.06139
182.17094	243.31914
182.20224	242.57697
182.23529	241.83487
182.27007	241.09286
182.30653	240.35092
182.34467	239.60909
182.38440	238.86732
182.42574	238.12566
182.46864	237.38405
182.51314	236.64256
182.55914	235.90117
182.60664	235.15985
182.65559	234.41862
182.70595	233.67751
182.75769	232.93649
182.81081	232.19554
182.86526	231.45473
182.92104	230.71400
182.97809	229.97337
183.03641	229.23282
183.09598	228.49242
183.15683	227.75208
183.21898	227.01186
183.28232	226.27173
183.34679	225.53171
183.41241	224.79178
183.47914	224.05194
183.54695	223.31223
183.61586	222.57260
183.68600	221.83308
183.75775	221.09372
183.82979	220.35440
183.90271	219.61516
183.97693	218.87605
184.05212	218.13702
184.12843	217.39813
184.20576	216.65935
184.28439	215.92070
184.36365	215.18210
184.44333	214.44356
184.52487	213.70525
184.60643	212.96692
184.68954	212.22876
184.77333	211.49068
184.85751	210.75264
184.94351	210.01480
185.02950	209.27698
185.11685	208.53929
185.20499	207.80170
185.29324	207.06413
185.38348	206.32681
185.47372	205.58949
185.56491	204.85228
185.65720	204.11520
185.74948	203.37813
185.84343	202.64128
185.93773	201.90446
186.03209	201.16765
186.12675	200.43088
186.22141	199.69411
186.31607	198.95734
186.41074	198.22057
186.50540	197.48380
186.60005	196.74702
186.69472	196.01025
186.78938	195.27347
186.88405	194.53671
186.97870	193.79993
187.07336	193.06316
187.16803	192.32639
187.26268	191.58961
187.35735	190.85284
187.45201	190.11607
187.54668	189.37930
187.64133	188.64253
187.73599	187.90576
187.83066	187.16898
187.92531	186.43221
188.01997	185.69543
188.11464	184.95866
188.20930	184.22189
188.30396	183.48512
188.39862	182.74835
188.49329	182.01158
188.58794	181.27481
188.68260	180.53802
188.77727	179.80127
188.87193	179.06448
188.96658	178.32771
189.06125	177.59094
189.15591	176.85417
189.25058	176.11740
189.34523	175.38063
189.43990	174.64386
189.53456	173.90709
189.62921	173.17032
189.72388	172.43353
189.81854	171.69676
189.91321	170.95999
190.00786	170.22322
190.10252	169.48645
190.19719	168.74968
190.29184	168.01291
190.38651	167.27617
190.48117	166.53940
190.57582	165.80261
190.67049	165.06584
190.76515	164.32907
190.85980	163.59230
190.95447	162.85553
191.04913	162.11876
191.14380	161.38199
191.23845	160.64522
191.33311	159.90845
191.42778	159.17168
191.52245	158.43491
191.61710	157.69812
191.71176	156.96135
191.80643	156.22458
191.90108	155.48781
191.99574	154.75104
192.09041	154.01427
192.18507	153.27750
192.27972	152.54073
192.37439	151.80396
192.46906	151.06718
192.56371	150.33040
192.65837	149.59363
192.75304	148.85686
192.84770	148.12009
192.31985	147.93097
191.57703	147.93097
190.83420	147.93097
190.09137	147.93097
189.34854	147.93097
188.60571	147.93097
187.86288	147.93097
187.12006	147.93097
186.37723	147.93097
185.63440	147.93097
184.89157	147.93097
184.14874	147.93097
183.40591	147.93097
182.66309	147.93097
181.92026	147.93097
181.17743	147.93097
180.43460	147.93097
179.69177	147.93097
178.94894	147.93097
178.20612	147.93097
177.46329	147.93097
176.72046	147.93097
175.97763	147.93097
175.23480	147.93097
174.49199	147.93102
173.74918	147.93451
173.00639	147.94440
172.26376	147.96089
171.52129	147.98418
170.77910	148.01469
170.03725	148.05249
169.29581	148.09782
168.55489	148.15112
167.81461	148.21248
167.07506	148.28232
166.33644	148.36084
165.59882	148.44852
164.86235	148.54547
164.12726	148.65236
163.39369	148.76932
162.66190	148.89674
161.93207	149.03505
161.20448	149.18474
160.47943	149.34618
159.75719	149.51984
159.03810	149.70615
158.32256	149.90556
157.61096	150.11867
156.90378	150.34592
156.20142	150.58775
155.50444	150.84465
154.81349	151.11731
154.12910	151.40607
153.45198	151.71146
152.78284	152.03395
152.12247	152.37407
151.47166	152.73209
150.83128	153.10852
150.20119	153.50182
149.58525	153.91698
148.98349	154.35245
148.39589	154.80682
147.82208	155.27853
147.26183	155.76627
146.71471	156.26868
146.18054	156.78485
145.65875	157.31351
145.14896	157.85379
144.65074	158.40472
144.16370	158.96558
143.68741	159.53558
143.22147	160.11411
142.76547	160.70052
142.31918	161.29430
141.88202	161.89487
141.45375	162.50180
141.03400	163.11467
140.62250	163.73306
140.21880	164.35664
139.82283	164.98512
139.43411	165.61812
139.05243	166.25539
138.67763	166.89671
138.30937	167.54182
137.94745	168.19052
137.59163	168.84258
137.24171	169.49780
136.89748	170.15608
136.55878	170.81717
136.22539	171.48099
135.89717	172.14738
135.57391	172.81619
135.25552	173.48730
134.52007	173.49898
133.77724	173.49898
133.03441	173.49898
132.29158	173.49898
131.54875	173.49898
130.80595	173.49898
130.06313	173.49898
129.32030	173.49898
128.58072	173.49655
128.78972	172.78374
129.00139	172.07169
129.21576	171.36047
129.43289	170.65010
129.65285	169.94058
129.87563	169.23193
130.10136	168.52425
130.33038	167.81760
130.56239	167.11194
130.79745	166.40729
131.03564	165.70369
131.27698	165.00116
131.52194	164.29988
131.77025	163.59978
132.02188	162.90086
132.27690	162.20322
132.53572	161.50693
132.79829	160.81206
133.06445	160.11853
133.33423	159.42645
133.60835	158.73604
133.88631	158.04720
134.16809	157.35988
134.45428	156.67439
134.74451	155.99060
135.03925	155.30875
135.33842	154.62886
135.64211	153.95091
135.95041	153.27510
136.26353	152.60153
136.58150	151.93019
136.90440	151.26123
137.23241	150.59473
137.56558	149.93082
137.90410	149.26961
138.24805	148.61124
138.59761	147.95575
138.95285	147.30345
139.31401	146.65424
139.68105	146.00848
140.05431	145.36620
140.43381	144.72766
140.81973	144.09293
141.21222	143.46234
141.61145	142.83586
142.01749	142.21388
142.43071	141.59653
142.84891	140.98262
143.26939	140.37029
143.69408	139.76083
144.12350	139.15471
144.55756	138.55188
144.99632	137.95248
145.43999	137.35675
145.88918	136.76508
146.34363	136.17749
146.80362	135.59421
147.26920	135.01547
147.74101	134.44168
148.21902	133.87312
148.70358	133.31007
149.19490	132.75294
149.69325	132.20207
150.19890	131.65800
150.71227	131.12103
151.23346	130.59183
151.76312	130.07094
152.30128	129.55901
152.84854	129.05669
153.40508	128.56474
153.97150	128.08417
154.54800	127.61581
155.13513	127.16065
155.73309	126.72004
156.34239	126.29510
156.96329	125.88744
157.59616	125.49856
158.24092	125.12988
158.89194	124.77207
159.55481	124.43703
160.22839	124.12386
160.91116	123.83132
161.60201	123.55840
162.29991	123.30410
163.00403	123.06738
163.71346	122.84732
164.42766	122.64317
165.14594	122.45387
165.86787	122.27873
166.59279	122.11692
167.32050	121.96793
168.05058	121.83093
168.78267	121.70535
169.51662	121.59061
170.25201	121.48621
170.98882	121.39164
171.72676	121.30641
172.46565	121.23009
173.20535	121.16227
173.94580	121.10269
174.68680	121.05083
175.42833	121.00637
176.17015	120.96928
176.91240	120.93884
177.65482	120.91479
178.39745	120.89720
179.14015	120.88576
179.88300	120.87987
180.62576	120.87897
181.36862	120.87897
182.11142	120.87897
182.85428	120.87897
183.59708	120.87897
184.33994	120.87897
185.08273	120.87897
185.82559	120.87897
186.56839	120.87897
187.31125	120.87897
188.05405	120.87897
188.79691	120.87897
189.53970	120.87897
190.28256	120.87897
191.02536	120.87897
191.76822	120.87897
192.51102	120.87897
193.25388	120.87897
193.99667	120.87897
194.73953	120.87897
195.48233	120.87897
196.22519	120.87897
196.96799	120.87897
197.71085	120.87897
198.45364	120.87897
199.19650	120.87897
199.93930	120.87897
200.68216	120.87897
201.42496	120.87897
202.16782	120.87897
202.91061	120.87897
203.65347	120.87897
204.39627	120.87897
205.13913	120.87897
205.88193	120.87897
206.62479	120.87897
207.36758	120.87897
208.11044	120.87897
208.85324	120.87897
209.59610	120.87897
210.33890	120.87897
211.08176	120.87897
211.82455	120.87897
212.56741	120.87897
213.31021	120.87897
214.05301	120.87897
214.79587	120.87897
215.53867	120.87897
216.28152	120.87897
217.02432	120.87897
217.76718	120.87897
218.50998	120.87897
219.25284	120.87897
219.99564	120.87897
220.73849	120.87897
221.48129	120.87897
222.22415	120.87897
222.96695	120.87897
223.70981	120.87897
224.45261	120.87897
225.19547	120.87897
225.93826	120.87897
226.68112	120.87897
227.42392	120.87897
228.16678	120.87897
228.90958	120.87897
229.65244	120.87897
230.39523	120.87897
231.13809	120.87897
231.88089	120.87897
232.62375	120.87897
233.36655	120.87897
234.10941	120.87897
234.85220	120.87897
235.59506	120.87897
236.33786	120.87897
237.08072	120.87897
237.82352	120.87897
238.56638	120.87897
239.30917	120.87897
240.05203	120.87897
240.79483	120.87897
241.53769	120.87897
242.28049	120.87897
243.02335	120.87897
243.76614	120.87897
244.50900	120.87897
245.25180	120.87897
245.99466	120.87897
246.73746	120.87897
247.48032	120.87897
248.22311	120.87897
248.96597	120.87897
249.70877	120.87897
250.45163	120.87897
251.19443	120.87897
251.93729	120.87897
252.68008	120.87897
253.42294	120.87897
254.16574	120.87897
254.90860	120.87897
255.65140	120.87897
256.39426	120.87897
257.13705	120.87897
257.87991	120.87897
258.62271	120.87897
259.36551	120.87897
260.10837	120.87897
260.85117	120.87897
261.59402	120.87897
262.33682	120.87897
263.07968	120.87897
263.82248	120.87897
264.56534	120.87897
265.30814	120.87897
266.05099	120.87897
266.79379	120.87897
267.53665	120.87897
268.27945	120.87897
269.02231	120.87897
269.76511	120.87897
270.50797	120.87897
271.25076	120.87897
271.43399	121.43857
271.43399	122.18137
271.43399	122.92422
271.43399	123.66702
271.43399	124.40988
271.43399	125.15268
271.43399	125.89554
271.43399	126.63834
271.43399	127.38120
271.43399	128.12399
271.43399	128.86685
271.43399	129.60965
271.43399	130.35251
271.43399	131.09531
271.43399	131.83817
271.43399	132.58096
271.43399	133.32382
271.43399	134.06662
271.43399	134.80948
271.43399	135.55228
271.43399	136.29514
271.43399	137.03793
271.43399	137.78079
271.43399	138.52359
271.43399	139.26645
271.43399	140.00925
271.43399	140.75211
271.43399	141.49490
271.43399	142.23776
271.43399	142.98056
271.43399	143.72342
271.43399	144.46622
271.43399	145.20908
271.43399	145.95187
271.43399	146.69473
271.43399	147.43753
271.18359	147.92996
270.44080	147.92996
269.69794	147.92996
268.95514	147.92996
268.21228	147.92996
267.46948	147.92996
266.72662	147.92996
265.98383	147.92996
265.24097	147.92996
264.49817	147.92996
263.75537	147.92996
263.01251	147.92996
262.26971	147.92996
261.52686	147.92996
260.78406	147.92996
260.04120	147.92996
259.29840	147.92996
258.55554	147.92996
257.81274	147.92996
257.06989	147.92996
256.32709	147.92996
255.58421	147.92996
254.84142	147.92996
254.09856	147.92998
253.35576	147.92998
252.61290	147.92998
251.87010	147.92998
251.12724	147.92998
250.38445	147.92998
249.64159	147.92998
248.89879	147.92998
248.15593	147.92998
247.41313	147.92998
246.67027	147.92998
245.92747	147.92998
245.18462	147.92998
244.44182	147.92998
243.69896	147.92998
242.95616	147.92998
242.21330	147.92998
241.47050	147.92998
240.72765	147.92998
239.98485	147.92998
239.24199	147.92998
238.49919	147.92998
237.75633	147.92998
237.01353	147.92998
236.27068	147.92998
235.52788	147.92998
234.78502	147.92998
234.04222	147.92998
233.29936	147.92998
232.55656	147.92998
231.81371	147.92998
231.07091	147.92998
230.32805	147.92998
229.58525	147.92999
228.84239	147.92999
228.09959	147.92999
227.35674	147.92999
226.61394	147.92999
225.87108	147.92999
225.12828	147.92999
224.38542	147.92999
223.64262	147.92999
222.89977	147.92999
222.15697	147.92999
221.41411	147.92999
220.67131	147.92999
219.92845	147.92999
219.18565	147.92999
218.44279	147.92999
Wikimedia, public domain
https://commons.wikimedia.org/wiki/File:Tau_uc_lc.svg
