20.00000	7.00000
19.88143	7.00212
19.76302	7.00853
19.64492	7.01927
19.52731	7.03441
19.41035	7.05396
19.29421	7.07796
19.17909	7.10641
19.06517	7.13934
18.95263	7.17671
18.84166	7.21851
18.73244	7.26470
18.62517	7.31525
18.52001	7.37007
18.41718	7.42912
18.31683	7.49230
18.21914	7.55953
18.12429	7.63069
18.03242	7.70568
17.94373	7.78440
17.85834	7.86668
17.77640	7.95240
17.69806	8.04143
17.62344	8.13359
17.55266	8.22873
17.48584	8.32669
17.42306	8.42730
17.36443	8.53038
17.31003	8.63574
17.25991	8.74322
17.21416	8.85262
17.17280	8.96376
17.13586	9.07644
17.10339	9.19049
17.07537	9.30572
17.05181	9.42194
17.03271	9.53898
17.01802	9.65665
17.00771	9.77479
17.00173	9.89322
17.00000	10.01180
17.00000	10.13039
17.00000	10.24898
17.00000	10.36757
17.00000	10.48617
17.00000	10.60476
17.00000	10.72335
17.00000	10.84195
17.00000	10.96054
17.00000	11.07913
17.00000	11.19773
17.00000	11.31632
17.00000	11.43491
17.00000	11.55350
17.00000	11.67210
17.00000	11.79069
17.00000	11.90928
17.00000	12.02787
17.00000	12.14647
17.00000	12.26506
17.00000	12.38365
17.00000	12.50225
17.00000	12.62084
17.00000	12.73943
17.00000	12.85802
17.00000	12.97662
17.00000	13.09521
17.00000	13.21380
17.00000	13.33240
17.00000	13.45099
17.00000	13.56958
17.00000	13.68817
17.00000	13.80677
17.00000	13.92536
16.99927	14.04394
16.98977	14.16211
16.96848	14.27872
16.93452	14.39228
16.88729	14.50098
16.82665	14.60280
16.75302	14.69564
16.66743	14.77760
16.57154	14.84723
16.46732	14.90365
16.35688	14.94665
16.24217	14.97653
16.12493	14.99400
16.00653	14.99998
15.88807	14.99520
15.77064	14.97904
15.65558	14.95057
15.54457	14.90904
15.43956	14.85410
15.34265	14.78589
15.25585	14.70523
15.18083	14.61350
15.11872	14.51257
15.07002	14.40452
15.03463	14.29140
15.01198	14.17505
15.00123	14.05699
15.00000	13.93842
15.00000	13.81982
15.00000	13.70123
15.00000	13.58264
15.00000	13.46405
15.00000	13.34545
15.00000	13.22686
15.00000	13.10827
15.00000	12.98967
15.00000	12.87108
15.00000	12.75249
15.00000	12.63390
15.00000	12.51530
15.00000	12.39671
15.00000	12.27812
15.00000	12.15952
15.00000	12.04093
15.00000	11.92234
15.00000	11.80375
15.00000	11.68515
15.00000	11.56656
15.00000	11.44797
15.00000	11.32937
15.00000	11.21078
15.00000	11.09219
15.00000	10.97360
15.00000	10.85500
15.00000	10.73641
15.00000	10.61782
15.00000	10.49922
15.00000	10.38063
15.00000	10.26204
15.00000	10.14345
15.00000	10.02485
15.00000	9.90626
15.00000	9.78767
15.00000	9.66908
15.00000	9.55048
15.00000	9.43189
15.00000	9.31330
15.00000	9.19470
15.00000	9.07611
15.00000	8.95752
15.00000	8.83892
15.00000	8.72033
15.00000	8.60174
15.00000	8.48315
15.00000	8.36455
15.00000	8.24596
15.00000	8.12737
15.00000	8.00878
15.00000	7.89018
15.00000	7.77159
15.00000	7.65300
15.00000	7.53440
15.00000	7.41581
15.00000	7.29722
15.00000	7.17863
15.00000	7.06003
15.00000	6.94144
15.00000	6.82285
15.00000	6.70425
15.00000	6.58566
15.00000	6.46707
15.00000	6.34848
15.00000	6.22988
15.00000	6.11129
14.99998	5.99270
14.99760	5.87414
14.99093	5.75574
14.97992	5.63767
14.96452	5.52008
14.94470	5.40317
14.92042	5.28709
14.89168	5.17204
14.85849	5.05820
14.82084	4.94575
14.77877	4.83488
14.73231	4.72578
14.68150	4.61863
14.62641	4.51362
14.56711	4.41092
14.50367	4.31074
14.43621	4.21321
14.36480	4.11854
14.28957	4.02688
14.21064	3.93837
14.12814	3.85319
14.04220	3.77148
13.95299	3.69335
13.86064	3.61897
13.76531	3.54843
13.66719	3.48184
13.56642	3.41933
13.46320	3.36095
13.35770	3.30682
13.25010	3.25697
13.14058	3.21148
13.02935	3.17039
12.91657	3.13374
12.80244	3.10153
12.68715	3.07379
12.57087	3.05051
12.45379	3.03167
12.33609	3.01725
12.21793	3.00720
12.09948	3.00149
11.98090	3.00006
11.86235	3.00286
11.74397	3.00996
11.62594	3.02141
11.50842	3.03725
11.39158	3.05751
11.27560	3.08223
11.16066	3.11141
11.04694	3.14505
10.93464	3.18314
10.82394	3.22565
10.71502	3.27255
10.60808	3.32378
10.50329	3.37929
10.40084	3.43901
10.30090	3.50285
10.20366	3.57072
10.10928	3.64251
10.01792	3.71812
9.92974	3.79741
9.84490	3.88026
9.76353	3.96652
9.68579	4.05606
9.61177	4.14871
9.54162	4.24432
9.47544	4.34272
9.41333	4.44374
9.35537	4.54719
9.30166	4.65291
9.25224	4.76072
9.20719	4.87041
9.16654	4.98181
9.13032	5.09473
9.09856	5.20898
9.07127	5.32438
9.04843	5.44075
9.03003	5.55790
9.01605	5.67566
9.00644	5.79385
9.00116	5.91232
9.00000	6.03090
9.00000	6.14949
9.00000	6.26809
9.00000	6.38668
9.00000	6.50527
9.00000	6.62387
9.00000	6.74246
9.00000	6.86105
9.00000	6.97964
9.00000	7.09824
9.00000	7.21683
9.00000	7.33542
9.00000	7.45402
9.00000	7.57261
9.00000	7.69120
9.00000	7.80979
9.00000	7.92839
9.00000	8.04698
9.00000	8.16557
9.00000	8.28417
9.00000	8.40276
9.00000	8.52135
9.00000	8.63994
9.00000	8.75854
9.00000	8.87713
9.00000	8.99572
9.00000	9.11432
9.00000	9.23291
9.00000	9.35150
9.00000	9.47009
9.00000	9.58869
9.00000	9.70728
9.00000	9.82587
9.00000	9.94447
9.00000	10.06306
9.00000	10.18165
9.00000	10.30024
9.00000	10.41883
9.00000	10.53743
9.00000	10.65602
9.00000	10.77462
9.00000	10.89321
9.00000	11.01180
9.00000	11.13039
9.00000	11.24899
9.00000	11.36758
9.00000	11.48617
9.00000	11.60476
9.00000	11.72336
9.00000	11.84195
9.00000	11.96054
9.00000	12.07914
9.00000	12.19773
9.00000	12.31632
9.00000	12.43491
9.00000	12.55351
9.00000	12.67210
9.00000	12.79069
9.00000	12.90929
9.00000	13.02788
9.00000	13.14647
9.00000	13.26506
9.00000	13.38366
9.00000	13.50225
9.00000	13.62084
9.00000	13.73944
9.00000	13.85803
9.00000	13.97662
9.00000	14.09521
9.00000	14.21381
9.00000	14.33240
9.00000	14.45099
9.00000	14.56958
9.00000	14.68818
9.00000	14.80677
9.00000	14.92537
9.00000	15.04396
9.00000	15.16255
9.00000	15.28114
9.00000	15.39973
9.00000	15.51833
9.00000	15.63692
9.00000	15.75551
9.00000	15.87411
9.00000	15.99270
9.00000	16.11129
9.00000	16.22989
9.00000	16.34848
9.00000	16.46707
9.00000	16.58566
9.00000	16.70426
9.00000	16.82285
9.00000	16.94144
9.00000	17.06004
9.00000	17.17863
9.00000	17.29722
9.00000	17.41581
9.00000	17.53440
9.00000	17.65300
9.00000	17.77159
9.00000	17.89019
8.99997	18.00878
8.99378	18.12716
8.97608	18.24438
8.94595	18.35901
8.90271	18.46936
8.84603	18.57344
8.77616	18.66916
8.69397	18.75453
8.60094	18.82793
8.49898	18.88832
8.39016	18.93528
8.27653	18.96899
8.15988	18.99006
8.04170	18.99935
7.92316	18.99776
7.80529	18.98508
7.68936	18.96034
7.57696	18.92275
7.46996	18.87179
7.37043	18.80747
7.28043	18.73038
7.20177	18.64175
7.13576	18.54334
7.08307	18.43718
7.04377	18.32537
7.01741	18.20980
7.00323	18.09211
7.00000	17.97359
7.00000	17.85500
7.00000	17.73640
7.00000	17.61781
7.00000	17.49922
7.00000	17.38062
7.00000	17.26203
7.00000	17.14344
7.00000	17.02485
7.00000	16.90625
7.00000	16.78766
7.00000	16.66907
7.00000	16.55048
7.00000	16.43188
7.00000	16.31329
7.00000	16.19469
7.00000	16.07610
7.00000	15.95751
7.00000	15.83892
7.00000	15.72033
7.00000	15.60173
7.00000	15.48314
7.00000	15.36455
7.00000	15.24595
7.00000	15.12736
7.00000	15.00877
7.00000	14.89017
7.00000	14.77158
7.00000	14.65299
7.00000	14.53440
7.00000	14.41580
7.00000	14.29721
7.00000	14.17862
7.00000	14.06002
6.99948	13.94144
6.99525	13.82292
6.98671	13.70465
6.97380	13.58677
6.95649	13.46945
6.93474	13.35288
6.90855	13.23722
6.87788	13.12267
6.84276	13.00941
6.80320	12.89762
6.75922	12.78749
6.71088	12.67920
6.65821	12.57296
6.60129	12.46893
6.54019	12.36730
6.47500	12.26824
6.40582	12.17192
6.33274	12.07854
6.25590	11.98822
6.17541	11.90113
6.09140	11.81744
6.00403	11.73726
5.91345	11.66073
5.81979	11.58800
5.72323	11.51916
5.62394	11.45432
5.52209	11.39358
5.41787	11.33702
5.31143	11.28474
5.20299	11.23676
5.09270	11.19318
4.98077	11.15400
4.86739	11.11927
4.75274	11.08899
4.63700	11.06317
4.52035	11.04182
4.40298	11.02490
4.28505	11.01238
4.16675	11.00422
4.04823	11.00036
3.92964	11.00000
3.81105	11.00000
3.69245	11.00000
3.57386	11.00000
3.45527	11.00000
3.33667	11.00000
3.21808	11.00000
3.09949	11.00000
2.98090	11.00000
2.86230	11.00000
2.74371	11.00000
2.62512	11.00000
2.50652	11.00000
2.38793	11.00000
2.26934	11.00000
2.15075	11.00000
2.03215	11.00000
2.00000	11.08644
2.00000	11.20503
2.00000	11.32363
2.00000	11.44222
2.00000	11.56081
2.00000	11.67941
2.00000	11.79800
2.00000	11.91659
2.00000	12.03518
2.00000	12.15377
2.00000	12.27237
2.00000	12.39096
2.00000	12.50956
2.00000	12.62815
2.00000	12.74674
2.00000	12.86533
2.00000	12.98392
2.10252	13.00000
2.22111	13.00000
2.33970	13.00000
2.45830	13.00000
2.57689	13.00000
2.69548	13.00000
2.81408	13.00000
2.93267	13.00000
3.05126	13.00000
3.16985	13.00000
3.28845	13.00000
3.40704	13.00000
3.52563	13.00000
3.64423	13.00000
3.76282	13.00000
3.88141	13.00000
4.00000	13.00000
4.11843	13.00538
4.23578	13.02220
4.35066	13.05137
4.46139	13.09364
4.56600	13.14932
4.66241	13.21824
4.74860	13.29955
4.82293	13.39184
4.88431	13.49322
4.93227	13.60160
4.96694	13.71494
4.98892	13.83142
4.99904	13.94953
5.00000	14.06812
5.00000	14.18671
5.00000	14.30530
5.00000	14.42390
5.00000	14.54249
5.00000	14.66108
5.00000	14.77967
5.00000	14.89827
5.00000	15.01686
5.00000	15.13545
5.00000	15.25405
5.00000	15.37264
5.00000	15.49123
5.00000	15.60983
5.00000	15.72842
5.00000	15.84701
5.00000	15.96560
5.00000	16.08419
5.00000	16.20279
5.00000	16.32138
5.00000	16.43998
5.00000	16.55857
5.00000	16.67716
5.00000	16.79575
5.00000	16.91434
5.00000	17.03294
5.00000	17.15153
5.00000	17.27013
5.00000	17.38872
5.00000	17.50731
5.00000	17.62590
5.00000	17.74449
5.00000	17.86309
5.00000	17.98168
5.00152	18.10026
5.00726	18.21871
5.01733	18.33685
5.03178	18.45456
5.05065	18.57164
5.07396	18.68791
5.10173	18.80320
5.13396	18.91731
5.17064	19.03009
5.21177	19.14131
5.25728	19.25081
5.30716	19.35840
5.36132	19.46388
5.41973	19.56709
5.48227	19.66785
5.54888	19.76595
5.61945	19.86125
5.69385	19.95359
5.77201	20.04278
5.85374	20.12869
5.93894	20.21117
6.02747	20.29007
6.11915	20.36528
6.21384	20.43666
6.31138	20.50410
6.41159	20.56752
6.51429	20.62678
6.61932	20.68185
6.72649	20.73263
6.83561	20.77906
6.94648	20.82110
7.05894	20.85872
7.17279	20.89188
7.28786	20.92060
7.40394	20.94484
7.52086	20.96463
7.63844	20.98000
7.75652	20.99099
7.87492	20.99763
7.99348	20.99998
8.11204	20.99810
8.23047	20.99193
8.34859	20.98143
8.46624	20.96655
8.58324	20.94724
8.69942	20.92348
8.81460	20.89527
8.92859	20.86259
9.04122	20.82546
9.15229	20.78391
9.26160	20.73795
9.36899	20.68766
9.47425	20.63305
9.57723	20.57424
9.67772	20.51128
9.77556	20.44427
9.87057	20.37333
9.96260	20.29853
10.05148	20.22002
10.13706	20.13794
10.21917	20.05239
10.29772	19.96356
10.37256	19.87156
10.44355	19.77657
10.51060	19.67876
10.57360	19.57830
10.63245	19.47536
10.68709	19.37012
10.73744	19.26274
10.78345	19.15344
10.82504	19.04239
10.86222	18.92980
10.89495	18.81582
10.92320	18.70064
10.94701	18.58447
10.96637	18.46748
10.98130	18.34984
10.99184	18.23173
10.99805	18.11330
11.00000	17.99473
11.00000	17.87614
11.00000	17.75755
11.00000	17.63895
11.00000	17.52036
11.00000	17.40176
11.00000	17.28317
11.00000	17.16458
11.00000	17.04599
11.00000	16.92739
11.00000	16.80880
11.00000	16.69021
11.00000	16.57162
11.00000	16.45303
11.00000	16.33443
11.00000	16.21584
11.00000	16.09724
11.00000	15.97865
11.00000	15.86006
11.00000	15.74146
11.00000	15.62287
11.00000	15.50428
11.00000	15.38569
11.00000	15.26710
11.00000	15.14850
11.00000	15.02991
11.00000	14.91132
11.00000	14.79272
11.00000	14.67413
11.00000	14.55553
11.00000	14.43694
11.00000	14.31835
11.00000	14.19976
11.00000	14.08117
11.00000	13.96257
11.00000	13.84398
11.00000	13.72539
11.00000	13.60680
11.00000	13.48820
11.00000	13.36961
11.00000	13.25101
11.00000	13.13242
11.00000	13.01383
11.00000	12.89524
11.00000	12.77664
11.00000	12.65805
11.00000	12.53946
11.00000	12.42087
11.00000	12.30228
11.00000	12.18368
11.00000	12.06509
11.00000	11.94650
11.00000	11.82790
11.00000	11.70931
11.00000	11.59071
11.00000	11.47212
11.00000	11.35353
11.00000	11.23494
11.00000	11.11635
11.00000	10.99775
11.00000	10.87916
11.00000	10.76057
11.00000	10.64198
11.00000	10.52338
11.00000	10.40479
11.00000	10.28619
11.00000	10.16760
11.00000	10.04901
11.00000	9.93042
11.00000	9.81182
11.00000	9.69323
11.00000	9.57464
11.00000	9.45605
11.00000	9.33746
11.00000	9.21886
11.00000	9.10027
11.00000	8.98167
11.00000	8.86308
11.00000	8.74449
11.00000	8.62590
11.00000	8.50730
11.00000	8.38871
11.00000	8.27012
11.00000	8.15153
11.00000	8.03294
11.00000	7.91434
11.00000	7.79575
11.00000	7.67715
11.00000	7.55856
11.00000	7.43997
11.00000	7.32137
11.00000	7.20278
11.00000	7.08419
11.00000	6.96560
11.00000	6.84701
11.00000	6.72841
11.00000	6.60982
11.00000	6.49123
11.00000	6.37263
11.00000	6.25404
11.00000	6.13544
11.00000	6.01685
11.00395	5.89837
11.01907	5.78079
11.04644	5.66546
11.08681	5.55403
11.14059	5.44842
11.20765	5.35072
11.28728	5.26296
11.37812	5.18686
11.47834	5.12360
11.58584	5.07373
11.69860	5.03719
11.81473	5.01346
11.93269	5.00171
12.05125	5.00099
12.16936	5.01119
12.28582	5.03324
12.39913	5.06801
12.50747	5.11605
12.60880	5.17752
12.70102	5.25193
12.78226	5.33819
12.85109	5.43466
12.90668	5.53932
12.94886	5.65009
12.97795	5.76500
12.99469	5.88235
13.00000	6.00078
13.00000	6.11937
13.00000	6.23797
13.00000	6.35656
13.00000	6.47515
13.00000	6.59374
13.00000	6.71233
13.00000	6.83093
13.00000	6.94952
13.00000	7.06812
13.00000	7.18671
13.00000	7.30530
13.00000	7.42390
13.00000	7.54249
13.00000	7.66108
13.00000	7.77967
13.00000	7.89826
13.00000	8.01686
13.00000	8.13545
13.00000	8.25404
13.00000	8.37263
13.00000	8.49123
13.00000	8.60983
13.00000	8.72842
13.00000	8.84701
13.00000	8.96560
13.00000	9.08419
13.00000	9.20279
13.00000	9.32138
13.00000	9.43997
13.00000	9.55856
13.00000	9.67715
13.00000	9.79575
13.00000	9.91434
13.00000	10.03294
13.00000	10.15153
13.00000	10.27012
13.00000	10.38872
13.00000	10.50731
13.00000	10.62590
13.00000	10.74449
13.00000	10.86308
13.00000	10.98168
13.00000	11.10027
13.00000	11.21886
13.00000	11.33746
13.00000	11.45605
13.00000	11.57465
13.00000	11.69324
13.00000	11.81183
13.00000	11.93042
13.00000	12.04901
13.00000	12.16761
13.00000	12.28620
13.00000	12.40479
13.00000	12.52338
13.00000	12.64198
13.00000	12.76057
13.00000	12.87917
13.00000	12.99776
13.00000	13.11635
13.00000	13.23494
13.00000	13.35354
13.00000	13.47213
13.00000	13.59072
13.00000	13.70931
13.00000	13.82790
13.00000	13.94650
13.00065	14.06509
13.00511	14.18359
13.01389	14.30185
13.02704	14.41970
13.04459	14.53698
13.06657	14.65352
13.09303	14.76911
13.12394	14.88359
13.15929	14.99679
13.19911	15.10849
13.24332	15.21852
13.29191	15.32669
13.34480	15.43283
13.40197	15.53672
13.46329	15.63823
13.52871	15.73713
13.59811	15.83328
13.67138	15.92652
13.74844	16.01665
13.82913	16.10356
13.91331	16.18707
14.00087	16.26705
14.09163	16.34336
14.18544	16.41589
14.28217	16.48451
14.38160	16.54914
14.48358	16.60964
14.58794	16.66596
14.69448	16.71802
14.80304	16.76574
14.91342	16.80910
15.02543	16.84803
15.13888	16.88251
15.25360	16.91255
15.36940	16.93811
15.48610	16.95922
15.60350	16.97590
15.72145	16.98819
15.83977	16.99611
15.95830	16.99973
16.07688	16.99911
16.19537	16.99422
16.31359	16.98501
16.43139	16.97142
16.54861	16.95342
16.66505	16.93099
16.78055	16.90411
16.89491	16.87275
17.00796	16.83694
17.11951	16.79670
17.22936	16.75204
17.33735	16.70303
17.44325	16.64969
17.54693	16.59212
17.64818	16.53039
17.74682	16.46456
17.84270	16.39478
17.93562	16.32111
18.02544	16.24370
18.11202	16.16266
18.19518	16.07812
18.27480	15.99024
18.35075	15.89917
18.42289	15.80506
18.49112	15.70807
18.55534	15.60837
18.61543	15.50614
18.67134	15.40156
18.72295	15.29481
18.77026	15.18606
18.81316	15.07551
18.85166	14.96335
18.88570	14.84976
18.91528	14.73492
18.94041	14.61903
18.96109	14.50226
18.97732	14.38479
18.98916	14.26680
18.99666	14.14845
18.99985	14.02991
19.00000	13.91132
19.00000	13.79272
19.00000	13.67413
19.00000	13.55554
19.00000	13.43695
19.00000	13.31835
19.00000	13.19976
19.00000	13.08117
19.00000	12.96258
19.00000	12.84399
19.00000	12.72539
19.00000	12.60680
19.00000	12.48820
19.00000	12.36961
19.00000	12.25102
19.00000	12.13242
19.00000	12.01383
19.00000	11.89524
19.00000	11.77665
19.00000	11.65806
19.00000	11.53946
19.00000	11.42087
19.00000	11.30228
19.00000	11.18369
19.00000	11.06509
19.00000	10.94650
19.00000	10.82790
19.00000	10.70931
19.00000	10.59072
19.00000	10.47213
19.00000	10.35353
19.00000	10.23494
19.00000	10.11635
19.00001	9.99775
19.00559	9.87934
19.02263	9.76202
19.05205	9.64721
19.09457	9.53657
19.15050	9.43210
19.21966	9.33586
19.30120	9.24988
19.39368	9.17579
19.49521	9.11466
19.60370	9.06696
19.71712	9.03253
19.83365	9.01079
19.95178	9.00087
20.07036	9.00000
20.18895	9.00000
20.30754	9.00000
20.42614	9.00000
20.54473	9.00000
20.66332	9.00000
20.78191	9.00000
20.90051	9.00000
21.01910	9.00000
21.13770	9.00000
21.25629	9.00000
21.37488	9.00000
21.49347	9.00000
21.61207	9.00000
21.73066	9.00000
21.84925	9.00000
21.96784	9.00000
22.00000	8.91357
22.00000	8.79497
22.00000	8.67638
22.00000	8.55779
22.00000	8.43919
22.00000	8.32060
22.00000	8.20200
22.00000	8.08341
22.00000	7.96482
22.00000	7.84623
22.00000	7.72764
22.00000	7.60904
22.00000	7.49045
22.00000	7.37186
22.00000	7.25327
22.00000	7.13467
22.00000	7.01608
21.89748	7.00000
21.77889	7.00000
21.66030	7.00000
21.54171	7.00000
21.42311	7.00000
21.30452	7.00000
21.18593	7.00000
21.06734	7.00000
20.94875	7.00000
20.83015	7.00000
20.71156	7.00000
20.59296	7.00000
20.47437	7.00000
20.35578	7.00000
20.23718	7.00000
20.11859	7.00000
Mas Dhimas
https://thenounproject.com/icon/wave-6264540/
