11.10000	209.98000
11.92089	209.97411
12.74160	209.95564
13.56207	209.92854
14.38227	209.89421
15.20218	209.85336
16.02176	209.80646
16.84099	209.75386
17.65986	209.69585
18.47836	209.63289
19.29647	209.56491
20.11416	209.49213
20.93142	209.41466
21.74825	209.33287
22.56458	209.24619
23.38047	209.15535
24.19588	209.06041
25.01077	208.96106
25.82513	208.85745
26.63895	208.74974
27.45222	208.63786
28.26491	208.52193
29.07703	208.40198
29.88854	208.27805
30.69944	208.15015
31.50971	208.01831
32.31932	207.88252
33.12827	207.74281
33.93653	207.59920
34.74410	207.45172
35.55095	207.30035
36.35707	207.14514
37.16244	206.98611
37.96705	206.82329
38.77089	206.65666
39.57393	206.48628
40.37614	206.31200
41.17751	206.13388
41.97804	205.95203
42.77771	205.76646
43.57648	205.57704
44.37433	205.38377
45.17128	205.18683
45.96730	204.98616
46.76230	204.78149
47.55637	204.57324
48.34943	204.36119
49.14144	204.14523
49.93246	203.92570
50.72237	203.70218
51.51122	203.47498
52.29899	203.24402
53.08559	203.00916
53.87114	202.77074
54.65541	202.52818
55.43861	202.28220
56.22049	202.03204
57.00126	201.77841
57.78067	201.52069
58.55892	201.25946
59.33577	200.99409
60.11142	200.72525
60.88561	200.45221
61.65857	200.17572
62.43000	199.89499
63.20015	199.61075
63.96877	199.32243
64.73600	199.03043
65.50174	198.73453
66.26595	198.43469
67.02873	198.13124
67.78981	197.82355
68.54944	197.51230
69.30740	197.19698
70.06372	196.87781
70.81852	196.55499
71.57144	196.22787
72.32279	195.89714
73.07241	195.56248
73.82020	195.22375
74.56632	194.88139
75.31053	194.53490
76.05291	194.18449
76.79356	193.83043
77.53216	193.47214
78.26888	193.10999
79.00378	192.74416
79.73656	192.37408
80.46736	192.00012
81.19626	191.62247
81.92300	191.24068
82.64761	190.85487
83.37024	190.46535
84.09073	190.07190
84.80889	189.67422
85.52497	189.27280
86.23895	188.86765
86.95045	188.45816
87.65989	188.04514
88.36678	187.62773
89.07156	187.20679
89.77373	186.78148
90.47362	186.35245
91.17124	185.91975
91.86629	185.48293
92.55883	185.04211
93.24889	184.59743
93.93636	184.14876
94.62130	183.69627
95.30360	183.23978
95.98335	182.77948
96.66034	182.31517
97.33474	181.84709
98.00634	181.37500
98.67525	180.89911
99.34136	180.41931
100.00468	179.93565
100.66520	179.44820
101.32278	178.95677
101.97756	178.46162
102.62938	177.96257
103.27825	177.45970
103.92422	176.95311
104.56710	176.44258
105.20701	175.92836
105.84386	175.41035
106.47760	174.88852
107.10827	174.36302
107.73579	173.83374
108.36012	173.30070
108.98133	172.76404
109.59930	172.22365
110.21398	171.67950
110.82547	171.13177
111.43367	170.58043
112.03848	170.02534
112.63999	169.46671
113.23820	168.90451
113.83296	168.33867
114.42430	167.76926
115.01225	167.19635
115.59832	166.62151
116.18432	166.04660
116.77032	165.47169
117.35651	164.89697
117.94306	164.32263
118.52961	163.74828
119.11616	163.17392
119.70338	162.60028
120.29074	162.02675
120.87810	161.45322
121.46585	160.88010
122.05428	160.30768
122.64272	159.73528
123.23116	159.16286
123.82048	158.59135
124.41003	158.02011
125.00021	157.44946
125.59077	156.87923
126.18175	156.30945
126.77342	155.74037
127.36536	155.17159
127.95820	154.60373
128.55144	154.03629
129.14529	153.46951
129.73993	152.90355
130.33495	152.33795
130.93111	151.77359
131.52769	151.20969
132.12511	150.64665
132.72345	150.08459
133.32224	149.52303
133.92238	148.96291
134.52312	148.40340
135.12474	147.84486
135.72755	147.28760
136.33093	146.73097
136.93578	146.17590
137.54146	145.62177
138.14801	145.06859
138.75578	144.51677
139.36485	143.96635
139.97505	143.41719
140.58641	142.86934
141.19908	142.32289
141.81306	141.77800
142.42833	141.23453
143.04491	140.69252
143.66293	140.15222
144.28246	139.61359
144.90337	139.07658
145.52574	138.54124
146.14986	138.00795
146.77545	137.47643
147.40262	136.94672
148.03159	136.41917
148.66228	135.89368
149.29462	135.37016
149.92883	134.84894
150.56496	134.33003
151.20284	133.81331
151.84276	133.29906
152.48470	132.78738
153.12856	132.27809
153.77457	131.77156
154.42273	131.26779
155.07291	130.76663
155.72551	130.26857
156.38028	129.77342
157.03725	129.28119
157.69684	128.79243
158.35863	128.30670
159.02298	127.82446
159.68985	127.34573
160.35913	126.87036
161.03128	126.39906
161.70586	125.93122
162.38333	125.46760
163.06345	125.00788
163.74640	124.55235
164.43225	124.10123
165.12090	123.65435
165.81267	123.21236
166.50722	122.77473
167.20508	122.34243
167.90573	121.91465
168.60968	121.49236
169.31685	121.07539
170.02722	120.66396
170.74088	120.25822
171.45781	119.85836
172.17812	119.46455
172.90178	119.07697
173.62885	118.69583
174.35934	118.32130
175.09329	117.95360
175.83073	117.59290
176.57169	117.23943
177.31612	116.89342
178.06410	116.55515
178.81561	116.22481
179.57063	115.90258
180.32918	115.58868
181.09120	115.28334
181.85675	114.98699
182.62576	114.69971
183.39819	114.42168
184.17398	114.15324
184.95314	113.89478
185.73557	113.64633
186.52115	113.40814
187.30997	113.18073
188.10176	112.96410
188.89648	112.75845
189.69414	112.56435
190.49448	112.38171
191.29742	112.21085
192.10287	112.05220
192.91058	111.90565
193.72052	111.77174
194.53241	111.65045
195.34613	111.54199
196.16148	111.44675
196.97827	111.36455
197.79634	111.29597
198.61539	111.24079
199.43524	111.19931
200.25571	111.17165
201.07648	111.15768
201.89740	111.15791
202.71820	111.17192
203.53862	111.20009
204.35846	111.24227
205.17746	111.29835
205.99536	111.36871
206.81194	111.45287
207.62697	111.55094
208.44020	111.66298
209.25143	111.78863
210.06042	111.92789
210.86697	112.08081
211.67090	112.24699
212.47202	112.42627
213.27005	112.61872
214.06488	112.82401
214.85635	113.04188
215.64432	113.27213
216.42860	113.51457
217.20905	113.76917
217.98555	114.03549
218.75803	114.31332
219.52635	114.60244
220.29044	114.90260
221.05017	115.21355
221.80551	115.53506
222.55637	115.86687
223.30272	116.20876
224.04449	116.56044
224.78166	116.92168
225.51418	117.29223
226.24207	117.67184
226.96527	118.06028
227.68372	118.45744
228.39748	118.86295
229.10658	119.27658
229.81104	119.69806
230.51080	120.12730
231.20587	120.56409
231.89636	121.00809
232.58226	121.45916
233.26352	121.91721
233.94031	122.38183
234.61249	122.85300
235.28032	123.33053
235.94368	123.81409
236.60260	124.30373
237.25726	124.79906
237.90752	125.30013
238.55359	125.80656
239.19540	126.31839
239.83310	126.83539
239.80940	127.08563
238.99052	127.02817
238.17059	126.98791
237.35008	126.96225
236.52927	126.95016
235.70836	126.95083
234.88754	126.96399
234.06703	126.98946
233.24701	127.02761
232.42763	127.07780
231.60910	127.14075
230.79169	127.21642
229.97559	127.30506
229.16098	127.40683
228.34822	127.52225
227.53757	127.65146
226.72926	127.79485
225.92369	127.95281
225.12123	128.12576
224.32220	128.31416
223.52716	128.51846
222.73645	128.73912
221.95067	128.97662
221.17032	129.23148
220.39604	129.50417
219.62856	129.79546
218.86853	130.10568
218.11668	130.43526
217.37389	130.78476
216.64114	131.15485
215.91940	131.54588
215.20950	131.95810
214.51262	132.39189
213.82996	132.84779
213.16263	133.32584
212.51181	133.82611
211.87874	134.34866
211.26465	134.89340
210.67070	135.46001
210.09802	136.04811
209.54776	136.65721
209.02090	137.28671
208.51840	137.93579
208.04102	138.60361
207.58940	139.28908
207.16403	139.99115
206.76547	140.70879
206.39366	141.44063
206.04886	142.18558
205.73080	142.94232
205.43933	143.70970
205.17416	144.48662
204.93474	145.27177
204.72054	146.06425
204.53101	146.86296
204.36530	147.66695
204.22276	148.47536
204.10265	149.28741
204.00441	150.10242
203.93199	150.92012
203.88712	151.73976
203.86974	152.56046
203.87927	153.38129
203.91534	154.20140
203.97751	155.01994
204.06525	155.83611
204.17802	156.64923
204.31529	157.45854
204.47639	158.26347
204.66077	159.06342
204.86774	159.85777
205.09663	160.64613
205.34680	161.42795
205.61758	162.20290
205.90829	162.97060
206.21834	163.73071
206.54716	164.48286
206.89397	165.22693
207.25822	165.96255
207.63936	166.68964
208.03673	167.40797
208.44981	168.11737
208.87801	168.81776
209.32074	169.50905
209.77769	170.19104
210.24809	170.86377
210.73158	171.52721
211.22772	172.18124
211.73604	172.82582
212.25606	173.46103
212.78738	174.08679
213.32957	174.70316
213.88228	175.31012
214.44511	175.90773
215.01768	176.49596
215.59969	177.07494
216.19073	177.64464
216.79051	178.20511
217.39882	178.75636
218.01526	179.29852
218.63951	179.83167
219.27130	180.35580
219.91048	180.87096
220.55663	181.37730
221.20963	181.87477
221.86916	182.36356
222.53503	182.84370
223.20703	183.31522
223.88490	183.77824
224.56844	184.23282
225.25752	184.67902
225.95184	185.11699
226.65135	185.54665
227.35576	185.96820
228.06490	186.38173
228.77870	186.78720
229.49693	187.18475
230.21947	187.57452
230.94606	187.95653
231.67667	188.33086
232.41118	188.69746
233.14940	189.05658
233.89117	189.40822
234.63640	189.75250
235.38499	190.08946
236.13680	190.41916
236.89168	190.74170
237.64958	191.05713
238.41039	191.36552
239.17395	191.66698
239.94022	191.96152
240.70905	192.24925
241.48039	192.53024
242.25414	192.80450
243.03020	193.07213
243.80855	193.33319
244.58897	193.58778
245.37146	193.83603
246.15596	194.07785
246.94238	194.31331
247.73064	194.54262
248.52063	194.76579
249.31235	194.98274
250.10571	195.19366
250.90062	195.39870
251.69708	195.59767
252.49495	195.79085
253.29417	195.97826
254.09479	196.15979
254.89662	196.33575
255.69969	196.50594
256.50391	196.67067
257.30927	196.82977
258.11572	196.98346
258.92316	197.13168
259.73154	197.27460
260.54086	197.41208
261.35104	197.54445
262.16208	197.67143
262.97388	197.79338
263.78650	197.91013
264.59979	198.02153
265.41376	198.12819
266.22833	198.23000
267.04349	198.32712
267.85925	198.41902
268.67554	198.50591
269.49234	198.58812
270.30960	198.66568
271.12729	198.73862
271.94531	198.80696
272.76379	198.87077
273.58261	198.92992
274.40170	198.98430
275.22110	199.03426
276.04077	199.07983
276.86063	199.12105
277.68073	199.15796
278.50101	199.19057
279.32141	199.21893
280.14200	199.24309
280.96268	199.26306
281.78345	199.27888
282.60428	199.29054
283.42517	199.29797
284.24609	199.30136
285.06699	199.30078
285.88791	199.29622
286.70883	199.28777
287.52963	199.27538
288.35040	199.25914
289.17108	199.23909
289.99164	199.21523
290.81210	199.18762
291.63242	199.15628
292.45258	199.12125
293.27258	199.08255
294.09241	199.04021
294.91208	198.99428
295.73148	198.94479
296.55069	198.89175
297.36969	198.83521
298.18839	198.77521
299.00684	198.71175
299.82504	198.64490
300.64294	198.57466
301.46060	198.50107
302.27792	198.42412
303.09491	198.34370
303.91153	198.26006
304.72784	198.17313
305.54379	198.08302
306.35938	197.98972
307.17465	197.89326
307.98947	197.79370
308.80396	197.69104
309.61801	197.58533
310.43173	197.47658
311.24500	197.36482
312.05786	197.25008
312.87027	197.13213
313.68222	197.01112
314.49374	196.88722
315.30481	196.76047
316.11548	196.63084
316.92563	196.49843
317.73535	196.36322
318.54462	196.22527
319.35333	196.08437
320.16156	195.94046
320.96930	195.79385
321.77652	195.64458
321.98157	195.82007
321.39734	196.39671
320.79807	196.95773
320.18738	197.50633
319.56714	198.04408
318.93835	198.57188
318.30194	199.09038
317.65845	199.60010
317.00845	200.10153
316.35229	200.59482
315.69031	201.08032
315.02289	201.55829
314.35031	202.02899
313.67258	202.49219
312.99002	202.94830
312.30316	203.39790
311.61169	203.84030
310.91592	204.27603
310.21609	204.70512
309.51224	205.12764
308.80460	205.54370
308.09323	205.95346
307.37830	206.35690
306.65985	206.75407
305.93808	207.14520
305.21298	207.53006
304.48477	207.90903
303.75342	208.28194
303.01904	208.64891
302.28186	209.01012
301.54181	209.36534
300.79898	209.71481
300.05353	210.05862
299.30551	210.39679
298.55493	210.72932
297.80188	211.05611
297.04645	211.37741
296.28870	211.69321
295.52869	212.00354
294.76648	212.30846
294.00217	212.60797
293.23578	212.90215
292.46738	213.19104
291.69699	213.47467
290.92471	213.75308
290.15057	214.02617
289.37457	214.29410
288.59683	214.55692
287.81744	214.81467
287.03641	215.06743
286.25378	215.31523
285.46948	215.55779
284.68375	215.79546
283.89655	216.02834
283.10794	216.25635
282.31787	216.47928
281.52649	216.69756
280.73386	216.91119
279.93988	217.11972
279.14471	217.32373
278.34836	217.52312
277.55081	217.71761
276.75223	217.90776
275.95245	218.09306
275.15170	218.27393
274.34995	218.45030
273.54721	218.62202
272.74353	218.78952
271.93893	218.95227
271.13348	219.11095
270.32712	219.26489
269.52005	219.41484
268.71204	219.56013
267.90332	219.70143
267.09393	219.83824
266.28378	219.97096
265.47299	220.09947
264.66150	220.22371
263.84946	220.34410
263.03677	220.45993
262.22354	220.57204
261.40973	220.67992
260.59540	220.78374
259.78061	220.88387
258.96527	220.97960
258.14954	221.07161
257.33334	221.15991
256.51675	221.24388
255.69980	221.32422
254.88248	221.40096
254.06471	221.47345
253.24672	221.54234
252.42839	221.60768
251.60976	221.66916
250.79088	221.72679
249.97179	221.78093
249.15239	221.83157
248.33278	221.87828
247.51302	221.92143
246.69307	221.96115
245.87292	221.99747
245.05266	222.03008
244.23224	222.05910
243.41173	222.08475
242.59113	222.10707
241.77045	222.12608
240.94963	222.14143
240.12885	222.15340
239.30789	222.16209
238.48697	222.16757
237.66602	222.16980
236.84512	222.16731
236.02425	222.15698
235.20352	222.13913
234.38301	222.11368
233.56274	222.08009
232.74287	222.03880
231.92348	221.98941
231.10457	221.93190
230.28624	221.86633
229.46869	221.79237
228.65189	221.71024
227.83601	221.61946
227.02107	221.52040
226.20729	221.41261
225.39467	221.29633
224.58331	221.17126
223.77336	221.03743
222.96494	220.89496
222.15811	220.74330
221.35301	220.58289
220.54979	220.41348
219.74855	220.23491
218.94931	220.04735
218.15228	219.85075
217.35762	219.64478
216.56540	219.42970
215.77573	219.20549
214.98865	218.97205
214.20451	218.72917
213.42328	218.47710
212.64503	218.21573
211.87000	217.94511
211.09831	217.66525
210.32993	217.37605
209.56523	217.07753
208.80418	216.76976
208.04691	216.45274
207.29362	216.12659
206.54433	215.79121
205.79919	215.44673
205.05830	215.09312
204.32184	214.73051
203.58987	214.35889
202.86247	213.97829
202.13985	213.58885
201.42203	213.19058
200.70908	212.78360
200.00114	212.36792
199.29840	211.94370
198.60080	211.51086
197.90857	211.06961
197.22174	210.62003
196.54033	210.16222
195.86449	209.69627
195.19421	209.22232
194.52966	208.74036
193.87090	208.25050
193.21794	207.75294
192.57083	207.24780
191.92970	206.73515
191.29459	206.21498
190.66550	205.68756
190.04245	205.15305
189.42561	204.61137
188.81496	204.06277
188.21040	203.50740
187.61217	202.94522
187.02020	202.37648
186.43448	201.80133
185.85507	201.21967
185.28198	200.63190
184.71530	200.03790
184.15494	199.43800
183.60098	198.83215
183.05339	198.22055
182.51228	197.60323
181.97745	196.98051
181.44917	196.35211
180.92715	195.71852
180.41150	195.07983
179.90213	194.43605
179.39928	193.78720
178.90286	193.13335
178.41278	192.47478
177.92899	191.81157
177.45152	191.14377
176.98035	190.47153
176.51550	189.79492
176.05699	189.11398
175.60487	188.42879
175.15901	187.73950
174.71938	187.04622
174.28603	186.34900
173.85887	185.64796
173.43796	184.94318
173.02324	184.23471
172.61469	183.52266
172.21237	182.80713
171.81616	182.08813
171.42624	181.36577
171.04253	180.64006
170.66492	179.91115
170.29341	179.17905
169.92804	178.44397
169.56882	177.70569
169.21590	176.96451
168.86903	176.22049
168.52841	175.47360
168.19405	174.72386
167.86577	173.97141
167.54388	173.21622
167.22827	172.45840
166.91890	171.69798
166.61610	170.93494
166.31975	170.16942
166.02994	169.40137
165.74678	168.63077
165.47069	167.85767
165.20113	167.08229
164.93900	166.30435
164.68430	165.52397
164.43727	164.74107
164.19850	163.95569
163.96877	163.16757
163.74889	162.37663
163.54108	161.58244
163.24280	161.24281
162.71935	161.87521
162.19286	162.50504
161.66379	163.13272
161.13176	163.75792
160.59718	164.38097
160.05972	165.00148
159.51979	165.61984
158.97697	166.23566
158.43175	166.84941
157.88362	167.46051
157.33315	168.06949
156.77985	168.67593
156.22412	169.28018
155.66571	169.88202
155.10481	170.48141
154.54146	171.07854
153.97540	171.67310
153.40704	172.26546
152.83600	172.85519
152.26257	173.44260
151.68668	174.02768
151.10818	174.61009
150.52736	175.19029
149.94400	175.76785
149.35822	176.34294
148.77013	176.91574
148.17932	177.48572
147.58627	178.05331
146.99086	178.61847
146.39285	179.18085
145.79259	179.74083
145.18991	180.29828
144.58470	180.85291
143.97723	181.40509
143.36739	181.95462
142.75502	182.50134
142.14037	183.04558
141.52345	183.58710
140.90392	184.12572
140.28214	184.66176
139.65813	185.19518
139.03148	185.72546
138.40260	186.25313
137.77151	186.77811
137.13788	187.30002
136.50192	187.81912
135.86371	188.33548
135.22314	188.84886
134.58008	189.35915
133.93471	189.86667
133.28722	190.37128
132.63715	190.87257
131.98477	191.37093
131.33022	191.86632
130.67331	192.35864
130.01390	192.84764
129.35228	193.33362
128.68845	193.81654
128.02214	194.29610
127.35349	194.77235
126.68262	195.24548
126.00957	195.71544
125.33395	196.18181
124.65609	196.64485
123.97600	197.10466
123.29372	197.56117
122.60893	198.01384
121.92188	198.46315
121.23264	198.90909
120.54118	199.35161
119.84721	199.79015
119.15104	200.22517
118.45268	200.65669
117.75215	201.08464
117.04913	201.50853
116.34389	201.92871
115.63649	202.34525
114.92693	202.75807
114.21500	203.16675
113.50078	203.57149
112.78445	203.97243
112.06591	204.36955
111.34515	204.76247
110.62206	205.15117
109.89707	205.53615
109.16964	205.91675
108.44010	206.29326
107.70838	206.66539
106.97461	207.03339
106.23853	207.39696
105.50043	207.75632
104.76019	208.11113
104.01785	208.46162
103.27341	208.80762
102.52687	209.14908
101.77833	209.48604
101.02760	209.81831
100.27495	210.14607
99.52020	210.46899
98.76350	210.78731
98.00481	211.10072
97.24416	211.40942
96.48148	211.71326
95.71691	212.01213
94.95045	212.30617
94.18204	212.59503
93.41182	212.87906
92.63969	213.15784
91.86578	213.43158
91.09000	213.70015
90.31247	213.96346
89.53322	214.22162
88.75218	214.47433
87.96943	214.72185
87.18501	214.96387
86.39894	215.20053
85.61124	215.43173
84.82188	215.65733
84.03104	215.87753
83.23866	216.09195
82.44471	216.30086
81.64930	216.50410
80.85251	216.70149
80.05427	216.89333
79.25468	217.07916
78.45374	217.25926
77.65154	217.43352
76.84803	217.60176
76.04334	217.76419
75.23750	217.92052
74.43042	218.07085
73.62234	218.21527
72.81311	218.35338
72.00289	218.48550
71.19167	218.61148
70.37952	218.73117
69.56652	218.84482
68.75263	218.95212
67.93795	219.05312
67.12253	219.14796
66.30640	219.23631
65.48959	219.31839
64.67216	219.39421
63.85421	219.46342
63.03568	219.52632
62.21673	219.58293
61.39731	219.63283
60.57756	219.67639
59.75750	219.71358
58.93713	219.74405
58.11660	219.76810
57.29583	219.78574
56.47499	219.79669
55.65409	219.80110
54.83315	219.79912
54.01225	219.79048
53.19142	219.77519
52.37078	219.75345
51.55035	219.72525
50.73019	219.69031
49.91029	219.64879
49.09078	219.60081
48.27166	219.54634
47.45304	219.48512
46.63490	219.41743
45.81734	219.34329
45.00043	219.26270
44.18416	219.17535
43.36858	219.08159
42.55381	218.98140
41.73986	218.87480
40.92673	218.76170
40.11463	218.64206
39.30338	218.51607
38.49323	218.38376
37.68407	218.24512
36.87606	218.10013
36.06929	217.94868
35.26364	217.79097
34.45924	217.62704
33.65613	217.45691
32.85440	217.28065
32.05400	217.09821
31.25504	216.90952
30.45760	216.71474
29.66160	216.51390
28.86717	216.30704
28.07437	216.09422
27.28313	215.87547
26.49352	215.65077
25.70564	215.42023
24.91950	215.18385
24.13503	214.94165
23.35246	214.69366
22.57177	214.43997
21.79288	214.18057
21.01595	213.91560
20.24087	213.64502
19.46774	213.36891
18.69665	213.08734
17.92754	212.80032
17.16045	212.50790
16.39542	212.21011
15.63249	211.90704
14.87171	211.59872
14.11299	211.28519
13.35648	210.96652
12.60212	210.64273
11.84992	210.31386
YANDI RS
https://thenounproject.com/icon/wave-4983613/
