0.00000	-25.00000
0.07348	-24.77387
0.14695	-24.54775
0.22042	-24.32163
0.29390	-24.09550
0.36737	-23.86938
0.44085	-23.64326
0.51432	-23.41713
0.58780	-23.19101
0.66127	-22.96488
0.73475	-22.73876
0.80822	-22.51264
0.88170	-22.28651
0.95517	-22.06039
1.02865	-21.83426
1.10212	-21.60814
1.17560	-21.38201
1.24907	-21.15589
1.32255	-20.92977
1.39602	-20.70364
1.46949	-20.47752
1.54297	-20.25139
1.61644	-20.02527
1.68992	-19.79915
1.76339	-19.57302
1.83687	-19.34690
1.91034	-19.12078
1.98382	-18.89465
2.05729	-18.66853
2.13077	-18.44240
2.20424	-18.21628
2.27772	-17.99015
2.35119	-17.76403
2.42467	-17.53791
2.49814	-17.31178
2.57162	-17.08566
2.64509	-16.85954
2.71856	-16.63341
2.79204	-16.40729
2.86551	-16.18116
2.93899	-15.95504
3.01246	-15.72891
3.08594	-15.50279
3.15941	-15.27667
3.23289	-15.05054
3.30636	-14.82442
3.37984	-14.59830
3.45331	-14.37217
3.52679	-14.14605
3.60026	-13.91992
3.67374	-13.69380
3.74721	-13.46767
3.82068	-13.24155
3.89416	-13.01542
3.96763	-12.78930
4.04111	-12.56318
4.11458	-12.33706
4.18806	-12.11093
4.26153	-11.88481
4.33501	-11.65868
4.40848	-11.43256
4.48196	-11.20643
4.55543	-10.98031
4.62891	-10.75418
4.70238	-10.52806
4.77586	-10.30194
4.84933	-10.07582
4.92280	-9.84969
4.99628	-9.62357
5.06975	-9.39744
5.14323	-9.17132
5.21670	-8.94519
5.29018	-8.71907
5.36365	-8.49294
5.43713	-8.26682
5.51060	-8.04070
5.58408	-7.81458
5.65755	-7.58845
5.73103	-7.36233
5.80450	-7.13620
5.87798	-6.91008
5.95145	-6.68395
6.02492	-6.45783
6.09840	-6.23171
6.17187	-6.00558
6.24535	-5.77946
6.31882	-5.55333
6.39230	-5.32721
6.46577	-5.10109
6.53925	-4.87496
6.61272	-4.64884
6.68620	-4.42271
6.75967	-4.19659
6.83315	-3.97047
6.90662	-3.74434
6.98010	-3.51822
7.05357	-3.29209
7.12705	-3.06597
7.20052	-2.83985
7.27399	-2.61372
7.34747	-2.38760
7.42094	-2.16147
7.49442	-1.93535
7.56789	-1.70922
7.64137	-1.48310
7.71484	-1.25698
7.78832	-1.03085
7.86179	-0.80473
7.93527	-0.57861
8.00874	-0.35248
8.08222	-0.12636
8.15569	0.09977
8.22916	0.32589
8.30264	0.55202
8.37611	0.77814
8.44959	1.00426
8.52306	1.23039
8.59654	1.45651
8.67001	1.68264
8.74349	1.90876
8.81696	2.13488
8.89044	2.36101
8.96391	2.58713
9.03739	2.81326
9.11086	3.03938
9.18434	3.26550
9.25781	3.49163
9.33129	3.71775
9.40476	3.94388
9.47823	4.17000
9.55171	4.39612
9.62518	4.62225
9.69866	4.84837
9.77213	5.07450
9.84561	5.30062
9.91908	5.52674
9.99256	5.75287
10.06603	5.97899
10.13951	6.20512
10.21298	6.43124
10.28646	6.65736
10.35993	6.88349
10.43340	7.10961
10.50688	7.33574
10.58035	7.56186
10.65383	7.78798
10.72730	8.01411
10.80078	8.24023
10.87425	8.46636
10.94773	8.69248
11.02120	8.91860
11.09468	9.14473
11.16815	9.37085
11.24163	9.59698
11.31510	9.82310
11.38858	10.04923
11.46205	10.27535
11.53553	10.50147
11.60900	10.72760
11.68248	10.95372
11.75595	11.17985
11.82942	11.40597
11.90290	11.63209
11.97637	11.85822
12.04985	12.08434
12.12332	12.31047
12.19680	12.53659
12.27027	12.76271
12.34375	12.98884
12.41722	13.21496
12.49070	13.44109
12.56417	13.66721
12.63765	13.89333
12.71112	14.11946
12.78460	14.34558
12.85807	14.57171
12.93154	14.79783
13.00502	15.02395
13.07849	15.25008
13.15197	15.47620
13.22544	15.70233
13.29892	15.92845
13.37239	16.15457
13.44587	16.38070
13.51934	16.60682
13.59282	16.83295
13.66629	17.05907
13.73977	17.28519
13.81324	17.51132
13.88671	17.73744
13.96019	17.96356
14.03366	18.18969
14.10714	18.41581
14.18061	18.64194
14.25409	18.86806
14.32756	19.09418
14.40104	19.32031
14.47451	19.54643
14.54799	19.77256
14.62146	19.99868
14.69494	20.22480
14.50281	20.08537
14.31046	19.94562
14.11810	19.80587
13.92575	19.66612
13.73339	19.52637
13.54104	19.38662
13.34868	19.24687
13.15632	19.10712
12.96397	18.96737
12.77162	18.82762
12.57926	18.68787
12.38690	18.54812
12.19455	18.40837
12.00220	18.26862
11.80984	18.12887
11.61748	17.98912
11.42513	17.84937
11.23277	17.70962
11.04042	17.56987
10.84807	17.43012
10.65571	17.29037
10.46335	17.15062
10.27100	17.01087
10.07865	16.87112
9.88629	16.73137
9.69393	16.59162
9.50158	16.45187
9.30922	16.31211
9.11687	16.17237
8.92451	16.03262
8.73216	15.89287
8.53980	15.75311
8.34744	15.61337
8.15509	15.47362
7.96274	15.33387
7.77038	15.19411
7.57803	15.05437
7.38567	14.91462
7.19332	14.77487
7.00096	14.63511
6.80861	14.49537
6.61625	14.35561
6.42390	14.21587
6.23154	14.07611
6.03918	13.93637
5.84683	13.79661
5.65447	13.65686
5.46212	13.51711
5.26976	13.37737
5.07741	13.23761
4.88505	13.09786
4.69270	12.95811
4.50035	12.81837
4.30799	12.67861
4.11563	12.53886
3.92328	12.39911
3.73092	12.25936
3.53857	12.11961
3.34621	11.97986
3.15386	11.84011
2.96150	11.70036
2.76915	11.56061
2.57679	11.42086
2.38444	11.28111
2.19208	11.14136
1.99973	11.00161
1.80737	10.86186
1.61502	10.72211
1.42266	10.58236
1.23030	10.44261
1.03795	10.30286
0.84559	10.16311
0.65324	10.02336
0.46088	9.88361
0.26853	9.74386
0.07618	9.60411
-0.11618	9.46436
-0.30853	9.32461
-0.50089	9.18486
-0.69325	9.04511
-0.88560	8.90536
-1.07796	8.76561
-1.27031	8.62586
-1.46266	8.48611
-1.65502	8.34636
-1.84738	8.20661
-2.03973	8.06686
-2.23209	7.92711
-2.42444	7.78736
-2.61680	7.64761
-2.80915	7.50786
-3.00151	7.36811
-3.19387	7.22836
-3.38622	7.08861
-3.57857	6.94886
-3.77093	6.80911
-3.96328	6.66936
-4.15564	6.52961
-4.34799	6.38986
-4.54035	6.25011
-4.73271	6.11036
-4.92506	5.97061
-5.11741	5.83086
-5.30977	5.69111
-5.50212	5.55136
-5.69448	5.41161
-5.88684	5.27186
-6.07919	5.13211
-6.27155	4.99236
-6.46390	4.85261
-6.65626	4.71286
-6.84861	4.57311
-7.04096	4.43336
-7.23332	4.29361
-7.42567	4.15386
-7.61803	4.01411
-7.81039	3.87436
-8.00274	3.73461
-8.19510	3.59486
-8.38745	3.45511
-8.57981	3.31535
-8.77217	3.17560
-8.96452	3.03586
-9.15687	2.89611
-9.34923	2.75636
-9.54158	2.61661
-9.73394	2.47686
-9.92629	2.33710
-10.11865	2.19735
-10.31101	2.05760
-10.50336	1.91785
-10.69571	1.77811
-10.88807	1.63836
-11.08042	1.49861
-11.27278	1.35885
-11.46513	1.21910
-11.65749	1.07935
-11.84985	0.93960
-12.04220	0.79985
-12.23456	0.66010
-12.42691	0.52035
-12.61926	0.38061
-12.81162	0.24086
-13.00397	0.10110
-13.19633	-0.03865
-13.38869	-0.17840
-13.58104	-0.31815
-13.77340	-0.45790
-13.96575	-0.59765
-14.15811	-0.73740
-14.35046	-0.87715
-14.54282	-1.01690
-14.73517	-1.15665
-14.92753	-1.29640
-15.11988	-1.43615
-15.31224	-1.57590
-15.50459	-1.71565
-15.69695	-1.85540
-15.88931	-1.99515
-16.08166	-2.13490
-16.27401	-2.27465
-16.46637	-2.41440
-16.65872	-2.55415
-16.85108	-2.69390
-17.04343	-2.83365
-17.23579	-2.97340
-17.42815	-3.11315
-17.62050	-3.25290
-17.81286	-3.39265
-18.00521	-3.53240
-18.19756	-3.67215
-18.38992	-3.81190
-18.58228	-3.95165
-18.77463	-4.09140
-18.96699	-4.23115
-19.15934	-4.37090
-19.35170	-4.51065
-19.54405	-4.65040
-19.73641	-4.79015
-19.92876	-4.92990
-20.12111	-5.06965
-20.31347	-5.20940
-20.50583	-5.34915
-20.69818	-5.48890
-20.89054	-5.62865
-21.08289	-5.76840
-21.27525	-5.90815
-21.46761	-6.04790
-21.65996	-6.18765
-21.85231	-6.32740
-22.04467	-6.46715
-22.23702	-6.60690
-22.42938	-6.74665
-22.62173	-6.88640
-22.81409	-7.02615
-23.00645	-7.16590
-23.19880	-7.30565
-23.39116	-7.44540
-23.58351	-7.58516
-23.77586	-7.72490
-23.53841	-7.72500
-23.30065	-7.72500
-23.06288	-7.72500
-22.82512	-7.72500
-22.58736	-7.72500
-22.34960	-7.72500
-22.11183	-7.72500
-21.87407	-7.72500
-21.63632	-7.72500
-21.39855	-7.72500
-21.16079	-7.72500
-20.92303	-7.72500
-20.68527	-7.72500
-20.44750	-7.72500
-20.20974	-7.72500
-19.97198	-7.72500
-19.73422	-7.72500
-19.49645	-7.72500
-19.25870	-7.72500
-19.02094	-7.72500
-18.78317	-7.72500
-18.54541	-7.72500
-18.30765	-7.72500
-18.06989	-7.72500
-17.83212	-7.72500
-17.59436	-7.72500
-17.35660	-7.72500
-17.11884	-7.72500
-16.88108	-7.72500
-16.64332	-7.72500
-16.40556	-7.72500
-16.16780	-7.72500
-15.93003	-7.72500
-15.69227	-7.72500
-15.45451	-7.72500
-15.21675	-7.72500
-14.97898	-7.72500
-14.74123	-7.72500
-14.50347	-7.72500
-14.26570	-7.72500
-14.02794	-7.72500
-13.79018	-7.72500
-13.55242	-7.72500
-13.31465	-7.72500
-13.07689	-7.72500
-12.83913	-7.72500
-12.60137	-7.72500
-12.36361	-7.72500
-12.12585	-7.72500
-11.88809	-7.72500
-11.65032	-7.72500
-11.41256	-7.72500
-11.17480	-7.72500
-10.93704	-7.72500
-10.69927	-7.72500
-10.46151	-7.72500
-10.22376	-7.72500
-9.98599	-7.72500
-9.74823	-7.72500
-9.51047	-7.72500
-9.27271	-7.72500
-9.03494	-7.72500
-8.79718	-7.72500
-8.55942	-7.72500
-8.32166	-7.72500
-8.08389	-7.72500
-7.84614	-7.72500
-7.60838	-7.72500
-7.37062	-7.72500
-7.13285	-7.72500
-6.89509	-7.72500
-6.65733	-7.72500
-6.41957	-7.72500
-6.18180	-7.72500
-5.94404	-7.72500
-5.70629	-7.72500
-5.46852	-7.72500
-5.23076	-7.72500
-4.99300	-7.72500
-4.75524	-7.72500
-4.51747	-7.72500
-4.27971	-7.72500
-4.04195	-7.72500
-3.80419	-7.72500
-3.56642	-7.72500
-3.32867	-7.72500
-3.09091	-7.72500
-2.85314	-7.72500
-2.61538	-7.72500
-2.37762	-7.72500
-2.13986	-7.72500
-1.90209	-7.72500
-1.66433	-7.72500
-1.42657	-7.72500
-1.18881	-7.72500
-0.95105	-7.72500
-0.71329	-7.72500
-0.47553	-7.72500
-0.23776	-7.72500
-0.00000	-7.72500
0.23776	-7.72500
0.47552	-7.72500
0.71329	-7.72500
0.95105	-7.72500
1.18880	-7.72500
1.42657	-7.72500
1.66433	-7.72500
1.90209	-7.72500
2.13985	-7.72500
2.37761	-7.72500
2.61538	-7.72500
2.85314	-7.72500
3.09090	-7.72500
3.32866	-7.72500
3.56642	-7.72500
3.80418	-7.72500
4.04194	-7.72500
4.27971	-7.72500
4.51747	-7.72500
4.75523	-7.72500
4.99299	-7.72500
5.23076	-7.72500
5.46852	-7.72500
5.70628	-7.72500
5.94404	-7.72500
6.18180	-7.72500
6.41956	-7.72500
6.65732	-7.72500
6.89509	-7.72500
7.13285	-7.72500
7.37061	-7.72500
7.60837	-7.72500
7.84614	-7.72500
8.08389	-7.72500
8.32165	-7.72500
8.55942	-7.72500
8.79718	-7.72500
9.03494	-7.72500
9.27270	-7.72500
9.51047	-7.72500
9.74823	-7.72500
9.98599	-7.72500
10.22375	-7.72500
10.46152	-7.72500
10.69928	-7.72500
10.93704	-7.72500
11.17480	-7.72500
11.41257	-7.72500
11.65031	-7.72500
11.88807	-7.72500
12.12584	-7.72500
12.36360	-7.72500
12.60136	-7.72500
12.83912	-7.72500
13.07689	-7.72500
13.31465	-7.72500
13.55241	-7.72500
13.79017	-7.72500
14.02794	-7.72500
14.26570	-7.72500
14.50346	-7.72500
14.74122	-7.72500
14.97899	-7.72500
15.21675	-7.72500
15.45451	-7.72500
15.69227	-7.72500
15.93004	-7.72500
16.16778	-7.72500
16.40555	-7.72500
16.64331	-7.72500
16.88107	-7.72500
17.11883	-7.72500
17.35660	-7.72500
17.59436	-7.72500
17.83212	-7.72500
18.06988	-7.72500
18.30765	-7.72500
18.54541	-7.72500
18.78317	-7.72500
19.02093	-7.72500
19.25870	-7.72500
19.49646	-7.72500
19.73422	-7.72500
19.97198	-7.72500
20.20975	-7.72500
20.44751	-7.72500
20.68526	-7.72500
20.92302	-7.72500
21.16078	-7.72500
21.39854	-7.72500
21.63630	-7.72500
21.87407	-7.72500
22.11183	-7.72500
22.34959	-7.72500
22.58735	-7.72500
22.82512	-7.72500
23.06288	-7.72500
23.30064	-7.72500
23.53840	-7.72500
23.77586	-7.72490
23.58351	-7.58515
23.39116	-7.44540
23.19880	-7.30565
23.00644	-7.16590
22.81409	-7.02615
22.62174	-6.88641
22.42939	-6.74666
22.23703	-6.60690
22.04467	-6.46715
21.85232	-6.32740
21.65997	-6.18765
21.46761	-6.04790
21.27525	-5.90815
21.08290	-5.76840
20.89054	-5.62865
20.69818	-5.48890
20.50583	-5.34915
20.31347	-5.20940
20.12112	-5.06965
19.92876	-4.92990
19.73640	-4.79015
19.54405	-4.65040
19.35170	-4.51065
19.15934	-4.37090
18.96698	-4.23115
18.77464	-4.09140
18.58228	-3.95165
18.38993	-3.81190
18.19757	-3.67215
18.00521	-3.53240
17.81286	-3.39265
17.62050	-3.25290
17.42815	-3.11315
17.23579	-2.97340
17.04344	-2.83365
16.85108	-2.69390
16.65873	-2.55415
16.46637	-2.41440
16.27401	-2.27465
16.08166	-2.13490
15.88930	-1.99514
15.69695	-1.85539
15.50459	-1.71564
15.31223	-1.57589
15.11989	-1.43615
14.92754	-1.29640
14.73518	-1.15665
14.54282	-1.01690
14.35047	-0.87715
14.15811	-0.73740
13.96576	-0.59765
13.77340	-0.45790
13.58105	-0.31815
13.38869	-0.17840
13.19633	-0.03864
13.00398	0.10110
12.81162	0.24086
12.61927	0.38061
12.42691	0.52036
12.23455	0.66011
12.04220	0.79986
11.84984	0.93961
11.65749	1.07936
11.46514	1.21910
11.27279	1.35885
11.08043	1.49860
10.88807	1.63835
10.69572	1.77810
10.50336	1.91785
10.31101	2.05760
10.11865	2.19736
9.92630	2.33710
9.73394	2.47686
9.54159	2.61661
9.34923	2.75636
9.15687	2.89611
8.96452	3.03586
8.77216	3.17561
8.57981	3.31536
8.38745	3.45511
8.19510	3.59486
8.00274	3.73461
7.81039	3.87435
7.61804	4.01410
7.42568	4.15385
7.23333	4.29360
7.04097	4.43336
6.84862	4.57311
6.65626	4.71286
6.46391	4.85261
6.27155	4.99236
6.07919	5.13211
5.88684	5.27186
5.69448	5.41161
5.50212	5.55136
5.30977	5.69111
5.11741	5.83086
4.92506	5.97061
4.73270	6.11036
4.54035	6.25011
4.34799	6.38986
4.15565	6.52960
3.96329	6.66936
3.77094	6.80911
3.57858	6.94886
3.38622	7.08861
3.19387	7.22836
3.00151	7.36811
2.80916	7.50786
2.61680	7.64761
2.42444	7.78736
2.23209	7.92711
2.03973	8.06686
1.84738	8.20661
1.65502	8.34636
1.46267	8.48611
1.27031	8.62586
1.07795	8.76561
0.88560	8.90536
0.69324	9.04512
0.50089	9.18487
0.30854	9.32461
0.11619	9.46436
-0.07617	9.60411
-0.26852	9.74386
-0.46088	9.88361
-0.65324	10.02336
-0.84559	10.16311
-1.03795	10.30286
-1.23030	10.44261
-1.42266	10.58236
-1.61502	10.72211
-1.80737	10.86186
-1.99973	11.00161
-2.19208	11.14137
-2.38444	11.28112
-2.57679	11.42087
-2.76915	11.56062
-2.96150	11.70037
-3.15386	11.84012
-3.34620	11.97986
-3.53856	12.11961
-3.73092	12.25936
-3.92327	12.39911
-4.11563	12.53886
-4.30798	12.67861
-4.50034	12.81836
-4.69270	12.95811
-4.88505	13.09786
-5.07741	13.23761
-5.26976	13.37737
-5.46212	13.51712
-5.65447	13.65687
-5.84683	13.79662
-6.03919	13.93637
-6.23154	14.07612
-6.42390	14.21587
-6.61625	14.35562
-6.80861	14.49537
-7.00095	14.63511
-7.19331	14.77486
-7.38566	14.91461
-7.57802	15.05436
-7.77038	15.19411
-7.96273	15.33386
-8.15509	15.47362
-8.34744	15.61337
-8.53980	15.75312
-8.73215	15.89287
-8.92451	16.03262
-9.11687	16.17237
-9.30922	16.31212
-9.50158	16.45187
-9.69393	16.59162
-9.88629	16.73137
-10.07865	16.87112
-10.27100	17.01087
-10.46336	17.15062
-10.65570	17.29036
-10.84806	17.43011
-11.04041	17.56986
-11.23277	17.70962
-11.42512	17.84937
-11.61748	17.98912
-11.80984	18.12887
-12.00219	18.26862
-12.19455	18.40837
-12.38690	18.54812
-12.57926	18.68787
-12.77161	18.82762
-12.96397	18.96737
-13.15633	19.10712
-13.34868	19.24687
-13.54104	19.38662
-13.73339	19.52637
-13.92575	19.66612
-14.11810	19.80587
-14.31046	19.94563
-14.50280	20.08537
-14.69494	20.22481
-14.62146	19.99869
-14.54799	19.77256
-14.47451	19.54644
-14.40104	19.32031
-14.32756	19.09419
-14.25409	18.86806
-14.18061	18.64194
-14.10714	18.41581
-14.03366	18.18969
-13.96019	17.96356
-13.88671	17.73744
-13.81324	17.51131
-13.73976	17.28519
-13.66629	17.05906
-13.59281	16.83294
-13.51934	16.60682
-13.44586	16.38069
-13.37239	16.15458
-13.29892	15.92846
-13.22544	15.70233
-13.15197	15.47620
-13.07849	15.25008
-13.00502	15.02396
-12.93154	14.79783
-12.85807	14.57170
-12.78459	14.34558
-12.71112	14.11946
-12.63764	13.89333
-12.56417	13.66721
-12.49069	13.44108
-12.41722	13.21496
-12.34374	12.98883
-12.27027	12.76271
-12.19679	12.53658
-12.12332	12.31046
-12.04984	12.08434
-11.97637	11.85822
-11.90290	11.63210
-11.82942	11.40598
-11.75595	11.17985
-11.68248	10.95372
-11.60900	10.72760
-11.53553	10.50148
-11.46205	10.27535
-11.38858	10.04922
-11.31510	9.82310
-11.24162	9.59698
-11.16815	9.37085
-11.09468	9.14473
-11.02120	8.91860
-10.94773	8.69248
-10.87425	8.46635
-10.80078	8.24023
-10.72730	8.01410
-10.65383	7.78798
-10.58036	7.56187
-10.50688	7.33574
-10.43341	7.10962
-10.35993	6.88349
-10.28646	6.65737
-10.21298	6.43124
-10.13951	6.20512
-10.06603	5.97899
-9.99256	5.75287
-9.91908	5.52674
-9.84561	5.30062
-9.77213	5.07450
-9.69866	4.84837
-9.62518	4.62225
-9.55171	4.39612
-9.47823	4.17000
-9.40476	3.94387
-9.33128	3.71775
-9.25781	3.49162
-9.18434	3.26551
-9.11086	3.03939
-9.03739	2.81326
-8.96391	2.58714
-8.89044	2.36101
-8.81696	2.13489
-8.74349	1.90876
-8.67001	1.68264
-8.59654	1.45651
-8.52306	1.23039
-8.44959	1.00426
-8.37611	0.77814
-8.30264	0.55201
-8.22916	0.32589
-8.15569	0.09976
-8.08221	-0.12636
-8.00874	-0.35249
-7.93526	-0.57861
-7.86179	-0.80474
-7.78831	-1.03086
-7.71484	-1.25697
-7.64137	-1.48310
-7.56789	-1.70922
-7.49442	-1.93534
-7.42094	-2.16147
-7.34747	-2.38759
-7.27399	-2.61372
-7.20052	-2.83984
-7.12704	-3.06597
-7.05357	-3.29209
-6.98009	-3.51822
-6.90662	-3.74434
-6.83314	-3.97047
-6.75967	-4.19659
-6.68619	-4.42272
-6.61272	-4.64884
-6.53924	-4.87497
-6.46577	-5.10109
-6.39229	-5.32722
-6.31882	-5.55333
-6.24535	-5.77945
-6.17187	-6.00558
-6.09840	-6.23170
-6.02492	-6.45783
-5.95145	-6.68395
-5.87797	-6.91008
-5.80450	-7.13620
-5.73103	-7.36233
-5.65755	-7.58845
-5.58407	-7.81458
-5.51060	-8.04070
-5.43713	-8.26682
-5.36365	-8.49295
-5.29018	-8.71907
-5.21670	-8.94520
-5.14323	-9.17132
-5.06975	-9.39745
-4.99628	-9.62357
-4.92281	-9.84968
-4.84933	-10.07581
-4.77586	-10.30193
-4.70238	-10.52806
-4.62891	-10.75418
-4.55543	-10.98031
-4.48196	-11.20643
-4.40848	-11.43256
-4.33501	-11.65868
-4.26153	-11.88481
-4.18806	-12.11093
-4.11458	-12.33706
-4.04111	-12.56318
-3.96763	-12.78931
-3.89416	-13.01543
-3.82068	-13.24156
-3.74721	-13.46768
-3.67373	-13.69380
-3.60026	-13.91993
-3.52679	-14.14604
-3.45331	-14.37216
-3.37984	-14.59829
-3.30636	-14.82441
-3.23289	-15.05054
-3.15941	-15.27666
-3.08594	-15.50279
-3.01246	-15.72891
-2.93899	-15.95504
-2.86551	-16.18116
-2.79204	-16.40729
-2.71856	-16.63341
-2.64509	-16.85954
-2.57161	-17.08566
-2.49814	-17.31179
-2.42466	-17.53791
-2.35119	-17.76404
-2.27771	-17.99016
-2.20424	-18.21629
-2.13076	-18.44241
-2.05729	-18.66852
-1.98382	-18.89465
-1.91034	-19.12077
-1.83687	-19.34690
-1.76339	-19.57302
-1.68992	-19.79914
-1.61644	-20.02527
-1.54297	-20.25139
-1.46949	-20.47752
-1.39602	-20.70364
-1.32254	-20.92977
-1.24907	-21.15589
-1.17559	-21.38202
-1.10212	-21.60814
-1.02864	-21.83427
-0.95517	-22.06039
-0.88169	-22.28652
-0.80822	-22.51264
-0.73474	-22.73877
-0.66127	-22.96488
-0.58780	-23.19100
-0.51432	-23.41713
-0.44085	-23.64325
-0.36737	-23.86938
-0.29390	-24.09550
-0.22042	-24.32162
-0.14695	-24.54775
-0.07347	-24.77387
