239.17999	97.26000
238.91850	96.51719
238.62172	95.78777
238.29024	95.07344
237.92479	94.37589
237.52623	93.69670
237.09538	93.03753
236.63318	92.39995
236.14088	91.78530
235.61969	91.19497
235.07063	90.63045
234.49510	90.09295
233.89452	89.58360
233.27019	89.10365
232.62346	88.65434
231.95598	88.23647
231.26924	87.85105
230.56467	87.49931
229.84404	87.18179
229.10898	86.89925
228.36118	86.65243
227.60228	86.44212
226.83417	86.26851
226.05859	86.13203
225.27736	86.03290
224.49271	85.96552
223.70767	85.90219
222.92265	85.83886
222.13763	85.77552
221.35260	85.71219
220.56758	85.64886
219.78256	85.58552
218.99753	85.52219
218.21251	85.45885
217.42749	85.39552
216.64246	85.33218
215.85744	85.26885
215.07242	85.20551
214.28738	85.14218
213.50237	85.07885
212.71735	85.01551
211.93231	84.95218
211.14729	84.88885
210.36227	84.82551
209.57724	84.76218
208.79222	84.69884
208.00720	84.63551
207.22217	84.57217
206.43715	84.50884
205.65213	84.44550
204.86710	84.38217
204.08208	84.31884
203.29706	84.25550
202.51202	84.19217
201.72701	84.12884
200.94199	84.06550
200.15695	84.00217
199.37193	83.93884
198.58691	83.87550
197.80190	83.81216
197.01686	83.74883
196.23184	83.68549
195.44682	83.62216
194.66179	83.55883
193.87677	83.49549
193.09174	83.43216
192.30672	83.36883
191.52170	83.30549
190.73666	83.24216
189.95164	83.17883
189.16663	83.11549
188.38161	83.05215
187.59659	82.98882
186.81155	82.92548
186.02654	82.86215
185.24150	82.79882
184.45648	82.73548
183.67146	82.67215
182.88643	82.60882
182.10141	82.54548
181.31639	82.48215
180.53136	82.41882
179.74634	82.35548
178.96132	82.29214
178.17630	82.22881
177.39127	82.16547
176.60625	82.10214
175.82123	82.03881
175.03619	81.97547
174.25117	81.91214
173.46616	81.84881
172.68112	81.78547
171.89610	81.72214
171.11108	81.65881
170.32605	81.59547
169.54103	81.53214
168.75601	81.46880
167.97098	81.40546
167.18596	81.34213
166.40094	81.27880
165.80342	80.95808
165.50247	80.23027
165.20152	79.50246
164.90057	78.77465
164.59961	78.04684
164.29866	77.31904
163.99771	76.59123
163.69676	75.86343
163.39581	75.13562
163.09485	74.40781
162.79391	73.68002
162.49295	72.95221
162.19200	72.22440
161.89105	71.49660
161.59010	70.76879
161.28915	70.04099
160.98819	69.31318
160.68724	68.58537
160.38629	67.85757
160.08534	67.12976
159.78439	66.40195
159.48344	65.67415
159.18248	64.94634
158.88153	64.21854
158.58058	63.49073
158.27963	62.76292
157.97868	62.03512
157.67773	61.30730
157.37677	60.57950
157.07582	59.85169
156.77487	59.12389
156.47392	58.39608
156.17297	57.66827
155.87202	56.94047
155.57106	56.21266
155.27011	55.48486
154.96916	54.75705
154.66821	54.02924
154.36726	53.30144
154.06631	52.57363
153.76535	51.84583
153.46440	51.11803
153.16345	50.39022
152.86250	49.66241
152.56155	48.93461
152.26060	48.20680
151.95966	47.47900
151.65869	46.75119
151.35774	46.02338
151.05679	45.29557
150.75584	44.56777
150.45490	43.83996
150.15395	43.11216
149.85298	42.38435
149.55203	41.65654
149.25108	40.92874
148.95013	40.20093
148.64919	39.47312
148.34824	38.74532
148.04727	38.01751
147.74632	37.28970
147.44537	36.56190
147.14442	35.83409
146.84348	35.10629
146.54253	34.37849
146.24156	33.65067
145.94061	32.92287
145.63966	32.19506
145.33871	31.46726
145.03777	30.73945
144.73682	30.01165
144.43585	29.28383
144.13490	28.55604
143.83395	27.82822
143.53300	27.10042
143.23206	26.37261
142.92406	25.64781
142.58388	24.93757
142.20996	24.24451
141.80312	23.57025
141.36417	22.91643
140.89423	22.28453
140.39435	21.67603
139.86569	21.09234
139.30959	20.53479
138.72725	20.00464
138.12013	19.50309
137.48961	19.03128
136.83714	18.59033
136.16429	18.18119
135.47250	17.80490
134.76347	17.46226
134.03873	17.15414
133.30003	16.88127
132.54903	16.64432
131.78749	16.44385
131.01712	16.28039
130.23981	16.15423
129.45729	16.06570
128.67146	16.01493
127.88406	16.00187
127.09695	16.02650
126.31191	16.08886
125.53082	16.18900
124.75543	16.32664
123.98760	16.50149
123.22910	16.71325
122.48169	16.96126
121.74711	17.24507
121.02702	17.56384
120.32311	17.91694
119.63698	18.30342
118.97020	18.72243
118.32433	19.17299
117.70083	19.65402
117.10119	20.16449
116.52675	20.70317
115.97897	21.26892
115.45899	21.86035
114.96822	22.47621
114.50766	23.11497
114.07848	23.77526
113.68165	24.45546
113.31799	25.15396
112.98834	25.86912
112.68562	26.59621
112.38485	27.32408
112.08408	28.05197
111.78330	28.77984
111.48253	29.50773
111.18176	30.23560
110.88098	30.96349
110.58022	31.69136
110.27943	32.41925
109.97867	33.14713
109.67789	33.87501
109.37712	34.60289
109.07635	35.33077
108.77557	36.05865
108.47480	36.78653
108.17403	37.51441
107.87326	38.24229
107.57249	38.97017
107.27171	39.69806
106.97094	40.42593
106.67017	41.15382
106.36940	41.88169
106.06862	42.60958
105.76785	43.33745
105.46708	44.06534
105.16631	44.79321
104.86554	45.52108
104.56476	46.24897
104.26399	46.97684
103.96322	47.70473
103.66245	48.43261
103.36167	49.16049
103.06090	49.88837
102.76012	50.61626
102.45936	51.34413
102.15858	52.07201
101.85781	52.79989
101.55704	53.52778
101.25626	54.25565
100.95549	54.98354
100.65472	55.71141
100.35394	56.43930
100.05318	57.16717
99.75240	57.89506
99.45163	58.62293
99.15086	59.35082
98.85008	60.07869
98.54931	60.80658
98.24854	61.53445
97.94776	62.26234
97.64700	62.99021
97.34622	63.71810
97.04545	64.44598
96.74467	65.17386
96.44390	65.90173
96.14313	66.62962
95.84236	67.35750
95.54159	68.08537
95.24081	68.81326
94.94004	69.54113
94.63927	70.26902
94.33850	70.99689
94.03772	71.72478
93.73695	72.45265
93.43618	73.18054
93.13541	73.90842
92.83463	74.63630
92.53386	75.36417
92.23309	76.09206
91.93232	76.81993
91.63154	77.54782
91.33077	78.27570
91.03000	79.00359
90.72923	79.73145
90.42845	80.45934
90.12768	81.18722
89.37111	81.28970
88.58610	81.35314
87.80108	81.41657
87.01607	81.48001
86.23104	81.54344
85.44604	81.60688
84.66101	81.67031
83.87601	81.73375
83.09098	81.79718
82.30597	81.86062
81.52095	81.92405
80.73594	81.98749
79.95094	82.05092
79.16591	82.11435
78.38090	82.17779
77.59588	82.24122
76.81087	82.30466
76.02584	82.36809
75.24084	82.43153
74.45581	82.49496
73.67081	82.55840
72.88578	82.62183
72.10077	82.68526
71.31575	82.74870
70.53074	82.81213
69.74572	82.87556
68.96071	82.93900
68.17570	83.00243
67.39066	83.06586
66.60565	83.12930
65.82064	83.19273
65.03564	83.25617
64.25060	83.31960
63.46559	83.38304
62.68058	83.44647
61.89557	83.50990
61.11053	83.57334
60.32552	83.63677
59.54052	83.70021
58.75551	83.76364
57.97047	83.82708
57.18546	83.89051
56.40045	83.95395
55.61544	84.01738
54.83044	84.08081
54.04539	84.14425
53.26039	84.20768
52.47538	84.27112
51.69037	84.33455
50.90533	84.39799
50.12032	84.46142
49.33532	84.52486
48.55031	84.58829
47.76527	84.65173
46.98026	84.71516
46.19525	84.77859
45.41024	84.84203
44.62521	84.90546
43.84019	84.96889
43.05519	85.03233
42.27018	85.09576
41.48514	85.15919
40.70013	85.22263
39.91512	85.28606
39.13012	85.34950
38.34508	85.41293
37.56007	85.47637
36.77506	85.53980
35.99005	85.60323
35.20501	85.66667
34.42001	85.73011
33.63499	85.79354
32.84999	85.85697
32.06495	85.92041
31.27994	85.98384
30.49613	86.05986
29.71676	86.17262
28.94364	86.32253
28.17861	86.50929
27.42340	86.73248
26.67979	86.99165
25.94943	87.28613
25.23401	87.61531
24.53517	87.97830
23.85451	88.37434
23.19353	88.80240
22.55375	89.26160
21.93661	89.75079
21.34355	90.26889
20.77591	90.81472
20.23497	91.38703
19.72206	91.98460
19.23829	92.60597
18.78491	93.24984
18.36283	93.91470
17.97319	94.59904
17.61675	95.30127
17.29435	96.01971
17.00669	96.75282
16.75427	97.49876
16.53762	98.25587
16.35733	99.02245
16.21396	99.79681
16.10786	100.57711
16.03925	101.36161
16.00839	102.14851
16.01521	102.93597
16.05980	103.72222
16.14189	104.50542
16.26136	105.28378
16.41787	106.05557
16.61103	106.81902
16.84046	107.57238
17.10553	108.31391
17.40579	109.04190
17.74048	109.75477
18.10889	110.45075
18.51020	111.12833
18.94350	111.78587
19.40785	112.42194
19.90218	113.03495
20.42527	113.62360
20.97594	114.18655
21.55289	114.72256
22.14823	115.23814
22.74450	115.75266
23.34077	116.26717
23.93706	116.78171
24.53333	117.29622
25.12960	117.81073
25.72587	118.32525
26.32216	118.83978
26.91843	119.35429
27.51470	119.86881
28.11097	120.38333
28.70726	120.89786
29.30353	121.41237
29.89980	121.92689
30.49607	122.44141
31.09234	122.95592
31.68863	123.47045
32.28490	123.98497
32.88117	124.49948
33.47744	125.01399
34.07373	125.52853
34.67000	126.04305
35.26627	126.55756
35.86254	127.07207
36.45883	127.58661
37.05510	128.10112
37.65137	128.61563
38.24764	129.13014
38.84393	129.64468
39.44020	130.15919
40.03647	130.67371
40.63274	131.18823
41.22903	131.70276
41.82530	132.21727
42.42157	132.73178
43.01784	133.24631
43.61414	133.76083
44.21040	134.27534
44.80667	134.78986
45.40294	135.30438
45.99924	135.81891
46.59550	136.33342
47.19177	136.84795
47.78804	137.36246
48.38431	137.87697
48.98061	138.39151
49.57687	138.90602
50.17314	139.42053
50.76941	139.93504
51.36570	140.44958
51.96198	140.96410
52.55824	141.47861
53.15451	141.99312
53.75080	142.50766
54.34708	143.02217
54.94334	143.53668
55.53961	144.05119
56.13591	144.56573
56.73217	145.08025
57.32845	145.59476
57.92471	146.10928
58.52100	146.62381
59.11728	147.13832
59.71354	147.65283
60.30981	148.16736
60.90611	148.68188
61.50238	149.19640
62.09864	149.71092
62.69492	150.22543
63.29121	150.73996
63.88747	151.25447
64.48374	151.76900
65.08002	152.28351
65.67631	152.79803
66.27258	153.31256
66.66177	153.89420
66.48078	154.66069
66.29979	155.42719
66.11879	156.19370
65.93779	156.96017
65.75680	157.72667
65.57581	158.49316
65.39481	159.25967
65.21381	160.02615
65.03281	160.79265
64.85182	161.55914
64.67081	162.32565
64.48982	163.09213
64.30883	163.85863
64.12783	164.62512
63.94683	165.39163
63.76584	166.15811
63.58484	166.92461
63.40385	167.69110
63.22285	168.45761
63.04185	169.22409
62.86086	169.99059
62.67986	170.75708
62.49886	171.52359
62.31787	172.29007
62.13687	173.05656
61.95588	173.82306
61.77488	174.58957
61.59388	175.35606
61.41289	176.12254
61.23190	176.88904
61.05089	177.65555
60.86990	178.42204
60.68890	179.18852
60.50791	179.95502
60.32691	180.72150
60.14591	181.48802
59.96492	182.25450
59.78392	183.02100
59.60293	183.78748
59.42193	184.55400
59.24093	185.32048
59.05994	186.08698
58.87894	186.85345
58.69794	187.61998
58.51695	188.38646
58.33595	189.15295
58.15496	189.91943
57.97396	190.68596
57.79296	191.45244
57.61197	192.21893
57.43097	192.98541
57.24997	193.75194
57.06898	194.51842
56.88799	195.28491
56.70699	196.05139
56.52599	196.81792
56.34499	197.58440
56.16400	198.35089
55.98301	199.11737
55.80200	199.88390
55.62101	200.65038
55.44001	201.41687
55.25902	202.18335
55.07803	202.94984
54.89702	203.71635
54.71603	204.48285
54.53503	205.24933
54.35404	206.01582
54.17304	206.78233
53.99204	207.54883
53.81105	208.31531
53.63005	209.08180
53.44905	209.84831
53.26806	210.61481
53.08706	211.38130
52.90842	212.14832
52.75993	212.92172
52.64877	213.70132
52.57513	214.48535
52.53951	215.27202
52.54177	216.05954
52.58191	216.84598
52.65979	217.62962
52.77541	218.40855
52.92838	219.18109
53.11814	219.94534
53.34429	220.69966
53.60661	221.44217
53.90416	222.17131
54.23624	222.88535
54.60228	223.58258
55.00149	224.26140
55.43280	224.92027
55.89524	225.55768
56.38791	226.17201
56.90961	226.76192
57.45908	227.32599
58.03526	227.86284
58.63635	228.37158
59.26120	228.85085
59.90826	229.29968
60.57607	229.71706
61.26319	230.10175
61.96805	230.45291
62.68896	230.76978
63.42434	231.05162
64.17237	231.29774
64.93141	231.50735
65.69969	231.68031
66.47537	231.81625
67.25668	231.91479
68.04180	231.97557
68.82895	231.99873
69.61633	231.98422
70.40205	231.93173
71.18437	231.84158
71.96144	231.71405
72.73157	231.54936
73.49276	231.34758
74.24335	231.10938
74.98161	230.83539
75.70587	230.52615
76.41442	230.18248
77.10559	229.80515
77.77968	229.39789
78.45039	228.98509
79.12114	228.57230
79.79185	228.15950
80.46259	227.74670
81.13330	227.33392
81.80405	226.92111
82.47476	226.50832
83.14548	226.09552
83.81621	225.68274
84.48695	225.26993
85.15767	224.85713
85.82839	224.44434
86.49911	224.03156
87.16986	223.61874
87.84058	223.20595
88.51129	222.79315
89.18201	222.38037
89.85276	221.96756
90.52348	221.55476
91.19420	221.14198
91.86492	220.72919
92.53567	220.31638
93.20639	219.90358
93.87711	219.49080
94.54782	219.07800
95.21855	218.66521
95.88930	218.25241
96.56004	217.83960
97.23073	217.42682
97.90147	217.01401
98.57217	216.60124
99.24292	216.18843
99.91367	215.77562
100.58436	215.36285
101.25510	214.95004
101.92580	214.53726
102.59654	214.12445
103.26729	213.71164
103.93798	213.29887
104.60873	212.88606
105.27947	212.47325
105.95016	212.06049
106.62091	211.64767
107.29161	211.23489
107.96236	210.82208
108.63310	210.40929
109.30379	209.99651
109.97454	209.58369
110.64529	209.17090
111.31598	208.75812
111.98672	208.34531
112.65742	207.93253
113.32816	207.51973
113.99891	207.10692
114.66960	206.69414
115.34035	206.28134
116.01109	205.86853
116.68179	205.45575
117.35253	205.04294
118.02322	204.63017
118.69397	204.21736
119.36472	203.80455
120.03542	203.39177
120.70616	202.97897
121.37685	202.56619
122.04760	202.15338
122.71835	201.74057
123.38904	201.32780
124.05978	200.91499
124.73053	200.50218
125.40122	200.08942
126.07197	199.67661
126.74266	199.26382
127.41341	198.85101
128.08417	198.54178
128.75497	198.95438
129.42583	199.36700
130.09668	199.77963
130.76749	200.19223
131.43834	200.60486
132.10915	201.01746
132.78000	201.43008
133.45085	201.84271
134.12166	202.25531
134.79251	202.66795
135.46338	203.08058
136.13417	203.49318
136.80502	203.90581
137.47583	204.31841
138.14668	204.73103
138.81754	205.14366
139.48834	205.55626
140.15919	205.96889
140.83000	206.38148
141.50085	206.79411
142.17172	207.20674
142.84251	207.61934
143.51337	208.03198
144.18423	208.44461
144.85503	208.85721
145.52588	209.26984
146.19669	209.68243
146.86754	210.09506
147.53841	210.50769
148.20920	210.92029
148.88007	211.33292
149.55092	211.74554
150.22171	212.15814
150.89258	212.57077
151.56337	212.98337
152.23422	213.39600
152.90509	213.80862
153.57590	214.22122
154.24675	214.63387
154.91760	215.04649
155.58841	215.45909
156.25926	215.87172
156.93005	216.28432
157.60092	216.69695
158.27177	217.10957
158.94258	217.52217
159.61343	217.93480
160.28429	218.34743
160.95509	218.76003
161.62595	219.17265
162.29675	219.58525
162.96761	219.99788
163.63846	220.41052
164.30927	220.82312
164.98012	221.23575
165.65092	221.64835
166.32178	222.06097
166.99263	222.47360
167.66344	222.88620
168.33429	223.29883
169.00514	223.71146
169.67595	224.12405
170.34680	224.53668
171.01761	224.94928
171.68846	225.36191
172.35931	225.77454
173.03012	226.18713
173.70097	226.59978
174.37183	227.01241
175.04263	227.42500
175.71349	227.83763
176.38429	228.25023
177.05515	228.66286
177.72600	229.07549
178.39680	229.48808
179.07556	229.88737
179.77274	230.25371
180.48654	230.58611
181.21559	230.88390
181.95807	231.14630
182.71233	231.37274
183.47664	231.56241
184.24910	231.71518
185.02814	231.83080
185.81169	231.90887
186.59818	231.94911
187.38568	231.95174
188.17233	231.91673
188.95650	231.84383
189.73621	231.73354
190.50974	231.58604
191.27534	231.40154
192.03111	231.18039
192.77542	230.92323
193.50661	230.63062
194.22275	230.30315
194.92226	229.94145
195.60365	229.54665
196.26526	229.11966
196.90578	228.66148
197.52364	228.17331
198.11752	227.65608
198.68578	227.11093
199.22705	226.53902
199.74026	225.94170
200.22421	225.32039
200.67773	224.67667
201.09966	224.01169
201.48918	223.32735
201.84557	222.62506
202.16779	221.90651
202.45514	221.17336
202.70714	220.42725
202.92316	219.67003
203.10242	218.90315
203.24477	218.12866
203.34987	217.34821
203.41724	216.56357
203.44670	215.77661
203.43837	214.98920
203.39221	214.20308
203.30832	213.42009
203.18683	212.64200
203.02818	211.87065
202.84698	211.10423
202.66539	210.33786
202.48380	209.57147
202.30220	208.80516
202.12061	208.03879
201.93903	207.27246
201.75743	206.50609
201.57584	205.73972
201.39426	204.97339
201.21265	204.20702
201.03105	203.44064
200.84947	202.67433
200.66788	201.90796
200.48630	201.14163
200.30470	200.37526
200.12311	199.60889
199.94151	198.84256
199.75992	198.07619
199.57832	197.30981
199.39674	196.54349
199.21515	195.77711
199.03355	195.01080
198.85196	194.24443
198.67036	193.47806
198.48878	192.71173
198.30719	191.94536
198.12561	191.17905
197.94400	190.41266
197.76241	189.64629
197.58083	188.87997
197.39923	188.11359
197.21764	187.34721
197.03606	186.58090
196.85446	185.81453
196.67287	185.04820
196.49127	184.28183
196.30968	183.51546
196.12810	182.74915
195.94650	181.98276
195.76489	181.21638
195.58331	180.45007
195.40172	179.68369
195.22014	178.91737
195.03854	178.15100
194.85695	177.38463
194.67535	176.61830
194.49376	175.85193
194.31216	175.08556
194.13058	174.31924
193.94899	173.55286
193.76741	172.78654
193.58580	172.02017
193.40421	171.25378
193.22263	170.48747
193.04103	169.72110
192.85945	168.95477
192.67786	168.18840
192.49625	167.42203
192.31467	166.65572
192.13307	165.88933
191.95148	165.12296
191.76990	164.35664
191.58830	163.59027
191.40671	162.82394
191.22511	162.05757
191.04352	161.29120
190.86194	160.52487
190.68034	159.75850
190.49875	158.99213
190.31715	158.22581
190.13556	157.45943
189.95398	156.69312
189.77238	155.92674
189.59079	155.16037
189.40921	154.39404
189.28070	153.64488
189.87698	153.13036
190.47324	152.61586
191.06952	152.10132
191.66577	151.58682
192.26205	151.07230
192.85835	150.55777
193.45461	150.04327
194.05090	149.52873
194.64714	149.01424
195.24344	148.49969
195.83972	147.98517
196.43597	147.47067
197.03226	146.95615
197.62856	146.44160
198.22481	145.92711
198.82109	145.41258
199.41734	144.89809
200.01364	144.38354
200.60992	143.86902
201.20618	143.35452
201.80246	142.83998
202.39876	142.32545
202.99500	141.81096
203.59129	141.29642
204.18755	140.78194
204.78383	140.26740
205.38013	139.75287
205.97638	139.23837
206.57266	138.72383
207.16896	138.20930
207.76520	137.69481
208.36150	137.18027
208.95775	136.66577
209.55403	136.15125
210.15033	135.63670
210.74658	135.12221
211.34286	134.60768
211.93912	134.09319
212.53540	133.57864
213.13170	133.06412
213.72794	132.54962
214.32423	132.03510
214.92053	131.52055
215.51677	131.00606
216.11307	130.49153
216.70932	129.97704
217.30560	129.46249
217.90190	128.94797
218.49814	128.43347
219.09444	127.91894
219.69073	127.40440
220.28697	126.88991
220.88327	126.37537
221.47951	125.86088
222.07581	125.34634
222.67210	124.83181
223.26834	124.31731
223.86464	123.80278
224.46094	123.28825
225.05717	122.77375
225.65347	122.25922
226.24971	121.74473
226.84601	121.23019
227.44231	120.71565
228.03854	120.20116
228.63484	119.68663
229.23112	119.17210
229.82738	118.65760
230.42368	118.14307
231.01991	117.62857
231.61621	117.11404
232.21249	116.59950
232.80875	116.08501
233.40504	115.57047
234.00128	115.05598
234.59453	114.53793
235.16533	113.99545
235.70950	113.42627
236.22583	112.83160
236.71300	112.21289
237.16989	111.57152
237.59554	110.90897
237.98866	110.22664
238.34872	109.52628
238.67488	108.80946
238.96638	108.07796
239.22235	107.33321
239.44250	106.57710
239.62633	105.81142
239.77328	105.03770
239.88290	104.25794
239.95515	103.47375
239.98981	102.68697
239.98657	101.89954
239.94547	101.11310
239.86668	100.32956
239.75040	99.55069
239.59689	98.77831
239.40659	98.01420
