0.20231	-0.69068
0.20145	-0.68223
0.20060	-0.67378
0.19975	-0.66533
0.19889	-0.65688
0.19804	-0.64843
0.19718	-0.63998
0.19633	-0.63153
0.19548	-0.62308
0.19462	-0.61463
0.19377	-0.60618
0.19291	-0.59773
0.19206	-0.58927
0.19121	-0.58082
0.19035	-0.57237
0.18950	-0.56392
0.18864	-0.55547
0.18779	-0.54702
0.18694	-0.53857
0.18608	-0.53012
0.18523	-0.52167
0.18438	-0.51322
0.18352	-0.50477
0.18267	-0.49631
0.18181	-0.48786
0.18096	-0.47941
0.18011	-0.47096
0.17925	-0.46251
0.17840	-0.45406
0.17754	-0.44561
0.17669	-0.43716
0.17584	-0.42871
0.17498	-0.42026
0.17413	-0.41181
0.17328	-0.40336
0.17242	-0.39490
0.17157	-0.38645
0.17071	-0.37800
0.16986	-0.36955
0.16901	-0.36110
0.16815	-0.35265
0.16730	-0.34420
0.16644	-0.33575
0.16559	-0.32730
0.16474	-0.31885
0.16388	-0.31040
0.16303	-0.30195
0.16217	-0.29349
0.16132	-0.28504
0.16047	-0.27659
0.15961	-0.26814
0.15876	-0.25969
0.15791	-0.25124
0.15705	-0.24279
0.15620	-0.23434
0.15534	-0.22589
0.15449	-0.21744
0.15364	-0.20899
0.15278	-0.20054
0.15193	-0.19208
0.15107	-0.18363
0.15022	-0.17518
0.14937	-0.16673
0.14851	-0.15828
0.14766	-0.14983
0.14681	-0.14138
0.14595	-0.13293
0.14510	-0.12448
0.14424	-0.11603
0.14339	-0.10758
0.14254	-0.09912
0.14168	-0.09067
0.14083	-0.08222
0.14005	-0.07376
0.13930	-0.06530
0.13856	-0.05684
0.13785	-0.04838
0.13715	-0.03991
0.13648	-0.03145
0.13582	-0.02298
0.13519	-0.01451
0.13458	-0.00604
0.13400	0.00244
0.13343	0.01091
0.13288	0.01939
0.13235	0.02787
0.13184	0.03635
0.13136	0.04483
0.13090	0.05331
0.13046	0.06179
0.13003	0.07027
0.12963	0.07876
0.12925	0.08724
0.12889	0.09573
0.12856	0.10422
0.12824	0.11270
0.12795	0.12119
0.12768	0.12968
0.12742	0.13817
0.12719	0.14666
0.12698	0.15515
0.12679	0.16365
0.12663	0.17214
0.12648	0.18063
0.12635	0.18912
0.12625	0.19762
0.12616	0.20611
0.12610	0.21460
0.12606	0.22310
0.12604	0.23159
0.12605	0.24009
0.12608	0.24858
0.12614	0.25707
0.12623	0.26557
0.12635	0.27406
0.12650	0.28255
0.12668	0.29104
0.12690	0.29953
0.12716	0.30802
0.12745	0.31651
0.12779	0.32500
0.12816	0.33349
0.12858	0.34197
0.12904	0.35045
0.12955	0.35893
0.13010	0.36741
0.13071	0.37588
0.13137	0.38435
0.13208	0.39281
0.13286	0.40127
0.13370	0.40972
0.13460	0.41817
0.13558	0.42660
0.13663	0.43503
0.13776	0.44345
0.13897	0.45186
0.14027	0.46025
0.14167	0.46863
0.14318	0.47699
0.14479	0.48533
0.14653	0.49364
0.14840	0.50193
0.15041	0.51018
0.15257	0.51839
0.15491	0.52656
0.15744	0.53467
0.16018	0.54271
0.16315	0.55066
0.16638	0.55852
0.16991	0.56624
0.17376	0.57381
0.17800	0.58117
0.18265	0.58828
0.18779	0.59504
0.19345	0.60136
0.19973	0.60708
0.20627	0.61251
0.21296	0.61773
0.21981	0.62275
0.22682	0.62755
0.23398	0.63212
0.24128	0.63645
0.24873	0.64053
0.25632	0.64435
0.26404	0.64789
0.27189	0.65115
0.27984	0.65412
0.28790	0.65679
0.29606	0.65917
0.30430	0.66124
0.31260	0.66300
0.32097	0.66447
0.32938	0.66563
0.33783	0.66649
0.34631	0.66706
0.35480	0.66735
0.36329	0.66735
0.37178	0.66713
0.38026	0.66666
0.38872	0.66593
0.39716	0.66495
0.40556	0.66368
0.41391	0.66213
0.42220	0.66028
0.43041	0.65813
0.43854	0.65565
0.44656	0.65286
0.45445	0.64973
0.46221	0.64627
0.46981	0.64248
0.47724	0.63837
0.48448	0.63392
0.49152	0.62917
0.49833	0.62410
0.50492	0.61874
0.51128	0.61311
0.51739	0.60721
0.52324	0.60106
0.52885	0.59468
0.53421	0.58809
0.53932	0.58130
0.54418	0.57434
0.54880	0.56721
0.55318	0.55994
0.55733	0.55253
0.56126	0.54500
0.56498	0.53736
0.56849	0.52962
0.57179	0.52180
0.57491	0.51390
0.57784	0.50593
0.58060	0.49789
0.58318	0.48980
0.58561	0.48166
0.58788	0.47348
0.59000	0.46525
0.59199	0.45700
0.59383	0.44870
0.59555	0.44039
0.59714	0.43204
0.59862	0.42368
0.59998	0.41529
0.60480	0.41102
0.61329	0.41102
0.62179	0.41102
0.63028	0.41102
0.63877	0.41102
0.64727	0.41102
0.65576	0.41102
0.66426	0.41102
0.67275	0.41102
0.67876	0.41322
0.67773	0.42166
0.67665	0.43008
0.67554	0.43850
0.67438	0.44692
0.67318	0.45532
0.67193	0.46373
0.67064	0.47212
0.66930	0.48051
0.66791	0.48889
0.66648	0.49726
0.66499	0.50562
0.66346	0.51398
0.66187	0.52232
0.66023	0.53066
0.65854	0.53898
0.65679	0.54729
0.65499	0.55559
0.65312	0.56388
0.65120	0.57215
0.64922	0.58041
0.64718	0.58866
0.64508	0.59689
0.64291	0.60510
0.64067	0.61329
0.63837	0.62147
0.63600	0.62963
0.63356	0.63776
0.63105	0.64587
0.62846	0.65397
0.62580	0.66203
0.62306	0.67007
0.62025	0.67808
0.61735	0.68607
0.61437	0.69402
0.61130	0.70194
0.60815	0.70983
0.60491	0.71768
0.60158	0.72550
0.59816	0.73327
0.59465	0.74100
0.59103	0.74869
0.58732	0.75633
0.58351	0.76392
0.57960	0.77146
0.57558	0.77894
0.57145	0.78637
0.56722	0.79373
0.56287	0.80103
0.55841	0.80826
0.55384	0.81541
0.54915	0.82250
0.54434	0.82950
0.53941	0.83642
0.53436	0.84325
0.52919	0.84998
0.52389	0.85662
0.51847	0.86316
0.51293	0.86959
0.50725	0.87592
0.50145	0.88212
0.49553	0.88820
0.48947	0.89416
0.48329	0.89999
0.47699	0.90568
0.47056	0.91123
0.46401	0.91664
0.45734	0.92190
0.45055	0.92700
0.44364	0.93194
0.43662	0.93672
0.42949	0.94134
0.42226	0.94579
0.41492	0.95006
0.40748	0.95416
0.39994	0.95808
0.39232	0.96183
0.38461	0.96539
0.37682	0.96877
0.36895	0.97197
0.36101	0.97499
0.35300	0.97782
0.34494	0.98048
0.33681	0.98295
0.32863	0.98525
0.32041	0.98737
0.31214	0.98931
0.30383	0.99108
0.29549	0.99268
0.28712	0.99412
0.27872	0.99539
0.27030	0.99649
0.26186	0.99744
0.25340	0.99824
0.24493	0.99888
0.23645	0.99937
0.22797	0.99972
0.21948	0.99993
0.21098	1.00000
0.20249	0.99995
0.19400	0.99980
0.18551	0.99955
0.17702	0.99918
0.16854	0.99871
0.16007	0.99811
0.15160	0.99740
0.14315	0.99657
0.13471	0.99561
0.12629	0.99452
0.11788	0.99330
0.10950	0.99193
0.10114	0.99043
0.09281	0.98878
0.08451	0.98698
0.07624	0.98503
0.06801	0.98291
0.05983	0.98064
0.05169	0.97820
0.04361	0.97559
0.03559	0.97281
0.02762	0.96985
0.01973	0.96671
0.01191	0.96340
0.00417	0.95989
-0.00348	0.95620
-0.01103	0.95233
-0.01849	0.94826
-0.02584	0.94401
-0.03308	0.93956
-0.04020	0.93493
-0.04719	0.93011
-0.05405	0.92510
-0.06078	0.91991
-0.06736	0.91454
-0.07379	0.90899
-0.08007	0.90327
-0.08618	0.89738
-0.09214	0.89133
-0.09794	0.88512
-0.10356	0.87875
-0.10902	0.87224
-0.11430	0.86559
-0.11941	0.85881
-0.12435	0.85190
-0.12911	0.84487
-0.13370	0.83772
-0.13812	0.83047
-0.14237	0.82311
-0.14645	0.81566
-0.15036	0.80813
-0.15411	0.80050
-0.15770	0.79280
-0.16113	0.78503
-0.16440	0.77720
-0.16752	0.76930
-0.17049	0.76134
-0.17332	0.75333
-0.17600	0.74527
-0.17855	0.73717
-0.18096	0.72902
-0.18324	0.72084
-0.18539	0.71262
-0.18741	0.70437
-0.18932	0.69610
-0.19110	0.68779
-0.19277	0.67946
-0.19433	0.67112
-0.19578	0.66275
-0.19713	0.65436
-0.19838	0.64596
-0.19952	0.63754
-0.20057	0.62911
-0.20152	0.62067
-0.20239	0.61222
-0.20316	0.60377
-0.20385	0.59530
-0.20446	0.58683
-0.20498	0.57835
-0.20543	0.56987
-0.20580	0.56138
-0.20609	0.55289
-0.20632	0.54440
-0.20647	0.53591
-0.20655	0.52742
-0.20657	0.51892
-0.20654	0.51043
-0.20649	0.50193
-0.20642	0.49344
-0.20631	0.48495
-0.20618	0.47645
-0.20603	0.46796
-0.20585	0.45947
-0.20565	0.45098
-0.20542	0.44249
-0.20517	0.43400
-0.20490	0.42551
-0.20460	0.41702
-0.20429	0.40853
-0.20395	0.40004
-0.20359	0.39156
-0.20322	0.38307
-0.20282	0.37459
-0.20240	0.36610
-0.20196	0.35762
-0.20151	0.34914
-0.20104	0.34066
-0.20055	0.33218
-0.20004	0.32370
-0.19951	0.31522
-0.19897	0.30675
-0.19841	0.29827
-0.19783	0.28980
-0.19724	0.28132
-0.19663	0.27285
-0.19601	0.26438
-0.19537	0.25591
-0.19472	0.24744
-0.19405	0.23897
-0.19337	0.23051
-0.19268	0.22204
-0.19197	0.21358
-0.19124	0.20512
-0.19051	0.19665
-0.18976	0.18819
-0.18899	0.17973
-0.18822	0.17128
-0.18743	0.16282
-0.18663	0.15436
-0.18581	0.14591
-0.18498	0.13745
-0.18415	0.12900
-0.18330	0.12055
-0.18244	0.11210
-0.18157	0.10365
-0.18068	0.09520
-0.17978	0.08676
-0.17888	0.07831
-0.17797	0.06987
-0.17703	0.06142
-0.17610	0.05298
-0.17515	0.04454
-0.17419	0.03610
-0.17323	0.02766
-0.17225	0.01923
-0.17126	0.01079
-0.17027	0.00235
-0.16926	-0.00608
-0.16825	-0.01451
-0.16722	-0.02294
-0.16619	-0.03138
-0.16514	-0.03981
-0.16409	-0.04823
-0.16303	-0.05666
-0.16196	-0.06509
-0.16088	-0.07351
-0.15980	-0.08194
-0.15872	-0.09036
-0.15764	-0.09879
-0.15655	-0.10721
-0.15547	-0.11564
-0.15439	-0.12406
-0.15331	-0.13249
-0.15222	-0.14091
-0.15114	-0.14933
-0.15006	-0.15776
-0.14898	-0.16618
-0.14789	-0.17461
-0.14681	-0.18303
-0.14573	-0.19146
-0.14465	-0.19988
-0.14356	-0.20831
-0.14248	-0.21673
-0.14140	-0.22516
-0.14032	-0.23358
-0.13923	-0.24201
-0.13815	-0.25043
-0.13707	-0.25885
-0.13599	-0.26728
-0.13491	-0.27570
-0.13382	-0.28413
-0.13274	-0.29255
-0.13166	-0.30098
-0.13058	-0.30940
-0.12949	-0.31783
-0.12841	-0.32625
-0.12733	-0.33468
-0.12625	-0.34310
-0.12516	-0.35153
-0.12408	-0.35995
-0.12300	-0.36838
-0.12192	-0.37680
-0.12083	-0.38522
-0.11975	-0.39365
-0.11867	-0.40207
-0.11759	-0.41050
-0.11650	-0.41892
-0.11542	-0.42735
-0.11434	-0.43577
-0.11326	-0.44420
-0.11217	-0.45262
-0.11109	-0.46105
-0.11001	-0.46947
-0.10893	-0.47789
-0.10785	-0.48632
-0.10676	-0.49474
-0.10568	-0.50317
-0.10460	-0.51159
-0.10352	-0.52002
-0.10243	-0.52844
-0.10135	-0.53687
-0.10027	-0.54529
-0.09919	-0.55372
-0.09810	-0.56214
-0.09702	-0.57057
-0.09594	-0.57899
-0.09486	-0.58742
-0.09377	-0.59584
-0.09269	-0.60426
-0.09161	-0.61269
-0.09053	-0.62111
-0.08944	-0.62954
-0.08836	-0.63796
-0.08728	-0.64639
-0.08620	-0.65481
-0.08511	-0.66324
-0.08403	-0.67166
-0.08295	-0.68009
-0.08187	-0.68851
-0.08790	-0.69067
-0.09640	-0.69067
-0.10489	-0.69067
-0.11338	-0.69067
-0.12188	-0.69067
-0.13037	-0.69067
-0.13887	-0.69067
-0.14736	-0.69067
-0.15585	-0.69067
-0.16435	-0.69067
-0.17284	-0.69067
-0.18134	-0.69067
-0.18983	-0.69067
-0.19832	-0.69067
-0.20682	-0.69067
-0.21531	-0.69067
-0.22381	-0.69067
-0.23230	-0.69067
-0.24079	-0.69067
-0.24929	-0.69067
-0.25778	-0.69067
-0.26627	-0.69067
-0.27477	-0.69067
-0.28326	-0.69067
-0.29176	-0.69067
-0.30025	-0.69063
-0.30874	-0.69052
-0.31723	-0.69033
-0.32572	-0.69006
-0.33421	-0.68972
-0.34269	-0.68928
-0.35117	-0.68877
-0.35964	-0.68816
-0.36811	-0.68745
-0.37656	-0.68666
-0.38501	-0.68576
-0.39345	-0.68476
-0.40187	-0.68365
-0.41027	-0.68242
-0.41866	-0.68109
-0.42703	-0.67963
-0.43537	-0.67805
-0.44369	-0.67634
-0.45198	-0.67449
-0.46024	-0.67251
-0.46846	-0.67038
-0.47665	-0.66809
-0.48478	-0.66566
-0.49287	-0.66306
-0.50090	-0.66029
-0.50887	-0.65736
-0.51677	-0.65424
-0.52460	-0.65094
-0.53234	-0.64745
-0.53999	-0.64376
-0.54754	-0.63987
-0.55498	-0.63577
-0.56230	-0.63147
-0.56951	-0.62697
-0.57655	-0.62223
-0.58343	-0.61725
-0.59015	-0.61205
-0.59671	-0.60666
-0.60312	-0.60108
-0.60938	-0.59534
-0.61548	-0.58943
-0.62145	-0.58339
-0.62728	-0.57721
-0.63298	-0.57091
-0.63855	-0.56450
-0.64399	-0.55798
-0.64932	-0.55137
-0.65453	-0.54466
-0.65964	-0.53787
-0.66464	-0.53100
-0.66953	-0.52406
-0.67433	-0.51706
-0.67904	-0.50998
-0.68365	-0.50285
-0.68818	-0.49567
-0.69263	-0.48843
-0.69699	-0.48114
-0.70128	-0.47381
-0.70549	-0.46643
-0.70963	-0.45902
-0.71369	-0.45156
-0.71769	-0.44407
-0.72163	-0.43654
-0.72550	-0.42898
-0.72932	-0.42139
-0.73307	-0.41377
-0.73677	-0.40612
-0.74041	-0.39845
-0.74882	-0.39832
-0.75731	-0.39832
-0.76580	-0.39832
-0.77430	-0.39832
-0.78279	-0.39832
-0.79128	-0.39832
-0.79978	-0.39832
-0.80827	-0.39832
-0.81673	-0.39834
-0.81434	-0.40649
-0.81192	-0.41464
-0.80947	-0.42277
-0.80699	-0.43089
-0.80447	-0.43900
-0.80192	-0.44711
-0.79934	-0.45520
-0.79672	-0.46328
-0.79407	-0.47135
-0.79138	-0.47941
-0.78866	-0.48745
-0.78590	-0.49548
-0.78310	-0.50350
-0.78026	-0.51151
-0.77738	-0.51950
-0.77447	-0.52748
-0.77151	-0.53544
-0.76850	-0.54338
-0.76546	-0.55131
-0.76238	-0.55923
-0.75924	-0.56712
-0.75606	-0.57500
-0.75284	-0.58286
-0.74957	-0.59070
-0.74625	-0.59852
-0.74288	-0.60631
-0.73946	-0.61409
-0.73599	-0.62184
-0.73246	-0.62957
-0.72888	-0.63727
-0.72524	-0.64494
-0.72155	-0.65259
-0.71780	-0.66021
-0.71399	-0.66781
-0.71012	-0.67537
-0.70619	-0.68289
-0.70219	-0.69039
-0.69813	-0.69785
-0.69400	-0.70527
-0.68980	-0.71266
-0.68553	-0.72000
-0.68119	-0.72730
-0.67678	-0.73456
-0.67229	-0.74177
-0.66773	-0.74893
-0.66309	-0.75605
-0.65836	-0.76310
-0.65358	-0.77012
-0.64877	-0.77713
-0.64392	-0.78409
-0.63900	-0.79103
-0.63404	-0.79792
-0.62902	-0.80477
-0.62395	-0.81158
-0.61882	-0.81835
-0.61362	-0.82507
-0.60836	-0.83174
-0.60304	-0.83836
-0.59764	-0.84492
-0.59217	-0.85142
-0.58663	-0.85786
-0.58102	-0.86423
-0.57532	-0.87053
-0.56954	-0.87675
-0.56367	-0.88289
-0.55771	-0.88894
-0.55165	-0.89489
-0.54550	-0.90075
-0.53924	-0.90649
-0.53287	-0.91212
-0.52640	-0.91761
-0.51981	-0.92297
-0.51309	-0.92817
-0.50625	-0.93321
-0.49929	-0.93807
-0.49219	-0.94273
-0.48495	-0.94718
-0.47758	-0.95139
-0.47014	-0.95548
-0.46256	-0.95932
-0.45485	-0.96290
-0.44705	-0.96624
-0.43915	-0.96936
-0.43117	-0.97227
-0.42312	-0.97498
-0.41500	-0.97749
-0.40684	-0.97983
-0.39862	-0.98199
-0.39037	-0.98399
-0.38208	-0.98584
-0.37376	-0.98755
-0.36541	-0.98911
-0.35704	-0.99055
-0.34865	-0.99186
-0.34024	-0.99306
-0.33181	-0.99414
-0.32338	-0.99511
-0.31493	-0.99599
-0.30647	-0.99676
-0.29800	-0.99744
-0.28953	-0.99803
-0.28105	-0.99854
-0.27257	-0.99897
-0.26408	-0.99932
-0.25559	-0.99959
-0.24710	-0.99979
-0.23861	-0.99992
-0.23011	-0.99999
-0.22162	-1.00000
-0.21312	-1.00000
-0.20463	-1.00000
-0.19614	-1.00000
-0.18764	-1.00000
-0.17915	-1.00000
-0.17066	-1.00000
-0.16216	-1.00000
-0.15367	-1.00000
-0.14517	-1.00000
-0.13668	-1.00000
-0.12819	-1.00000
-0.11969	-1.00000
-0.11120	-1.00000
-0.10270	-1.00000
-0.09421	-1.00000
-0.08572	-1.00000
-0.07722	-1.00000
-0.06873	-1.00000
-0.06024	-1.00000
-0.05174	-1.00000
-0.04325	-1.00000
-0.03475	-1.00000
-0.02626	-1.00000
-0.01777	-1.00000
-0.00927	-1.00000
-0.00078	-1.00000
0.00772	-1.00000
0.01621	-1.00000
0.02470	-1.00000
0.03320	-1.00000
0.04169	-1.00000
0.05019	-1.00000
0.05868	-1.00000
0.06717	-1.00000
0.07567	-1.00000
0.08416	-1.00000
0.09265	-1.00000
0.10115	-1.00000
0.10964	-1.00000
0.11814	-1.00000
0.12663	-1.00000
0.13512	-1.00000
0.14362	-1.00000
0.15211	-1.00000
0.16061	-1.00000
0.16910	-1.00000
0.17759	-1.00000
0.18609	-1.00000
0.19458	-1.00000
0.20308	-1.00000
0.21157	-1.00000
0.22006	-1.00000
0.22856	-1.00000
0.23705	-1.00000
0.24554	-1.00000
0.25404	-1.00000
0.26253	-1.00000
0.27103	-1.00000
0.27952	-1.00000
0.28801	-1.00000
0.29651	-1.00000
0.30500	-1.00000
0.31350	-1.00000
0.32199	-1.00000
0.33048	-1.00000
0.33898	-1.00000
0.34747	-1.00000
0.35597	-1.00000
0.36446	-1.00000
0.37295	-1.00000
0.38145	-1.00000
0.38994	-1.00000
0.39843	-1.00000
0.40693	-1.00000
0.41542	-1.00000
0.42392	-1.00000
0.43241	-1.00000
0.44090	-1.00000
0.44940	-1.00000
0.45789	-1.00000
0.46639	-1.00000
0.47488	-1.00000
0.48337	-1.00000
0.49187	-1.00000
0.50036	-1.00000
0.50885	-1.00000
0.51735	-1.00000
0.52584	-1.00000
0.53434	-1.00000
0.54283	-1.00000
0.55132	-1.00000
0.55982	-1.00000
0.56831	-1.00000
0.57681	-1.00000
0.58530	-1.00000
0.59379	-1.00000
0.60229	-1.00000
0.61078	-1.00000
0.61928	-1.00000
0.62777	-1.00000
0.63626	-1.00000
0.64476	-1.00000
0.65325	-1.00000
0.66174	-1.00000
0.67024	-1.00000
0.67873	-1.00000
0.68723	-1.00000
0.69572	-1.00000
0.70421	-1.00000
0.71271	-1.00000
0.72120	-1.00000
0.72970	-1.00000
0.73819	-1.00000
0.74668	-1.00000
0.75518	-1.00000
0.76367	-1.00000
0.77217	-1.00000
0.78066	-1.00000
0.78915	-1.00000
0.79765	-1.00000
0.80614	-1.00000
0.81463	-1.00000
0.81673	-0.99360
0.81673	-0.98511
0.81673	-0.97661
0.81673	-0.96812
0.81673	-0.95963
0.81673	-0.95113
0.81673	-0.94264
0.81673	-0.93414
0.81673	-0.92565
0.81673	-0.91716
0.81673	-0.90866
0.81673	-0.90017
0.81673	-0.89167
0.81673	-0.88318
0.81673	-0.87469
0.81673	-0.86619
0.81673	-0.85770
0.81673	-0.84921
0.81673	-0.84071
0.81673	-0.83222
0.81673	-0.82372
0.81673	-0.81523
0.81673	-0.80674
0.81673	-0.79824
0.81673	-0.78975
0.81673	-0.78125
0.81673	-0.77276
0.81673	-0.76427
0.81673	-0.75577
0.81673	-0.74728
0.81673	-0.73878
0.81673	-0.73029
0.81673	-0.72180
0.81673	-0.71330
0.81673	-0.70481
0.81673	-0.69632
0.81387	-0.69068
0.80537	-0.69068
0.79688	-0.69068
0.78838	-0.69068
0.77989	-0.69068
0.77140	-0.69068
0.76290	-0.69068
0.75441	-0.69068
0.74592	-0.69068
0.73742	-0.69068
0.72893	-0.69068
0.72043	-0.69068
0.71194	-0.69068
0.70345	-0.69068
0.69495	-0.69068
0.68646	-0.69068
0.67796	-0.69068
0.66947	-0.69068
0.66098	-0.69068
0.65248	-0.69068
0.64399	-0.69068
0.63549	-0.69068
0.62700	-0.69068
0.61851	-0.69068
0.61001	-0.69068
0.60152	-0.69068
0.59303	-0.69068
0.58453	-0.69068
0.57604	-0.69068
0.56754	-0.69068
0.55905	-0.69068
0.55056	-0.69068
0.54206	-0.69068
0.53357	-0.69068
0.52507	-0.69068
0.51658	-0.69068
0.50809	-0.69068
0.49959	-0.69068
0.49110	-0.69068
0.48260	-0.69068
0.47411	-0.69068
0.46562	-0.69068
0.45712	-0.69068
0.44863	-0.69068
0.44014	-0.69068
0.43164	-0.69068
0.42315	-0.69068
0.41465	-0.69068
0.40616	-0.69068
0.39767	-0.69068
0.38917	-0.69068
0.38068	-0.69068
0.37218	-0.69068
0.36369	-0.69068
0.35520	-0.69068
0.34670	-0.69068
0.33821	-0.69068
0.32971	-0.69068
0.32122	-0.69068
0.31273	-0.69068
0.30423	-0.69068
0.29574	-0.69068
0.28725	-0.69068
0.27875	-0.69068
0.27026	-0.69068
0.26176	-0.69068
0.25327	-0.69068
0.24478	-0.69068
0.23628	-0.69068
0.22779	-0.69068
0.21929	-0.69068
0.21080	-0.69068
